
0,110215,,0,0,->,0,1,->,0,2,->,0,3,->,0,4,->,0,5,->,0,6,->,0,7,->,0,8,->,0,9,->,0,10,->,0,11,->,0,12,->,0,13,->,0,14,->,0,15,->,0,16,->,0,17,->,0,18,->,0,19,->,0,20,->,0,21,->,0,22,->,0,23,->,0,24,->,0,25,->,0,26,->,0,27,->,0,28,->,0,29,->,0,30,->,0,31,->,0,32,->,0,33,->,0,34,->,0,35,->,0,36,->,0,37,->,0,38,->,0,39,->,0,40,->,0,41,->,0,42,->,0,43,->,0,44,->,0,45,->,0,46,->,0,47,->,0,48,->,0,49,->,0,50,->,0,51,->,0,52,->,0,53,->,0,54,->,0,55,->,0,56,->,0,57,->,0,58,->,0,59,->,0,60,->,0,61,->,0,62,->,0,63,->,0,64,->,0,65,->,0,66,->,0,67,->,0,68,->,0,69,->,0,70,->,0,71,->,0,72,->,0,73,->,0,74,->,0,75,->,0,76,->,0,77,->,0,78,->,0,79,->,0,80,->,0,81,->,0,82,->,0,83,->,0,84,->,0,85,->,0,86,->,0,87,->,0,88,->,0,89,->,0,90,->,0,91,->,0,92,->,0,93,->,0,94,->,0,95,->,0,96,->,0,97,->,0,98,->,0,99,->,0,100,->,0,101,->,0,102,->,0,103,->,0,104,->,0,105,->,0,106,->,0,107,->,0,108,->,0,109,->,0,110,->,0,111,->,0,112,->,0,113,->,0,114,->,0,115,->,0,116,->,0,117,->,0,118,->,0,119,->,0,120,->,0,121,->,0,122,->,0,123,->,0,124,->,0,125,->,0,126,->,0,127,->,0,128,->,0,129,->,0,130,->,0,131,->,0,132,->,0,133,->,0,134,->,0,135,->,0,136,->,0,137,->,0,138,->,0,139,->,0,140,->,0,141,->,0,142,->,0,143,->,0,144,->,0,145,->,0,146,->,0,147,->,0,148,->,0,149,->,0,150,->,0,151,->,0,152,->,0,153,->,0,154,->,0,155,->,0,156,->,0,157,->,0,158,->,0,159,->,0,160,->,0,161,->,0,162,->,0,163,->,0,164,->,0,165,->,0,166,->,0,167,->,0,168,->,0,169,->,0,170,->,0,171,->,0,172,->,0,173,->,0,174,->,0,175,->,0,176,->,0,177,->,0,178,->,0,179,->,0,180,->,0,181,->,0,182,->,0,183,->,0,184,->,0,185,->,0,186,->,0,187,->,0,188,->,0,189,->,0,190,->,0,191,->,0,192,->,0,193,->,0,194,->,0,195,->,0,196,->,0,197,->,0,198,->,0,199,->,0,201,->,0,202,->,0,203,->,0,204,->,0,205,->,0,206,->,0,207,->,0,208,->,0,209,->,0,210,->,0,211,->,0,212,->,0,213,->,0,214,->,0,215,->,0,216,->,0,217,->,0,218,->,0,219,->,0,220,->,0,221,->,0,222,->,0,223,->,0,224,->,0,225,->,0,226,->,0,227,->,0,228,->,0,229,->,0,230,->,0,231,->,0,232,->,0,233,->,0,234,->,0,235,->,0,236,->,0,237,->,0,238,->,0,239,->,0,240,->,0,241,->,0,242,->,0,243,->,0,244,->,0,245,->,0,246,->,0,247,->,0,248,->,0,249,->,0,250,->,0,251,->,0,252,->,0,253,->,0,254,->,0,255,->,0,256,->,0,257,->,0,258,->,0,259,->,0,260,->,0,261,->,0,262,->,0,263,->,0,264,->,0,265,->,0,266,->,0,267,->,0,268,->,0,269,->,0,270,->,0,271,->,0,272,->,0,273,->,0,274,->,0,275,->,0,276,->,0,277,->,0,278,->,0,279,->,0,280,->,0,281,->,0,282,->,0,283,->,0,284,->,0,285,->,0,286,->,0,287,->,0,288,->,0,289,->,0,290,->,0,291,->,0,292,->,0,293,->,0,294,->,0,295,->,0,296,->,0,297,->,0,298,->,0,299,->,0,300,->,0,301,->,0,302,->,0,303,->,1,0,->,1,1,->,1,2,->,1,3,->,1,4,->,1,5,->,1,6,->,1,7,->,1,8,->,1,9,->,1,10,->,1,11,->,1,12,->,1,13,->,1,14,->,1,15,->,1,16,->,1,17,->,1,18,->,1,19,->,1,20,->,1,21,->,1,22,->,1,23,->,1,24,->,1,25,->,1,26,->,1,27,->,1,28,->,1,29,->,1,30,->,1,31,->,1,32,->,1,33,->,1,34,->,1,35,->,1,36,->,1,37,->,1,38,->,1,39,->,1,40,->,1,41,->,1,42,->,1,43,->,1,44,->,1,45,->,1,46,->,1,47,->,1,48,->,1,49,->,1,50,->,1,51,->,1,52,->,1,53,->,1,54,->,1,55,->,1,56,->,1,57,->,1,58,->,1,59,->,1,60,->,1,61,->,1,62,->,1,63,->,1,64,->,1,65,->,1,66,->,1,67,->,1,68,->,1,69,->,1,70,->,1,71,->,1,72,->,1,73,->,1,74,->,1,75,->,1,76,->,1,77,->,1,78,->,1,79,->,1,80,->,1,81,->,1,82,->,1,83,->,1,84,->,1,85,->,1,86,->,1,87,->,1,88,->,1,89,->,1,90,->,1,91,->,1,92,->,1,93,->,1,94,->,1,95,->,1,96,->,1,97,->,1,98,->,1,99,->,1,100,->,1,101,->,1,102,->,1,103,->,1,104,->,1,105,->,1,106,->,1,107,->,1,108,->,1,109,->,1,110,->,1,111,->,1,112,->,1,113,->,1,114,->,1,115,->,1,116,->,1,117,->,1,118,->,1,119,->,1,120,->,1,121,->,1,122,->,1,123,->,1,124,->,1,125,->,1,126,->,1,127,->,1,128,->,1,129,->,1,130,->,1,131,->,1,132,->,1,133,->,1,134,->,1,135,->,1,136,->,1,137,->,1,138,->,1,139,->,1,140,->,1,141,->,1,142,->,1,143,->,1,144,->,1,145,->,1,146,->,1,147,->,1,148,->,1,149,->,1,150,->,1,151,->,1,152,->,1,153,->,1,154,->,1,155,->,1,156,->,1,157,->,1,158,->,1,159,->,1,160,->,1,161,->,1,162,->,1,163,->,1,164,->,1,165,->,1,166,->,1,167,->,1,168,->,1,169,->,1,170,->,1,171,->,1,172,->,1,173,->,1,174,->,1,175,->,1,176,->,1,177,->,1,178,->,1,179,->,1,180,->,1,181,->,1,182,->,1,183,->,1,184,->,1,185,->,1,186,->,1,187,->,1,188,->,1,189,->,1,190,->,1,191,->,1,192,->,1,193,->,1,194,->,1,195,->,1,196,->,1,197,->,1,198,->,1,199,->,1,200,->,1,201,->,1,202,->,1,203,->,1,204,->,1,205,->,1,206,->,1,207,->,1,208,->,1,209,->,1,210,->,1,211,->,1,212,->,1,213,->,1,214,->,1,215,->,1,216,->,1,217,->,1,218,->,1,219,->,1,220,->,1,221,->,1,222,->,1,223,->,1,224,->,1,225,->,1,226,->,1,227,->,1,228,->,1,229,->,1,230,->,1,231,->,1,232,->,1,233,->,1,234,->,1,235,->,1,236,->,1,237,->,1,238,->,1,239,->,1,240,->,1,241,->,1,242,->,1,243,->,1,244,->,1,245,->,1,246,->,1,247,->,1,248,->,1,249,->,1,250,->,1,251,->,1,252,->,1,253,->,1,254,->,1,255,->,1,256,->,1,257,->,1,258,->,1,259,->,1,260,->,1,261,->,1,262,->,1,263,->,1,264,->,1,265,->,1,266,->,1,267,->,1,268,->,1,269,->,1,270,->,1,271,->,1,272,->,1,273,->,1,274,->,1,275,->,1,276,->,1,277,->,1,278,->,1,279,->,1,280,->,1,281,->,1,282,->,1,283,->,1,284,->,1,285,->,1,286,->,1,287,->,1,288,->,1,289,->,1,290,->,1,291,->,1,292,->,1,293,->,1,294,->,1,295,->,1,296,->,1,297,->,1,298,->,1,299,->,1,300,->,1,301,->,1,302,->,1,303,->,2,0,->,2,1,->,2,2,->,2,3,->,2,4,->,2,5,->,2,6,->,2,7,->,2,8,->,2,9,->,2,10,->,2,11,->,2,12,->,2,13,->,2,14,->,2,15,->,2,16,->,2,17,->,2,18,->,2,19,->,2,20,->,2,21,->,2,22,->,2,23,->,2,24,->,2,25,->,2,26,->,2,27,->,2,28,->,2,29,->,2,30,->,2,31,->,2,32,->,2,33,->,2,34,->,2,35,->,2,36,->,2,37,->,2,38,->,2,39,->,2,40,->,2,41,->,2,42,->,2,43,->,2,44,->,2,45,->,2,46,->,2,47,->,2,48,->,2,49,->,2,50,->,2,51,->,2,52,->,2,53,->,2,54,->,2,55,->,2,56,->,2,57,->,2,58,->,2,59,->,2,60,->,2,61,->,2,62,->,2,63,->,2,64,->,2,65,->,2,66,->,2,67,->,2,68,->,2,69,->,2,70,->,2,71,->,2,72,->,2,73,->,2,74,->,2,75,->,2,76,->,2,77,->,2,78,->,2,79,->,2,80,->,2,81,->,2,82,->,2,83,->,2,84,->,2,85,->,2,86,->,2,87,->,2,88,->,2,89,->,2,90,->,2,91,->,2,92,->,2,93,->,2,94,->,2,95,->,2,96,->,2,97,->,2,98,->,2,99,->,2,100,->,2,101,->,2,102,->,2,103,->,2,104,->,2,105,->,2,106,->,2,107,->,2,108,->,2,109,->,2,110,->,2,111,->,2,112,->,2,113,->,2,114,->,2,115,->,2,116,->,2,117,->,2,118,->,2,119,->,2,120,->,2,121,->,2,122,->,2,123,->,2,124,->,2,125,->,2,126,->,2,127,->,2,128,->,2,129,->,2,130,->,2,131,->,2,132,->,2,133,->,2,134,->,2,135,->,2,136,->,2,137,->,2,138,->,2,139,->,2,140,->,2,141,->,2,142,->,2,143,->,2,144,->,2,145,->,2,146,->,2,147,->,2,148,->,2,149,->,2,150,->,2,151,->,2,152,->,2,153,->,2,154,->,2,155,->,2,156,->,2,158,->,2,159,->,2,161,->,2,164,->,2,166,->,2,168,->,2,173,->,2,174,->,2,175,->,2,176,->,2,177,->,2,178,->,2,179,->,2,180,->,2,181,->,2,182,->,2,183,->,2,184,->,2,185,->,2,186,->,2,187,->,2,188,->,2,189,->,2,190,->,2,191,->,2,192,->,2,193,->,2,194,->,2,195,->,2,196,->,2,197,->,2,198,->,2,199,->,2,200,->,2,201,->,2,202,->,2,203,->,2,204,->,2,205,->,2,206,->,2,207,->,2,208,->,2,209,->,2,210,->,2,211,->,2,212,->,2,213,->,2,214,->,2,215,->,2,216,->,2,217,->,2,218,->,2,219,->,2,220,->,2,221,->,2,222,->,2,223,->,2,224,->,2,225,->,2,226,->,2,227,->,2,228,->,2,229,->,2,230,->,2,231,->,2,232,->,2,233,->,2,234,->,2,235,->,2,236,->,2,237,->,2,238,->,2,239,->,2,240,->,2,241,->,2,242,->,2,243,->,2,244,->,2,245,->,2,246,->,2,247,->,2,248,->,2,249,->,2,250,->,2,251,->,2,252,->,2,253,->,2,254,->,2,255,->,2,256,->,2,257,->,2,258,->,2,259,->,2,260,->,2,261,->,2,262,->,2,263,->,2,264,->,2,265,->,2,266,->,2,267,->,2,268,->,2,269,->,2,270,->,2,271,->,2,272,->,2,273,->,2,274,->,2,275,->,2,276,->,2,277,->,2,278,->,2,279,->,2,280,->,2,281,->,2,282,->,2,283,->,2,284,->,2,285,->,2,286,->,2,287,->,2,288,->,2,289,->,2,290,->,2,291,->,2,292,->,2,293,->,2,294,->,2,295,->,2,296,->,2,297,->,2,298,->,2,299,->,2,300,->,2,301,->,2,302,->,2,303,->,3,0,->,3,1,->,3,2,->,3,3,->,3,4,->,3,5,->,3,6,->,3,7,->,3,8,->,3,9,->,3,10,->,3,11,->,3,12,->,3,13,->,3,14,->,3,15,->,3,16,->,3,17,->,3,18,->,3,19,->,3,20,->,3,21,->,3,22,->,3,23,->,3,24,->,3,25,->,3,26,->,3,27,->,3,28,->,3,29,->,3,30,->,3,31,->,3,32,->,3,33,->,3,34,->,3,35,->,3,36,->,3,37,->,3,38,->,3,39,->,3,40,->,3,41,->,3,42,->,3,43,->,3,44,->,3,45,->,3,46,->,3,47,->,3,48,->,3,49,->,3,50,->,3,51,->,3,52,->,3,53,->,3,54,->,3,55,->,3,56,->,3,57,->,3,58,->,3,59,->,3,60,->,3,61,->,3,62,->,3,63,->,3,64,->,3,65,->,3,66,->,3,67,->,3,68,->,3,69,->,3,70,->,3,71,->,3,72,->,3,73,->,3,74,->,3,75,->,3,76,->,3,77,->,3,78,->,3,79,->,3,80,->,3,81,->,3,82,->,3,83,->,3,84,->,3,85,->,3,86,->,3,87,->,3,88,->,3,89,->,3,90,->,3,91,->,3,92,->,3,93,->,3,94,->,3,95,->,3,96,->,3,97,->,3,98,->,3,99,->,3,100,->,3,101,->,3,102,->,3,103,->,3,104,->,3,105,->,3,106,->,3,107,->,3,108,->,3,109,->,3,110,->,3,111,->,3,112,->,3,113,->,3,114,->,3,115,->,3,116,->,3,117,->,3,118,->,3,119,->,3,120,->,3,121,->,3,122,->,3,123,->,3,124,->,3,125,->,3,126,->,3,127,->,3,128,->,3,129,->,3,130,->,3,131,->,3,132,->,3,133,->,3,134,->,3,135,->,3,136,->,3,137,->,3,138,->,3,139,->,3,140,->,3,141,->,3,142,->,3,143,->,3,144,->,3,145,->,3,146,->,3,147,->,3,148,->,3,149,->,3,150,->,3,151,->,3,152,->,3,154,->,3,155,->,3,157,->,3,158,->,3,161,->,3,165,->,3,168,->,3,171,->,3,172,->,3,173,->,3,174,->,3,176,->,3,177,->,3,178,->,3,179,->,3,180,->,3,181,->,3,182,->,3,183,->,3,184,->,3,185,->,3,186,->,3,187,->,3,188,->,3,189,->,3,190,->,3,191,->,3,192,->,3,193,->,3,194,->,3,195,->,3,196,->,3,197,->,3,198,->,3,199,->,3,200,->,3,201,->,3,202,->,3,203,->,3,204,->,3,205,->,3,206,->,3,207,->,3,208,->,3,209,->,3,210,->,3,211,->,3,212,->,3,213,->,3,214,->,3,215,->,3,216,->,3,217,->,3,218,->,3,219,->,3,220,->,3,221,->,3,222,->,3,223,->,3,224,->,3,225,->,3,226,->,3,227,->,3,228,->,3,229,->,3,230,->,3,231,->,3,232,->,3,233,->,3,234,->,3,235,->,3,236,->,3,237,->,3,238,->,3,239,->,3,240,->,3,241,->,3,242,->,3,243,->,3,244,->,3,245,->,3,246,->,3,247,->,3,248,->,3,249,->,3,250,->,3,251,->,3,252,->,3,253,->,3,254,->,3,255,->,3,256,->,3,257,->,3,258,->,3,259,->,3,260,->,3,261,->,3,262,->,3,263,->,3,264,->,3,265,->,3,266,->,3,267,->,3,268,->,3,269,->,3,270,->,3,271,->,3,272,->,3,273,->,3,274,->,3,275,->,3,276,->,3,277,->,3,278,->,3,279,->,3,280,->,3,281,->,3,282,->,3,283,->,3,284,->,3,285,->,3,286,->,3,287,->,3,288,->,3,289,->,3,290,->,3,291,->,3,292,->,3,293,->,3,294,->,3,295,->,3,296,->,3,297,->,3,298,->,3,299,->,3,300,->,3,301,->,3,302,->,3,303,->,4,0,->,4,1,->,4,2,->,4,3,->,4,4,->,4,5,->,4,6,->,4,7,->,4,8,->,4,9,->,4,10,->,4,11,->,4,12,->,4,13,->,4,14,->,4,15,->,4,16,->,4,17,->,4,18,->,4,19,->,4,20,->,4,21,->,4,22,->,4,23,->,4,24,->,4,25,->,4,26,->,4,27,->,4,28,->,4,29,->,4,30,->,4,31,->,4,32,->,4,33,->,4,34,->,4,35,->,4,36,->,4,37,->,4,38,->,4,39,->,4,40,->,4,41,->,4,42,->,4,43,->,4,44,->,4,45,->,4,46,->,4,47,->,4,48,->,4,49,->,4,50,->,4,51,->,4,52,->,4,53,->,4,54,->,4,55,->,4,56,->,4,57,->,4,58,->,4,59,->,4,60,->,4,61,->,4,62,->,4,63,->,4,64,->,4,65,->,4,66,->,4,67,->,4,68,->,4,69,->,4,70,->,4,71,->,4,72,->,4,73,->,4,74,->,4,75,->,4,76,->,4,77,->,4,78,->,4,79,->,4,80,->,4,81,->,4,82,->,4,83,->,4,84,->,4,85,->,4,86,->,4,87,->,4,88,->,4,89,->,4,90,->,4,91,->,4,92,->,4,93,->,4,94,->,4,95,->,4,96,->,4,97,->,4,98,->,4,99,->,4,100,->,4,101,->,4,102,->,4,103,->,4,104,->,4,105,->,4,106,->,4,107,->,4,108,->,4,109,->,4,110,->,4,111,->,4,112,->,4,113,->,4,114,->,4,115,->,4,116,->,4,117,->,4,118,->,4,119,->,4,120,->,4,121,->,4,122,->,4,123,->,4,124,->,4,125,->,4,126,->,4,127,->,4,128,->,4,129,->,4,130,->,4,131,->,4,132,->,4,133,->,4,134,->,4,135,->,4,136,->,4,137,->,4,138,->,4,139,->,4,140,->,4,141,->,4,142,->,4,143,->,4,144,->,4,145,->,4,146,->,4,147,->,4,148,->,4,149,->,4,150,->,4,152,->,4,153,->,4,155,->,4,157,->,4,158,->,4,162,->,4,167,->,4,168,->,4,170,->,4,172,->,4,174,->,4,175,->,4,176,->,4,177,->,4,178,->,4,179,->,4,180,->,4,181,->,4,182,->,4,183,->,4,184,->,4,185,->,4,186,->,4,187,->,4,188,->,4,189,->,4,190,->,4,191,->,4,192,->,4,193,->,4,194,->,4,195,->,4,196,->,4,197,->,4,198,->,4,199,->,4,200,->,4,201,->,4,202,->,4,203,->,4,204,->,4,205,->,4,206,->,4,207,->,4,208,->,4,209,->,4,210,->,4,211,->,4,212,->,4,213,->,4,214,->,4,215,->,4,216,->,4,217,->,4,218,->,4,219,->,4,220,->,4,221,->,4,222,->,4,223,->,4,224,->,4,225,->,4,226,->,4,227,->,4,228,->,4,229,->,4,230,->,4,231,->,4,232,->,4,233,->,4,234,->,4,235,->,4,236,->,4,237,->,4,238,->,4,239,->,4,240,->,4,241,->,4,242,->,4,243,->,4,244,->,4,245,->,4,246,->,4,247,->,4,248,->,4,249,->,4,250,->,4,251,->,4,252,->,4,253,->,4,254,->,4,255,->,4,256,->,4,257,->,4,258,->,4,259,->,4,260,->,4,261,->,4,262,->,4,263,->,4,264,->,4,265,->,4,266,->,4,267,->,4,268,->,4,269,->,4,270,->,4,271,->,4,272,->,4,273,->,4,274,->,4,275,->,4,276,->,4,277,->,4,278,->,4,279,->,4,280,->,4,281,->,4,282,->,4,283,->,4,284,->,4,285,->,4,286,->,4,287,->,4,288,->,4,289,->,4,290,->,4,291,->,4,292,->,4,293,->,4,294,->,4,295,->,4,296,->,4,297,->,4,298,->,4,299,->,4,300,->,4,301,->,4,302,->,4,303,->,5,0,->,5,1,->,5,2,->,5,3,->,5,4,->,5,5,->,5,6,->,5,7,->,5,8,->,5,9,->,5,10,->,5,11,->,5,12,->,5,13,->,5,14,->,5,15,->,5,16,->,5,17,->,5,18,->,5,19,->,5,20,->,5,21,->,5,22,->,5,23,->,5,24,->,5,25,->,5,26,->,5,27,->,5,28,->,5,29,->,5,30,->,5,31,->,5,32,->,5,33,->,5,34,->,5,35,->,5,36,->,5,37,->,5,38,->,5,39,->,5,40,->,5,41,->,5,42,->,5,43,->,5,44,->,5,45,->,5,46,->,5,47,->,5,48,->,5,49,->,5,50,->,5,51,->,5,52,->,5,53,->,5,54,->,5,55,->,5,56,->,5,57,->,5,58,->,5,59,->,5,60,->,5,61,->,5,62,->,5,63,->,5,64,->,5,65,->,5,66,->,5,67,->,5,68,->,5,69,->,5,70,->,5,71,->,5,72,->,5,73,->,5,74,->,5,75,->,5,76,->,5,77,->,5,78,->,5,79,->,5,80,->,5,81,->,5,82,->,5,83,->,5,84,->,5,85,->,5,86,->,5,87,->,5,88,->,5,89,->,5,90,->,5,91,->,5,92,->,5,93,->,5,94,->,5,95,->,5,96,->,5,97,->,5,98,->,5,99,->,5,100,->,5,101,->,5,102,->,5,103,->,5,104,->,5,105,->,5,106,->,5,107,->,5,108,->,5,109,->,5,110,->,5,111,->,5,112,->,5,113,->,5,114,->,5,115,->,5,116,->,5,117,->,5,118,->,5,119,->,5,120,->,5,121,->,5,122,->,5,123,->,5,124,->,5,125,->,5,126,->,5,127,->,5,128,->,5,129,->,5,130,->,5,131,->,5,132,->,5,133,->,5,134,->,5,135,->,5,136,->,5,137,->,5,138,->,5,139,->,5,140,->,5,141,->,5,142,->,5,143,->,5,144,->,5,145,->,5,146,->,5,147,->,5,148,->,5,150,->,5,152,->,5,154,->,5,156,->,5,157,->,5,162,->,5,164,->,5,165,->,5,167,->,5,168,->,5,169,->,5,172,->,5,173,->,5,174,->,5,175,->,5,176,->,5,177,->,5,178,->,5,179,->,5,180,->,5,181,->,5,182,->,5,183,->,5,184,->,5,185,->,5,186,->,5,187,->,5,188,->,5,189,->,5,190,->,5,191,->,5,192,->,5,193,->,5,194,->,5,195,->,5,196,->,5,197,->,5,198,->,5,199,->,5,200,->,5,201,->,5,202,->,5,203,->,5,204,->,5,205,->,5,206,->,5,207,->,5,208,->,5,209,->,5,210,->,5,211,->,5,212,->,5,213,->,5,214,->,5,215,->,5,216,->,5,217,->,5,218,->,5,219,->,5,220,->,5,221,->,5,222,->,5,223,->,5,224,->,5,225,->,5,226,->,5,227,->,5,228,->,5,229,->,5,230,->,5,231,->,5,232,->,5,233,->,5,234,->,5,235,->,5,236,->,5,237,->,5,238,->,5,239,->,5,240,->,5,241,->,5,242,->,5,243,->,5,244,->,5,245,->,5,246,->,5,247,->,5,248,->,5,249,->,5,250,->,5,251,->,5,252,->,5,253,->,5,254,->,5,255,->,5,256,->,5,257,->,5,258,->,5,259,->,5,260,->,5,261,->,5,262,->,5,263,->,5,264,->,5,265,->,5,266,->,5,267,->,5,268,->,5,269,->,5,270,->,5,271,->,5,272,->,5,273,->,5,274,->,5,275,->,5,276,->,5,277,->,5,278,->,5,279,->,5,280,->,5,281,->,5,282,->,5,283,->,5,284,->,5,285,->,5,286,->,5,287,->,5,288,->,5,289,->,5,290,->,5,291,->,5,292,->,5,293,->,5,294,->,5,295,->,5,296,->,5,297,->,5,298,->,5,299,->,5,300,->,5,301,->,5,302,->,5,303,->,6,0,->,6,1,->,6,2,->,6,3,->,6,4,->,6,5,->,6,6,->,6,7,->,6,8,->,6,9,->,6,10,->,6,11,->,6,12,->,6,13,->,6,14,->,6,15,->,6,16,->,6,17,->,6,18,->,6,19,->,6,20,->,6,21,->,6,22,->,6,23,->,6,24,->,6,25,->,6,26,->,6,27,->,6,28,->,6,29,->,6,30,->,6,31,->,6,32,->,6,33,->,6,34,->,6,35,->,6,36,->,6,37,->,6,38,->,6,39,->,6,40,->,6,41,->,6,42,->,6,43,->,6,44,->,6,45,->,6,46,->,6,47,->,6,48,->,6,49,->,6,50,->,6,51,->,6,52,->,6,53,->,6,54,->,6,55,->,6,56,->,6,57,->,6,58,->,6,59,->,6,60,->,6,61,->,6,62,->,6,63,->,6,64,->,6,65,->,6,66,->,6,67,->,6,68,->,6,69,->,6,70,->,6,71,->,6,72,->,6,73,->,6,74,->,6,75,->,6,76,->,6,77,->,6,78,->,6,79,->,6,80,->,6,81,->,6,82,->,6,83,->,6,84,->,6,85,->,6,86,->,6,87,->,6,88,->,6,89,->,6,90,->,6,91,->,6,92,->,6,93,->,6,94,->,6,95,->,6,96,->,6,97,->,6,98,->,6,99,->,6,100,->,6,101,->,6,102,->,6,103,->,6,104,->,6,105,->,6,106,->,6,107,->,6,108,->,6,109,->,6,110,->,6,111,->,6,112,->,6,113,->,6,114,->,6,115,->,6,116,->,6,117,->,6,118,->,6,119,->,6,120,->,6,121,->,6,124,->,6,125,->,6,126,->,6,127,->,6,128,->,6,129,->,6,130,->,6,131,->,6,132,->,6,133,->,6,134,->,6,135,->,6,136,->,6,137,->,6,138,->,6,139,->,6,140,->,6,141,->,6,142,->,6,143,->,6,144,->,6,145,->,6,146,->,6,148,->,6,149,->,6,152,->,6,153,->,6,156,->,6,159,->,6,163,->,6,164,->,6,165,->,6,166,->,6,167,->,6,168,->,6,169,->,6,170,->,6,171,->,6,172,->,6,173,->,6,174,->,6,175,->,6,176,->,6,177,->,6,178,->,6,179,->,6,180,->,6,181,->,6,182,->,6,183,->,6,184,->,6,185,->,6,186,->,6,187,->,6,188,->,6,189,->,6,190,->,6,191,->,6,192,->,6,193,->,6,194,->,6,195,->,6,196,->,6,197,->,6,198,->,6,199,->,6,200,->,6,201,->,6,202,->,6,203,->,6,204,->,6,205,->,6,206,->,6,207,->,6,208,->,6,209,->,6,210,->,6,211,->,6,212,->,6,213,->,6,214,->,6,215,->,6,216,->,6,217,->,6,218,->,6,219,->,6,220,->,6,221,->,6,222,->,6,223,->,6,224,->,6,225,->,6,226,->,6,227,->,6,228,->,6,229,->,6,230,->,6,231,->,6,232,->,6,233,->,6,234,->,6,235,->,6,236,->,6,237,->,6,238,->,6,239,->,6,240,->,6,241,->,6,242,->,6,243,->,6,244,->,6,245,->,6,246,->,6,247,->,6,248,->,6,249,->,6,250,->,6,251,->,6,252,->,6,253,->,6,254,->,6,255,->,6,256,->,6,257,->,6,258,->,6,259,->,6,260,->,6,261,->,6,262,->,6,263,->,6,264,->,6,265,->,6,266,->,6,267,->,6,268,->,6,269,->,6,270,->,6,271,->,6,272,->,6,273,->,6,274,->,6,275,->,6,276,->,6,277,->,6,278,->,6,279,->,6,280,->,6,281,->,6,282,->,6,283,->,6,284,->,6,285,->,6,286,->,6,287,->,6,288,->,6,289,->,6,290,->,6,291,->,6,292,->,6,293,->,6,294,->,6,295,->,6,296,->,6,297,->,6,298,->,6,299,->,6,300,->,6,301,->,6,302,->,6,303,->,7,0,->,7,1,->,7,2,->,7,3,->,7,4,->,7,5,->,7,6,->,7,7,->,7,8,->,7,9,->,7,10,->,7,11,->,7,12,->,7,13,->,7,14,->,7,15,->,7,16,->,7,17,->,7,18,->,7,19,->,7,20,->,7,21,->,7,22,->,7,23,->,7,24,->,7,25,->,7,26,->,7,27,->,7,28,->,7,29,->,7,30,->,7,31,->,7,32,->,7,33,->,7,34,->,7,35,->,7,36,->,7,37,->,7,38,->,7,39,->,7,40,->,7,41,->,7,42,->,7,43,->,7,44,->,7,45,->,7,46,->,7,47,->,7,48,->,7,49,->,7,50,->,7,51,->,7,52,->,7,53,->,7,54,->,7,55,->,7,56,->,7,57,->,7,58,->,7,59,->,7,60,->,7,61,->,7,62,->,7,63,->,7,64,->,7,65,->,7,66,->,7,67,->,7,68,->,7,69,->,7,70,->,7,71,->,7,72,->,7,73,->,7,74,->,7,75,->,7,76,->,7,77,->,7,78,->,7,79,->,7,80,->,7,81,->,7,82,->,7,83,->,7,84,->,7,85,->,7,86,->,7,87,->,7,88,->,7,89,->,7,90,->,7,91,->,7,92,->,7,93,->,7,94,->,7,95,->,7,96,->,7,97,->,7,98,->,7,99,->,7,100,->,7,101,->,7,102,->,7,103,->,7,104,->,7,105,->,7,106,->,7,107,->,7,108,->,7,109,->,7,110,->,7,111,->,7,112,->,7,113,->,7,114,->,7,115,->,7,116,->,7,117,->,7,121,->,7,123,->,7,124,->,7,125,->,7,126,->,7,127,->,7,128,->,7,129,->,7,130,->,7,131,->,7,132,->,7,133,->,7,134,->,7,135,->,7,136,->,7,137,->,7,138,->,7,139,->,7,140,->,7,141,->,7,142,->,7,145,->,7,147,->,7,148,->,7,149,->,7,150,->,7,152,->,7,154,->,7,155,->,7,156,->,7,157,->,7,160,->,7,161,->,7,162,->,7,163,->,7,165,->,7,166,->,7,170,->,7,171,->,7,172,->,7,173,->,7,174,->,7,175,->,7,176,->,7,177,->,7,178,->,7,179,->,7,180,->,7,181,->,7,182,->,7,183,->,7,184,->,7,185,->,7,186,->,7,187,->,7,188,->,7,189,->,7,190,->,7,191,->,7,192,->,7,193,->,7,194,->,7,195,->,7,196,->,7,197,->,7,198,->,7,199,->,7,200,->,7,201,->,7,202,->,7,203,->,7,204,->,7,205,->,7,206,->,7,207,->,7,208,->,7,209,->,7,210,->,7,211,->,7,212,->,7,213,->,7,214,->,7,215,->,7,216,->,7,217,->,7,218,->,7,219,->,7,220,->,7,221,->,7,222,->,7,223,->,7,224,->,7,225,->,7,226,->,7,227,->,7,228,->,7,229,->,7,230,->,7,231,->,7,232,->,7,233,->,7,234,->,7,235,->,7,236,->,7,237,->,7,238,->,7,239,->,7,240,->,7,241,->,7,242,->,7,243,->,7,244,->,7,245,->,7,246,->,7,247,->,7,248,->,7,249,->,7,250,->,7,251,->,7,252,->,7,253,->,7,254,->,7,255,->,7,256,->,7,257,->,7,258,->,7,259,->,7,260,->,7,261,->,7,262,->,7,263,->,7,264,->,7,265,->,7,266,->,7,267,->,7,268,->,7,269,->,7,270,->,7,271,->,7,272,->,7,273,->,7,274,->,7,275,->,7,276,->,7,277,->,7,278,->,7,279,->,7,280,->,7,281,->,7,282,->,7,283,->,7,284,->,7,285,->,7,286,->,7,287,->,7,288,->,7,289,->,7,290,->,7,291,->,7,292,->,7,293,->,7,294,->,7,295,->,7,296,->,7,297,->,7,298,->,7,299,->,7,300,->,7,301,->,7,302,->,7,303,->,8,0,->,8,1,->,8,2,->,8,3,->,8,4,->,8,5,->,8,6,->,8,7,->,8,8,->,8,9,->,8,10,->,8,11,->,8,12,->,8,13,->,8,14,->,8,15,->,8,16,->,8,17,->,8,18,->,8,19,->,8,20,->,8,21,->,8,22,->,8,23,->,8,24,->,8,25,->,8,26,->,8,27,->,8,28,->,8,29,->,8,30,->,8,31,->,8,32,->,8,33,->,8,34,->,8,35,->,8,36,->,8,37,->,8,38,->,8,39,->,8,40,->,8,41,->,8,42,->,8,43,->,8,44,->,8,45,->,8,46,->,8,47,->,8,48,->,8,49,->,8,50,->,8,51,->,8,52,->,8,53,->,8,54,->,8,55,->,8,56,->,8,57,->,8,58,->,8,59,->,8,60,->,8,61,->,8,62,->,8,63,->,8,64,->,8,65,->,8,66,->,8,67,->,8,68,->,8,69,->,8,70,->,8,71,->,8,72,->,8,73,->,8,74,->,8,75,->,8,76,->,8,77,->,8,78,->,8,79,->,8,80,->,8,81,->,8,82,->,8,83,->,8,84,->,8,85,->,8,86,->,8,87,->,8,88,->,8,89,->,8,90,->,8,91,->,8,92,->,8,93,->,8,94,->,8,95,->,8,96,->,8,97,->,8,98,->,8,99,->,8,100,->,8,101,->,8,102,->,8,103,->,8,104,->,8,105,->,8,106,->,8,107,->,8,108,->,8,109,->,8,110,->,8,111,->,8,112,->,8,113,->,8,114,->,8,115,->,8,121,->,8,123,->,8,124,->,8,125,->,8,126,->,8,127,->,8,128,->,8,129,->,8,130,->,8,131,->,8,132,->,8,133,->,8,134,->,8,135,->,8,136,->,8,137,->,8,138,->,8,139,->,8,140,->,8,141,->,8,143,->,8,145,->,8,148,->,8,149,->,8,152,->,8,153,->,8,155,->,8,156,->,8,158,->,8,159,->,8,160,->,8,161,->,8,163,->,8,164,->,8,165,->,8,166,->,8,167,->,8,168,->,8,169,->,8,172,->,8,173,->,8,174,->,8,175,->,8,176,->,8,177,->,8,178,->,8,179,->,8,180,->,8,181,->,8,182,->,8,183,->,8,184,->,8,185,->,8,186,->,8,187,->,8,188,->,8,189,->,8,190,->,8,191,->,8,192,->,8,193,->,8,194,->,8,195,->,8,196,->,8,197,->,8,198,->,8,199,->,8,200,->,8,201,->,8,202,->,8,203,->,8,204,->,8,205,->,8,206,->,8,207,->,8,208,->,8,209,->,8,210,->,8,211,->,8,212,->,8,213,->,8,214,->,8,215,->,8,216,->,8,217,->,8,218,->,8,219,->,8,220,->,8,221,->,8,222,->,8,223,->,8,224,->,8,225,->,8,226,->,8,227,->,8,228,->,8,229,->,8,230,->,8,231,->,8,232,->,8,233,->,8,234,->,8,235,->,8,236,->,8,237,->,8,238,->,8,239,->,8,240,->,8,241,->,8,242,->,8,243,->,8,244,->,8,245,->,8,246,->,8,247,->,8,248,->,8,249,->,8,250,->,8,251,->,8,252,->,8,253,->,8,254,->,8,255,->,8,256,->,8,257,->,8,258,->,8,259,->,8,260,->,8,261,->,8,262,->,8,263,->,8,264,->,8,265,->,8,266,->,8,267,->,8,268,->,8,269,->,8,270,->,8,271,->,8,272,->,8,273,->,8,274,->,8,275,->,8,276,->,8,277,->,8,278,->,8,279,->,8,280,->,8,281,->,8,282,->,8,283,->,8,284,->,8,285,->,8,286,->,8,287,->,8,288,->,8,289,->,8,290,->,8,291,->,8,292,->,8,293,->,8,294,->,8,295,->,8,296,->,8,297,->,8,298,->,8,299,->,8,300,->,8,301,->,8,302,->,8,303,->,9,0,->,9,1,->,9,2,->,9,3,->,9,4,->,9,5,->,9,6,->,9,7,->,9,8,->,9,9,->,9,10,->,9,11,->,9,12,->,9,13,->,9,14,->,9,15,->,9,16,->,9,17,->,9,18,->,9,19,->,9,20,->,9,21,->,9,22,->,9,23,->,9,24,->,9,25,->,9,26,->,9,27,->,9,28,->,9,29,->,9,30,->,9,31,->,9,32,->,9,33,->,9,34,->,9,35,->,9,36,->,9,37,->,9,38,->,9,39,->,9,40,->,9,41,->,9,42,->,9,43,->,9,44,->,9,45,->,9,46,->,9,47,->,9,48,->,9,49,->,9,50,->,9,51,->,9,52,->,9,53,->,9,54,->,9,55,->,9,56,->,9,57,->,9,58,->,9,59,->,9,60,->,9,61,->,9,62,->,9,63,->,9,64,->,9,65,->,9,66,->,9,67,->,9,68,->,9,69,->,9,70,->,9,71,->,9,72,->,9,73,->,9,74,->,9,75,->,9,76,->,9,77,->,9,78,->,9,79,->,9,80,->,9,81,->,9,82,->,9,83,->,9,84,->,9,85,->,9,86,->,9,87,->,9,88,->,9,89,->,9,90,->,9,91,->,9,92,->,9,93,->,9,94,->,9,95,->,9,96,->,9,97,->,9,98,->,9,99,->,9,100,->,9,101,->,9,102,->,9,103,->,9,104,->,9,105,->,9,106,->,9,107,->,9,108,->,9,109,->,9,110,->,9,111,->,9,112,->,9,113,->,9,114,->,9,116,->,9,117,->,9,124,->,9,125,->,9,126,->,9,127,->,9,128,->,9,129,->,9,130,->,9,131,->,9,132,->,9,133,->,9,134,->,9,135,->,9,136,->,9,137,->,9,138,->,9,139,->,9,142,->,9,144,->,9,145,->,9,146,->,9,147,->,9,152,->,9,153,->,9,156,->,9,157,->,9,158,->,9,162,->,9,164,->,9,165,->,9,166,->,9,167,->,9,168,->,9,169,->,9,170,->,9,171,->,9,172,->,9,173,->,9,174,->,9,175,->,9,176,->,9,177,->,9,178,->,9,179,->,9,180,->,9,181,->,9,182,->,9,183,->,9,184,->,9,185,->,9,186,->,9,187,->,9,188,->,9,189,->,9,190,->,9,191,->,9,192,->,9,193,->,9,194,->,9,195,->,9,196,->,9,197,->,9,198,->,9,199,->,9,200,->,9,201,->,9,202,->,9,203,->,9,204,->,9,205,->,9,206,->,9,207,->,9,208,->,9,209,->,9,210,->,9,211,->,9,212,->,9,213,->,9,214,->,9,215,->,9,216,->,9,217,->,9,218,->,9,219,->,9,220,->,9,221,->,9,222,->,9,223,->,9,224,->,9,225,->,9,226,->,9,227,->,9,228,->,9,229,->,9,230,->,9,231,->,9,232,->,9,233,->,9,234,->,9,235,->,9,236,->,9,237,->,9,238,->,9,239,->,9,240,->,9,241,->,9,242,->,9,243,->,9,244,->,9,245,->,9,246,->,9,247,->,9,248,->,9,249,->,9,250,->,9,251,->,9,252,->,9,253,->,9,254,->,9,255,->,9,256,->,9,257,->,9,258,->,9,259,->,9,260,->,9,261,->,9,262,->,9,263,->,9,264,->,9,265,->,9,266,->,9,267,->,9,268,->,9,269,->,9,270,->,9,271,->,9,272,->,9,273,->,9,274,->,9,275,->,9,276,->,9,277,->,9,278,->,9,279,->,9,280,->,9,281,->,9,282,->,9,283,->,9,284,->,9,285,->,9,286,->,9,287,->,9,288,->,9,289,->,9,290,->,9,291,->,9,292,->,9,293,->,9,294,->,9,295,->,9,296,->,9,297,->,9,298,->,9,299,->,9,300,->,9,301,->,9,302,->,9,303,->,10,0,->,10,1,->,10,2,->,10,3,->,10,4,->,10,5,->,10,6,->,10,7,->,10,8,->,10,9,->,10,10,->,10,11,->,10,12,->,10,13,->,10,14,->,10,15,->,10,16,->,10,17,->,10,18,->,10,19,->,10,20,->,10,21,->,10,22,->,10,23,->,10,24,->,10,25,->,10,26,->,10,27,->,10,28,->,10,29,->,10,30,->,10,31,->,10,32,->,10,33,->,10,34,->,10,35,->,10,36,->,10,37,->,10,38,->,10,39,->,10,40,->,10,41,->,10,42,->,10,43,->,10,44,->,10,45,->,10,46,->,10,47,->,10,48,->,10,49,->,10,50,->,10,51,->,10,52,->,10,53,->,10,54,->,10,55,->,10,56,->,10,57,->,10,58,->,10,59,->,10,60,->,10,61,->,10,62,->,10,63,->,10,64,->,10,65,->,10,66,->,10,67,->,10,68,->,10,69,->,10,70,->,10,71,->,10,72,->,10,73,->,10,74,->,10,75,->,10,76,->,10,77,->,10,78,->,10,79,->,10,80,->,10,81,->,10,82,->,10,83,->,10,84,->,10,85,->,10,86,->,10,87,->,10,88,->,10,89,->,10,90,->,10,91,->,10,92,->,10,93,->,10,94,->,10,95,->,10,96,->,10,97,->,10,98,->,10,99,->,10,100,->,10,101,->,10,102,->,10,103,->,10,104,->,10,105,->,10,106,->,10,107,->,10,108,->,10,109,->,10,110,->,10,115,->,10,117,->,10,119,->,10,122,->,10,123,->,10,125,->,10,126,->,10,127,->,10,128,->,10,129,->,10,130,->,10,131,->,10,132,->,10,134,->,10,135,->,10,136,->,10,137,->,10,138,->,10,142,->,10,143,->,10,145,->,10,147,->,10,150,->,10,152,->,10,153,->,10,154,->,10,156,->,10,160,->,10,161,->,10,162,->,10,163,->,10,164,->,10,165,->,10,166,->,10,167,->,10,168,->,10,169,->,10,170,->,10,171,->,10,172,->,10,173,->,10,174,->,10,175,->,10,176,->,10,177,->,10,178,->,10,179,->,10,180,->,10,181,->,10,182,->,10,183,->,10,184,->,10,185,->,10,186,->,10,187,->,10,188,->,10,189,->,10,190,->,10,191,->,10,192,->,10,193,->,10,194,->,10,195,->,10,196,->,10,197,->,10,198,->,10,199,->,10,200,->,10,201,->,10,202,->,10,203,->,10,204,->,10,205,->,10,206,->,10,207,->,10,208,->,10,209,->,10,210,->,10,211,->,10,212,->,10,213,->,10,214,->,10,215,->,10,216,->,10,217,->,10,218,->,10,219,->,10,220,->,10,221,->,10,222,->,10,223,->,10,224,->,10,225,->,10,226,->,10,227,->,10,228,->,10,229,->,10,230,->,10,231,->,10,232,->,10,233,->,10,234,->,10,235,->,10,236,->,10,237,->,10,238,->,10,239,->,10,240,->,10,241,->,10,242,->,10,243,->,10,244,->,10,245,->,10,246,->,10,247,->,10,248,->,10,249,->,10,250,->,10,251,->,10,252,->,10,253,->,10,254,->,10,255,->,10,256,->,10,257,->,10,258,->,10,259,->,10,260,->,10,261,->,10,262,->,10,263,->,10,264,->,10,265,->,10,266,->,10,267,->,10,268,->,10,269,->,10,270,->,10,271,->,10,272,->,10,273,->,10,274,->,10,275,->,10,276,->,10,277,->,10,278,->,10,279,->,10,280,->,10,281,->,10,282,->,10,283,->,10,284,->,10,285,->,10,286,->,10,287,->,10,288,->,10,289,->,10,290,->,10,291,->,10,292,->,10,293,->,10,294,->,10,295,->,10,296,->,10,297,->,10,298,->,10,299,->,10,300,->,10,301,->,10,302,->,10,303,->,11,0,->,11,1,->,11,2,->,11,3,->,11,4,->,11,5,->,11,6,->,11,7,->,11,8,->,11,9,->,11,10,->,11,11,->,11,12,->,11,13,->,11,14,->,11,15,->,11,16,->,11,17,->,11,18,->,11,19,->,11,20,->,11,21,->,11,22,->,11,23,->,11,24,->,11,25,->,11,26,->,11,27,->,11,28,->,11,29,->,11,30,->,11,31,->,11,32,->,11,33,->,11,34,->,11,35,->,11,36,->,11,37,->,11,38,->,11,39,->,11,40,->,11,41,->,11,42,->,11,43,->,11,44,->,11,45,->,11,46,->,11,47,->,11,48,->,11,49,->,11,50,->,11,51,->,11,52,->,11,53,->,11,54,->,11,55,->,11,56,->,11,57,->,11,58,->,11,59,->,11,60,->,11,61,->,11,62,->,11,63,->,11,64,->,11,65,->,11,66,->,11,67,->,11,68,->,11,69,->,11,70,->,11,71,->,11,72,->,11,73,->,11,74,->,11,75,->,11,76,->,11,77,->,11,78,->,11,79,->,11,80,->,11,81,->,11,82,->,11,83,->,11,84,->,11,85,->,11,86,->,11,87,->,11,88,->,11,89,->,11,90,->,11,91,->,11,92,->,11,93,->,11,94,->,11,95,->,11,96,->,11,97,->,11,98,->,11,99,->,11,100,->,11,101,->,11,102,->,11,103,->,11,104,->,11,105,->,11,106,->,11,107,->,11,108,->,11,109,->,11,114,->,11,124,->,11,125,->,11,126,->,11,127,->,11,128,->,11,129,->,11,130,->,11,131,->,11,132,->,11,133,->,11,134,->,11,135,->,11,136,->,11,137,->,11,139,->,11,140,->,11,141,->,11,149,->,11,153,->,11,160,->,11,161,->,11,162,->,11,163,->,11,164,->,11,165,->,11,166,->,11,167,->,11,168,->,11,169,->,11,170,->,11,171,->,11,172,->,11,173,->,11,174,->,11,175,->,11,176,->,11,177,->,11,178,->,11,179,->,11,180,->,11,181,->,11,182,->,11,183,->,11,184,->,11,185,->,11,186,->,11,187,->,11,188,->,11,189,->,11,190,->,11,191,->,11,192,->,11,193,->,11,194,->,11,195,->,11,196,->,11,197,->,11,198,->,11,199,->,11,200,->,11,201,->,11,202,->,11,203,->,11,204,->,11,205,->,11,206,->,11,207,->,11,208,->,11,209,->,11,210,->,11,211,->,11,212,->,11,213,->,11,214,->,11,215,->,11,216,->,11,217,->,11,218,->,11,219,->,11,220,->,11,221,->,11,222,->,11,223,->,11,224,->,11,225,->,11,226,->,11,227,->,11,228,->,11,229,->,11,230,->,11,231,->,11,232,->,11,233,->,11,234,->,11,235,->,11,236,->,11,237,->,11,238,->,11,239,->,11,240,->,11,241,->,11,242,->,11,243,->,11,244,->,11,245,->,11,246,->,11,247,->,11,248,->,11,249,->,11,250,->,11,251,->,11,252,->,11,253,->,11,254,->,11,255,->,11,256,->,11,257,->,11,258,->,11,259,->,11,260,->,11,261,->,11,262,->,11,263,->,11,264,->,11,265,->,11,266,->,11,267,->,11,268,->,11,269,->,11,270,->,11,271,->,11,272,->,11,273,->,11,274,->,11,275,->,11,276,->,11,277,->,11,278,->,11,279,->,11,280,->,11,281,->,11,282,->,11,283,->,11,284,->,11,285,->,11,286,->,11,287,->,11,288,->,11,289,->,11,290,->,11,291,->,11,292,->,11,293,->,11,294,->,11,295,->,11,296,->,11,297,->,11,298,->,11,299,->,11,300,->,11,301,->,11,302,->,11,303,->,12,0,->,12,1,->,12,2,->,12,3,->,12,4,->,12,5,->,12,6,->,12,7,->,12,8,->,12,9,->,12,10,->,12,11,->,12,12,->,12,13,->,12,14,->,12,15,->,12,16,->,12,17,->,12,18,->,12,19,->,12,20,->,12,21,->,12,22,->,12,23,->,12,24,->,12,25,->,12,26,->,12,27,->,12,28,->,12,29,->,12,30,->,12,31,->,12,32,->,12,33,->,12,34,->,12,35,->,12,36,->,12,37,->,12,38,->,12,39,->,12,40,->,12,41,->,12,42,->,12,43,->,12,44,->,12,45,->,12,46,->,12,47,->,12,48,->,12,49,->,12,50,->,12,51,->,12,52,->,12,53,->,12,54,->,12,55,->,12,56,->,12,57,->,12,58,->,12,59,->,12,60,->,12,61,->,12,62,->,12,63,->,12,64,->,12,65,->,12,66,->,12,67,->,12,68,->,12,69,->,12,70,->,12,71,->,12,72,->,12,73,->,12,74,->,12,75,->,12,76,->,12,77,->,12,78,->,12,79,->,12,80,->,12,81,->,12,82,->,12,83,->,12,84,->,12,85,->,12,86,->,12,87,->,12,88,->,12,89,->,12,90,->,12,91,->,12,92,->,12,93,->,12,94,->,12,95,->,12,96,->,12,97,->,12,98,->,12,99,->,12,100,->,12,101,->,12,102,->,12,103,->,12,104,->,12,105,->,12,106,->,12,108,->,12,109,->,12,110,->,12,111,->,12,112,->,12,113,->,12,114,->,12,115,->,12,116,->,12,119,->,12,120,->,12,121,->,12,124,->,12,125,->,12,126,->,12,127,->,12,128,->,12,129,->,12,130,->,12,131,->,12,132,->,12,133,->,12,134,->,12,135,->,12,136,->,12,137,->,12,140,->,12,141,->,12,148,->,12,150,->,12,153,->,12,154,->,12,155,->,12,159,->,12,160,->,12,161,->,12,162,->,12,163,->,12,164,->,12,165,->,12,166,->,12,167,->,12,168,->,12,169,->,12,170,->,12,171,->,12,172,->,12,173,->,12,174,->,12,175,->,12,176,->,12,177,->,12,178,->,12,179,->,12,180,->,12,181,->,12,182,->,12,183,->,12,184,->,12,185,->,12,186,->,12,187,->,12,188,->,12,189,->,12,190,->,12,191,->,12,192,->,12,193,->,12,194,->,12,195,->,12,196,->,12,197,->,12,198,->,12,199,->,12,200,->,12,201,->,12,202,->,12,203,->,12,204,->,12,205,->,12,206,->,12,207,->,12,208,->,12,209,->,12,210,->,12,211,->,12,212,->,12,213,->,12,214,->,12,215,->,12,216,->,12,217,->,12,218,->,12,219,->,12,220,->,12,221,->,12,222,->,12,223,->,12,224,->,12,225,->,12,226,->,12,227,->,12,228,->,12,229,->,12,230,->,12,231,->,12,232,->,12,233,->,12,234,->,12,235,->,12,236,->,12,237,->,12,238,->,12,239,->,12,240,->,12,241,->,12,242,->,12,243,->,12,244,->,12,245,->,12,246,->,12,247,->,12,248,->,12,249,->,12,250,->,12,251,->,12,252,->,12,253,->,12,254,->,12,255,->,12,256,->,12,257,->,12,258,->,12,259,->,12,260,->,12,261,->,12,262,->,12,263,->,12,264,->,12,265,->,12,266,->,12,267,->,12,268,->,12,269,->,12,270,->,12,271,->,12,272,->,12,273,->,12,274,->,12,275,->,12,276,->,12,277,->,12,278,->,12,279,->,12,280,->,12,281,->,12,282,->,12,283,->,12,284,->,12,285,->,12,286,->,12,287,->,12,288,->,12,289,->,12,290,->,12,291,->,12,292,->,12,293,->,12,294,->,12,295,->,12,296,->,12,297,->,12,298,->,12,299,->,12,300,->,12,301,->,12,302,->,12,303,->,13,0,->,13,1,->,13,2,->,13,3,->,13,4,->,13,5,->,13,6,->,13,7,->,13,8,->,13,9,->,13,10,->,13,11,->,13,12,->,13,13,->,13,14,->,13,15,->,13,16,->,13,17,->,13,18,->,13,19,->,13,20,->,13,21,->,13,22,->,13,23,->,13,24,->,13,25,->,13,26,->,13,27,->,13,28,->,13,29,->,13,30,->,13,31,->,13,32,->,13,33,->,13,34,->,13,35,->,13,36,->,13,37,->,13,38,->,13,39,->,13,40,->,13,41,->,13,42,->,13,43,->,13,44,->,13,45,->,13,46,->,13,47,->,13,48,->,13,49,->,13,50,->,13,51,->,13,52,->,13,53,->,13,54,->,13,55,->,13,56,->,13,57,->,13,58,->,13,59,->,13,60,->,13,61,->,13,62,->,13,63,->,13,64,->,13,65,->,13,66,->,13,67,->,13,68,->,13,69,->,13,70,->,13,71,->,13,72,->,13,73,->,13,74,->,13,75,->,13,76,->,13,77,->,13,78,->,13,79,->,13,80,->,13,81,->,13,82,->,13,83,->,13,84,->,13,85,->,13,86,->,13,87,->,13,88,->,13,89,->,13,90,->,13,91,->,13,92,->,13,93,->,13,94,->,13,95,->,13,96,->,13,97,->,13,98,->,13,99,->,13,100,->,13,101,->,13,102,->,13,103,->,13,104,->,13,108,->,13,109,->,13,111,->,13,112,->,13,113,->,13,114,->,13,115,->,13,116,->,13,118,->,13,119,->,13,120,->,13,121,->,13,122,->,13,123,->,13,124,->,13,125,->,13,126,->,13,127,->,13,128,->,13,129,->,13,130,->,13,131,->,13,132,->,13,133,->,13,134,->,13,135,->,13,136,->,13,137,->,13,138,->,13,139,->,13,140,->,13,141,->,13,143,->,13,146,->,13,148,->,13,151,->,13,152,->,13,157,->,13,158,->,13,159,->,13,160,->,13,161,->,13,162,->,13,163,->,13,164,->,13,165,->,13,166,->,13,167,->,13,168,->,13,169,->,13,170,->,13,171,->,13,172,->,13,173,->,13,174,->,13,175,->,13,176,->,13,177,->,13,178,->,13,179,->,13,180,->,13,181,->,13,182,->,13,183,->,13,184,->,13,185,->,13,186,->,13,187,->,13,188,->,13,189,->,13,190,->,13,191,->,13,192,->,13,193,->,13,194,->,13,195,->,13,196,->,13,197,->,13,198,->,13,199,->,13,200,->,13,201,->,13,202,->,13,203,->,13,204,->,13,205,->,13,206,->,13,207,->,13,208,->,13,209,->,13,210,->,13,211,->,13,212,->,13,213,->,13,214,->,13,215,->,13,216,->,13,217,->,13,218,->,13,219,->,13,220,->,13,221,->,13,222,->,13,223,->,13,224,->,13,225,->,13,226,->,13,227,->,13,228,->,13,229,->,13,230,->,13,231,->,13,232,->,13,233,->,13,234,->,13,235,->,13,236,->,13,237,->,13,238,->,13,239,->,13,240,->,13,241,->,13,242,->,13,243,->,13,244,->,13,245,->,13,246,->,13,247,->,13,248,->,13,249,->,13,250,->,13,251,->,13,252,->,13,253,->,13,254,->,13,255,->,13,256,->,13,257,->,13,258,->,13,259,->,13,260,->,13,261,->,13,262,->,13,263,->,13,264,->,13,265,->,13,266,->,13,267,->,13,268,->,13,269,->,13,270,->,13,271,->,13,272,->,13,273,->,13,274,->,13,275,->,13,276,->,13,277,->,13,278,->,13,279,->,13,280,->,13,281,->,13,282,->,13,283,->,13,284,->,13,285,->,13,286,->,13,287,->,13,288,->,13,289,->,13,290,->,13,291,->,13,292,->,13,293,->,13,294,->,13,295,->,13,296,->,13,297,->,13,298,->,13,299,->,13,300,->,13,301,->,13,302,->,13,303,->,14,0,->,14,1,->,14,2,->,14,3,->,14,4,->,14,5,->,14,6,->,14,7,->,14,8,->,14,9,->,14,10,->,14,11,->,14,12,->,14,13,->,14,14,->,14,15,->,14,16,->,14,17,->,14,18,->,14,19,->,14,20,->,14,21,->,14,22,->,14,23,->,14,24,->,14,25,->,14,26,->,14,27,->,14,28,->,14,29,->,14,30,->,14,31,->,14,32,->,14,33,->,14,34,->,14,35,->,14,36,->,14,37,->,14,38,->,14,39,->,14,40,->,14,41,->,14,42,->,14,43,->,14,44,->,14,45,->,14,46,->,14,47,->,14,48,->,14,49,->,14,50,->,14,51,->,14,52,->,14,53,->,14,54,->,14,55,->,14,56,->,14,57,->,14,58,->,14,59,->,14,60,->,14,61,->,14,62,->,14,63,->,14,64,->,14,65,->,14,66,->,14,67,->,14,68,->,14,69,->,14,70,->,14,71,->,14,72,->,14,73,->,14,74,->,14,75,->,14,76,->,14,77,->,14,78,->,14,79,->,14,80,->,14,81,->,14,82,->,14,83,->,14,84,->,14,85,->,14,86,->,14,87,->,14,88,->,14,89,->,14,90,->,14,91,->,14,92,->,14,93,->,14,94,->,14,95,->,14,96,->,14,97,->,14,98,->,14,99,->,14,100,->,14,101,->,14,102,->,14,108,->,14,109,->,14,110,->,14,111,->,14,112,->,14,113,->,14,114,->,14,115,->,14,117,->,14,118,->,14,119,->,14,120,->,14,121,->,14,122,->,14,123,->,14,124,->,14,125,->,14,126,->,14,127,->,14,128,->,14,129,->,14,130,->,14,131,->,14,132,->,14,133,->,14,134,->,14,135,->,14,136,->,14,137,->,14,138,->,14,139,->,14,143,->,14,144,->,14,147,->,14,149,->,14,150,->,14,151,->,14,152,->,14,154,->,14,155,->,14,156,->,14,157,->,14,158,->,14,159,->,14,160,->,14,161,->,14,162,->,14,163,->,14,164,->,14,165,->,14,166,->,14,167,->,14,168,->,14,169,->,14,170,->,14,171,->,14,172,->,14,173,->,14,174,->,14,175,->,14,176,->,14,177,->,14,178,->,14,179,->,14,180,->,14,181,->,14,182,->,14,183,->,14,184,->,14,185,->,14,186,->,14,187,->,14,188,->,14,189,->,14,190,->,14,191,->,14,192,->,14,193,->,14,194,->,14,195,->,14,196,->,14,197,->,14,198,->,14,199,->,14,200,->,14,201,->,14,202,->,14,203,->,14,204,->,14,205,->,14,206,->,14,207,->,14,208,->,14,209,->,14,210,->,14,211,->,14,212,->,14,213,->,14,214,->,14,215,->,14,216,->,14,217,->,14,218,->,14,219,->,14,220,->,14,221,->,14,222,->,14,223,->,14,224,->,14,225,->,14,226,->,14,227,->,14,228,->,14,229,->,14,230,->,14,231,->,14,232,->,14,233,->,14,234,->,14,235,->,14,236,->,14,237,->,14,238,->,14,239,->,14,240,->,14,241,->,14,242,->,14,243,->,14,244,->,14,245,->,14,246,->,14,247,->,14,248,->,14,249,->,14,250,->,14,251,->,14,252,->,14,253,->,14,254,->,14,255,->,14,256,->,14,257,->,14,258,->,14,259,->,14,260,->,14,261,->,14,262,->,14,263,->,14,264,->,14,265,->,14,266,->,14,267,->,14,268,->,14,269,->,14,270,->,14,271,->,14,272,->,14,273,->,14,274,->,14,275,->,14,276,->,14,277,->,14,278,->,14,279,->,14,280,->,14,281,->,14,282,->,14,283,->,14,284,->,14,285,->,14,286,->,14,287,->,14,288,->,14,289,->,14,290,->,14,291,->,14,292,->,14,293,->,14,294,->,14,295,->,14,296,->,14,297,->,14,298,->,14,299,->,14,300,->,14,301,->,14,302,->,14,303,->,15,0,->,15,1,->,15,2,->,15,3,->,15,4,->,15,5,->,15,6,->,15,7,->,15,8,->,15,9,->,15,10,->,15,11,->,15,12,->,15,13,->,15,14,->,15,15,->,15,16,->,15,17,->,15,18,->,15,19,->,15,20,->,15,21,->,15,22,->,15,23,->,15,24,->,15,25,->,15,26,->,15,27,->,15,28,->,15,29,->,15,30,->,15,31,->,15,32,->,15,33,->,15,34,->,15,35,->,15,36,->,15,37,->,15,38,->,15,39,->,15,40,->,15,41,->,15,42,->,15,43,->,15,44,->,15,45,->,15,46,->,15,47,->,15,48,->,15,49,->,15,50,->,15,51,->,15,52,->,15,53,->,15,54,->,15,55,->,15,56,->,15,57,->,15,58,->,15,59,->,15,60,->,15,61,->,15,62,->,15,63,->,15,64,->,15,65,->,15,66,->,15,67,->,15,68,->,15,69,->,15,70,->,15,71,->,15,72,->,15,73,->,15,74,->,15,75,->,15,76,->,15,77,->,15,78,->,15,79,->,15,80,->,15,81,->,15,82,->,15,83,->,15,84,->,15,85,->,15,86,->,15,87,->,15,88,->,15,89,->,15,90,->,15,91,->,15,92,->,15,93,->,15,94,->,15,95,->,15,96,->,15,97,->,15,98,->,15,99,->,15,100,->,15,104,->,15,105,->,15,106,->,15,108,->,15,110,->,15,111,->,15,113,->,15,114,->,15,115,->,15,116,->,15,118,->,15,119,->,15,120,->,15,121,->,15,122,->,15,123,->,15,124,->,15,125,->,15,126,->,15,127,->,15,128,->,15,129,->,15,130,->,15,131,->,15,132,->,15,133,->,15,134,->,15,135,->,15,136,->,15,137,->,15,138,->,15,139,->,15,140,->,15,142,->,15,143,->,15,145,->,15,146,->,15,147,->,15,149,->,15,150,->,15,151,->,15,152,->,15,154,->,15,155,->,15,156,->,15,157,->,15,158,->,15,159,->,15,160,->,15,161,->,15,162,->,15,163,->,15,164,->,15,165,->,15,166,->,15,167,->,15,168,->,15,169,->,15,170,->,15,171,->,15,172,->,15,173,->,15,174,->,15,175,->,15,176,->,15,177,->,15,178,->,15,179,->,15,180,->,15,181,->,15,182,->,15,183,->,15,184,->,15,185,->,15,186,->,15,187,->,15,188,->,15,189,->,15,190,->,15,191,->,15,192,->,15,193,->,15,194,->,15,195,->,15,196,->,15,197,->,15,198,->,15,199,->,15,200,->,15,201,->,15,202,->,15,203,->,15,204,->,15,205,->,15,206,->,15,207,->,15,208,->,15,209,->,15,210,->,15,211,->,15,212,->,15,213,->,15,214,->,15,215,->,15,216,->,15,217,->,15,218,->,15,219,->,15,220,->,15,221,->,15,222,->,15,223,->,15,224,->,15,225,->,15,226,->,15,227,->,15,228,->,15,229,->,15,230,->,15,231,->,15,232,->,15,233,->,15,234,->,15,235,->,15,236,->,15,237,->,15,238,->,15,239,->,15,240,->,15,241,->,15,242,->,15,243,->,15,244,->,15,245,->,15,246,->,15,247,->,15,248,->,15,249,->,15,250,->,15,251,->,15,252,->,15,253,->,15,254,->,15,255,->,15,256,->,15,257,->,15,258,->,15,259,->,15,260,->,15,261,->,15,262,->,15,263,->,15,264,->,15,265,->,15,266,->,15,267,->,15,268,->,15,269,->,15,270,->,15,271,->,15,272,->,15,273,->,15,274,->,15,275,->,15,276,->,15,277,->,15,278,->,15,279,->,15,280,->,15,281,->,15,282,->,15,283,->,15,284,->,15,285,->,15,286,->,15,287,->,15,288,->,15,289,->,15,290,->,15,291,->,15,292,->,15,293,->,15,294,->,15,295,->,15,296,->,15,297,->,15,298,->,15,299,->,15,300,->,15,301,->,15,302,->,15,303,->,16,0,->,16,1,->,16,2,->,16,3,->,16,4,->,16,5,->,16,6,->,16,7,->,16,8,->,16,9,->,16,10,->,16,11,->,16,12,->,16,13,->,16,14,->,16,15,->,16,16,->,16,17,->,16,18,->,16,19,->,16,20,->,16,21,->,16,22,->,16,23,->,16,24,->,16,25,->,16,26,->,16,27,->,16,28,->,16,29,->,16,30,->,16,31,->,16,32,->,16,33,->,16,34,->,16,35,->,16,36,->,16,37,->,16,38,->,16,39,->,16,40,->,16,41,->,16,42,->,16,43,->,16,44,->,16,45,->,16,46,->,16,47,->,16,48,->,16,49,->,16,50,->,16,51,->,16,52,->,16,53,->,16,54,->,16,55,->,16,56,->,16,57,->,16,58,->,16,59,->,16,60,->,16,61,->,16,62,->,16,63,->,16,64,->,16,65,->,16,66,->,16,67,->,16,68,->,16,69,->,16,70,->,16,71,->,16,72,->,16,73,->,16,74,->,16,75,->,16,76,->,16,77,->,16,78,->,16,79,->,16,80,->,16,81,->,16,82,->,16,83,->,16,84,->,16,85,->,16,86,->,16,87,->,16,88,->,16,89,->,16,90,->,16,91,->,16,92,->,16,93,->,16,94,->,16,95,->,16,96,->,16,97,->,16,98,->,16,100,->,16,103,->,16,104,->,16,105,->,16,108,->,16,109,->,16,114,->,16,115,->,16,116,->,16,117,->,16,118,->,16,119,->,16,120,->,16,121,->,16,122,->,16,123,->,16,124,->,16,125,->,16,126,->,16,127,->,16,128,->,16,129,->,16,130,->,16,131,->,16,132,->,16,133,->,16,134,->,16,135,->,16,136,->,16,137,->,16,138,->,16,144,->,16,145,->,16,146,->,16,148,->,16,150,->,16,151,->,16,152,->,16,153,->,16,154,->,16,155,->,16,156,->,16,157,->,16,158,->,16,159,->,16,160,->,16,161,->,16,162,->,16,163,->,16,164,->,16,165,->,16,166,->,16,167,->,16,168,->,16,169,->,16,170,->,16,171,->,16,172,->,16,173,->,16,174,->,16,175,->,16,176,->,16,177,->,16,178,->,16,179,->,16,180,->,16,181,->,16,182,->,16,183,->,16,184,->,16,185,->,16,186,->,16,187,->,16,188,->,16,189,->,16,190,->,16,191,->,16,192,->,16,193,->,16,194,->,16,195,->,16,196,->,16,197,->,16,198,->,16,199,->,16,200,->,16,201,->,16,202,->,16,203,->,16,204,->,16,205,->,16,206,->,16,207,->,16,208,->,16,209,->,16,210,->,16,211,->,16,212,->,16,213,->,16,214,->,16,215,->,16,216,->,16,217,->,16,218,->,16,219,->,16,220,->,16,221,->,16,222,->,16,223,->,16,224,->,16,225,->,16,226,->,16,227,->,16,228,->,16,229,->,16,230,->,16,231,->,16,232,->,16,233,->,16,234,->,16,235,->,16,236,->,16,237,->,16,238,->,16,239,->,16,240,->,16,241,->,16,242,->,16,243,->,16,244,->,16,245,->,16,246,->,16,247,->,16,248,->,16,249,->,16,250,->,16,251,->,16,252,->,16,253,->,16,254,->,16,255,->,16,256,->,16,257,->,16,258,->,16,259,->,16,260,->,16,261,->,16,262,->,16,263,->,16,264,->,16,265,->,16,266,->,16,267,->,16,268,->,16,269,->,16,270,->,16,271,->,16,272,->,16,273,->,16,274,->,16,275,->,16,276,->,16,277,->,16,278,->,16,279,->,16,280,->,16,281,->,16,282,->,16,283,->,16,284,->,16,285,->,16,286,->,16,287,->,16,288,->,16,289,->,16,290,->,16,291,->,16,292,->,16,293,->,16,294,->,16,295,->,16,296,->,16,297,->,16,298,->,16,299,->,16,300,->,16,301,->,16,302,->,16,303,->,17,0,->,17,1,->,17,2,->,17,3,->,17,4,->,17,5,->,17,6,->,17,7,->,17,8,->,17,9,->,17,10,->,17,11,->,17,12,->,17,13,->,17,14,->,17,15,->,17,16,->,17,17,->,17,18,->,17,19,->,17,20,->,17,21,->,17,22,->,17,23,->,17,24,->,17,25,->,17,26,->,17,27,->,17,28,->,17,29,->,17,30,->,17,31,->,17,32,->,17,33,->,17,34,->,17,35,->,17,36,->,17,37,->,17,38,->,17,39,->,17,40,->,17,41,->,17,42,->,17,43,->,17,44,->,17,45,->,17,46,->,17,47,->,17,48,->,17,49,->,17,50,->,17,51,->,17,52,->,17,53,->,17,54,->,17,55,->,17,56,->,17,57,->,17,58,->,17,59,->,17,60,->,17,61,->,17,62,->,17,63,->,17,64,->,17,65,->,17,66,->,17,67,->,17,68,->,17,69,->,17,70,->,17,71,->,17,72,->,17,73,->,17,74,->,17,75,->,17,76,->,17,77,->,17,78,->,17,79,->,17,80,->,17,81,->,17,82,->,17,83,->,17,84,->,17,85,->,17,86,->,17,87,->,17,88,->,17,89,->,17,90,->,17,91,->,17,92,->,17,93,->,17,94,->,17,95,->,17,96,->,17,99,->,17,107,->,17,108,->,17,113,->,17,114,->,17,115,->,17,116,->,17,117,->,17,118,->,17,119,->,17,120,->,17,121,->,17,122,->,17,123,->,17,124,->,17,125,->,17,126,->,17,127,->,17,128,->,17,129,->,17,130,->,17,131,->,17,132,->,17,133,->,17,134,->,17,135,->,17,136,->,17,137,->,17,138,->,17,139,->,17,143,->,17,146,->,17,148,->,17,149,->,17,150,->,17,151,->,17,152,->,17,153,->,17,154,->,17,155,->,17,156,->,17,157,->,17,158,->,17,159,->,17,160,->,17,161,->,17,162,->,17,163,->,17,164,->,17,165,->,17,166,->,17,167,->,17,168,->,17,169,->,17,170,->,17,171,->,17,172,->,17,173,->,17,174,->,17,175,->,17,176,->,17,177,->,17,178,->,17,179,->,17,180,->,17,181,->,17,182,->,17,183,->,17,184,->,17,185,->,17,186,->,17,187,->,17,188,->,17,189,->,17,190,->,17,191,->,17,192,->,17,193,->,17,194,->,17,195,->,17,196,->,17,197,->,17,198,->,17,199,->,17,200,->,17,201,->,17,202,->,17,203,->,17,204,->,17,205,->,17,206,->,17,207,->,17,208,->,17,209,->,17,210,->,17,211,->,17,212,->,17,213,->,17,214,->,17,215,->,17,216,->,17,217,->,17,218,->,17,219,->,17,220,->,17,221,->,17,222,->,17,223,->,17,224,->,17,225,->,17,226,->,17,227,->,17,228,->,17,229,->,17,230,->,17,231,->,17,232,->,17,233,->,17,234,->,17,235,->,17,236,->,17,237,->,17,238,->,17,239,->,17,240,->,17,241,->,17,242,->,17,243,->,17,244,->,17,245,->,17,246,->,17,247,->,17,248,->,17,249,->,17,250,->,17,251,->,17,252,->,17,253,->,17,254,->,17,255,->,17,256,->,17,257,->,17,258,->,17,259,->,17,260,->,17,261,->,17,262,->,17,263,->,17,264,->,17,265,->,17,266,->,17,267,->,17,268,->,17,269,->,17,270,->,17,271,->,17,272,->,17,273,->,17,274,->,17,275,->,17,276,->,17,277,->,17,278,->,17,279,->,17,280,->,17,281,->,17,282,->,17,283,->,17,284,->,17,285,->,17,286,->,17,287,->,17,288,->,17,289,->,17,290,->,17,291,->,17,292,->,17,293,->,17,294,->,17,295,->,17,296,->,17,297,->,17,298,->,17,299,->,17,300,->,17,301,->,17,302,->,17,303,->,18,0,->,18,1,->,18,2,->,18,3,->,18,4,->,18,5,->,18,6,->,18,7,->,18,8,->,18,9,->,18,10,->,18,11,->,18,12,->,18,13,->,18,14,->,18,15,->,18,16,->,18,17,->,18,18,->,18,19,->,18,20,->,18,21,->,18,22,->,18,23,->,18,24,->,18,25,->,18,26,->,18,27,->,18,28,->,18,29,->,18,30,->,18,31,->,18,32,->,18,33,->,18,34,->,18,35,->,18,36,->,18,37,->,18,38,->,18,39,->,18,40,->,18,41,->,18,42,->,18,43,->,18,44,->,18,45,->,18,46,->,18,47,->,18,48,->,18,49,->,18,50,->,18,51,->,18,52,->,18,53,->,18,54,->,18,55,->,18,56,->,18,57,->,18,58,->,18,59,->,18,60,->,18,61,->,18,62,->,18,63,->,18,64,->,18,65,->,18,66,->,18,67,->,18,68,->,18,69,->,18,70,->,18,71,->,18,72,->,18,73,->,18,74,->,18,75,->,18,76,->,18,77,->,18,78,->,18,79,->,18,80,->,18,81,->,18,82,->,18,83,->,18,84,->,18,85,->,18,86,->,18,87,->,18,88,->,18,89,->,18,90,->,18,91,->,18,92,->,18,93,->,18,94,->,18,95,->,18,97,->,18,99,->,18,100,->,18,102,->,18,107,->,18,110,->,18,114,->,18,115,->,18,116,->,18,117,->,18,118,->,18,119,->,18,120,->,18,121,->,18,122,->,18,123,->,18,124,->,18,125,->,18,126,->,18,127,->,18,128,->,18,129,->,18,130,->,18,131,->,18,132,->,18,133,->,18,134,->,18,135,->,18,136,->,18,137,->,18,138,->,18,139,->,18,141,->,18,145,->,18,146,->,18,147,->,18,149,->,18,150,->,18,151,->,18,152,->,18,153,->,18,154,->,18,155,->,18,156,->,18,157,->,18,158,->,18,159,->,18,160,->,18,161,->,18,162,->,18,163,->,18,164,->,18,165,->,18,166,->,18,167,->,18,168,->,18,169,->,18,170,->,18,171,->,18,172,->,18,173,->,18,174,->,18,175,->,18,176,->,18,177,->,18,178,->,18,179,->,18,180,->,18,181,->,18,182,->,18,183,->,18,184,->,18,185,->,18,186,->,18,187,->,18,188,->,18,189,->,18,190,->,18,191,->,18,192,->,18,193,->,18,194,->,18,195,->,18,196,->,18,197,->,18,198,->,18,199,->,18,200,->,18,201,->,18,202,->,18,203,->,18,204,->,18,205,->,18,206,->,18,207,->,18,208,->,18,209,->,18,210,->,18,211,->,18,212,->,18,213,->,18,214,->,18,215,->,18,216,->,18,217,->,18,218,->,18,219,->,18,220,->,18,221,->,18,222,->,18,223,->,18,224,->,18,225,->,18,226,->,18,227,->,18,228,->,18,229,->,18,230,->,18,231,->,18,232,->,18,233,->,18,234,->,18,235,->,18,236,->,18,237,->,18,238,->,18,239,->,18,240,->,18,241,->,18,242,->,18,243,->,18,244,->,18,245,->,18,246,->,18,247,->,18,248,->,18,249,->,18,250,->,18,251,->,18,252,->,18,253,->,18,254,->,18,255,->,18,256,->,18,257,->,18,258,->,18,259,->,18,260,->,18,261,->,18,262,->,18,263,->,18,264,->,18,265,->,18,266,->,18,267,->,18,268,->,18,269,->,18,270,->,18,271,->,18,272,->,18,273,->,18,274,->,18,275,->,18,276,->,18,277,->,18,278,->,18,279,->,18,280,->,18,281,->,18,282,->,18,283,->,18,284,->,18,285,->,18,286,->,18,287,->,18,288,->,18,289,->,18,290,->,18,291,->,18,292,->,18,293,->,18,294,->,18,295,->,18,296,->,18,297,->,18,298,->,18,299,->,18,300,->,18,301,->,18,302,->,18,303,->,19,0,->,19,1,->,19,2,->,19,3,->,19,4,->,19,5,->,19,6,->,19,7,->,19,8,->,19,9,->,19,10,->,19,11,->,19,12,->,19,13,->,19,14,->,19,15,->,19,16,->,19,17,->,19,18,->,19,19,->,19,20,->,19,21,->,19,22,->,19,23,->,19,24,->,19,25,->,19,26,->,19,27,->,19,28,->,19,29,->,19,30,->,19,31,->,19,32,->,19,33,->,19,34,->,19,35,->,19,36,->,19,37,->,19,38,->,19,39,->,19,40,->,19,41,->,19,42,->,19,43,->,19,44,->,19,45,->,19,46,->,19,47,->,19,48,->,19,49,->,19,50,->,19,51,->,19,52,->,19,53,->,19,54,->,19,55,->,19,56,->,19,57,->,19,58,->,19,59,->,19,60,->,19,61,->,19,62,->,19,63,->,19,64,->,19,65,->,19,66,->,19,67,->,19,68,->,19,69,->,19,70,->,19,71,->,19,72,->,19,73,->,19,74,->,19,75,->,19,76,->,19,77,->,19,78,->,19,79,->,19,80,->,19,81,->,19,82,->,19,83,->,19,84,->,19,85,->,19,86,->,19,87,->,19,88,->,19,89,->,19,90,->,19,91,->,19,92,->,19,93,->,19,94,->,19,95,->,19,97,->,19,100,->,19,102,->,19,103,->,19,108,->,19,109,->,19,110,->,19,113,->,19,114,->,19,115,->,19,116,->,19,117,->,19,118,->,19,119,->,19,120,->,19,121,->,19,122,->,19,123,->,19,124,->,19,125,->,19,126,->,19,127,->,19,128,->,19,129,->,19,130,->,19,131,->,19,132,->,19,133,->,19,134,->,19,135,->,19,136,->,19,137,->,19,140,->,19,141,->,19,142,->,19,147,->,19,148,->,19,149,->,19,150,->,19,151,->,19,152,->,19,153,->,19,154,->,19,155,->,19,156,->,19,157,->,19,158,->,19,159,->,19,160,->,19,161,->,19,162,->,19,163,->,19,164,->,19,165,->,19,166,->,19,167,->,19,168,->,19,169,->,19,170,->,19,171,->,19,172,->,19,173,->,19,174,->,19,175,->,19,176,->,19,177,->,19,178,->,19,179,->,19,180,->,19,181,->,19,182,->,19,183,->,19,184,->,19,185,->,19,186,->,19,187,->,19,188,->,19,189,->,19,190,->,19,191,->,19,192,->,19,193,->,19,194,->,19,195,->,19,196,->,19,197,->,19,198,->,19,199,->,19,200,->,19,201,->,19,202,->,19,203,->,19,204,->,19,205,->,19,206,->,19,207,->,19,208,->,19,209,->,19,210,->,19,211,->,19,212,->,19,213,->,19,214,->,19,215,->,19,216,->,19,217,->,19,218,->,19,219,->,19,220,->,19,221,->,19,222,->,19,223,->,19,224,->,19,225,->,19,226,->,19,227,->,19,228,->,19,229,->,19,230,->,19,231,->,19,232,->,19,233,->,19,234,->,19,235,->,19,236,->,19,237,->,19,238,->,19,239,->,19,240,->,19,241,->,19,242,->,19,243,->,19,244,->,19,245,->,19,246,->,19,247,->,19,248,->,19,249,->,19,250,->,19,251,->,19,252,->,19,253,->,19,254,->,19,255,->,19,256,->,19,257,->,19,258,->,19,259,->,19,260,->,19,261,->,19,262,->,19,263,->,19,264,->,19,265,->,19,266,->,19,267,->,19,268,->,19,269,->,19,270,->,19,271,->,19,272,->,19,273,->,19,274,->,19,275,->,19,276,->,19,277,->,19,278,->,19,279,->,19,280,->,19,281,->,19,282,->,19,283,->,19,284,->,19,285,->,19,286,->,19,287,->,19,288,->,19,289,->,19,290,->,19,291,->,19,292,->,19,293,->,19,294,->,19,295,->,19,296,->,19,297,->,19,298,->,19,299,->,19,300,->,19,301,->,19,302,->,19,303,->,20,0,->,20,1,->,20,2,->,20,3,->,20,4,->,20,5,->,20,6,->,20,7,->,20,8,->,20,9,->,20,10,->,20,11,->,20,12,->,20,13,->,20,14,->,20,15,->,20,16,->,20,17,->,20,18,->,20,19,->,20,20,->,20,21,->,20,22,->,20,23,->,20,24,->,20,25,->,20,26,->,20,27,->,20,28,->,20,29,->,20,30,->,20,31,->,20,32,->,20,33,->,20,34,->,20,35,->,20,36,->,20,37,->,20,38,->,20,39,->,20,40,->,20,41,->,20,42,->,20,43,->,20,44,->,20,45,->,20,46,->,20,47,->,20,48,->,20,49,->,20,50,->,20,51,->,20,52,->,20,53,->,20,54,->,20,55,->,20,56,->,20,57,->,20,58,->,20,59,->,20,60,->,20,61,->,20,62,->,20,63,->,20,64,->,20,65,->,20,66,->,20,67,->,20,68,->,20,69,->,20,70,->,20,71,->,20,72,->,20,73,->,20,74,->,20,75,->,20,76,->,20,77,->,20,78,->,20,79,->,20,80,->,20,81,->,20,82,->,20,83,->,20,84,->,20,85,->,20,86,->,20,87,->,20,88,->,20,89,->,20,90,->,20,91,->,20,95,->,20,96,->,20,97,->,20,100,->,20,103,->,20,104,->,20,105,->,20,106,->,20,109,->,20,111,->,20,112,->,20,113,->,20,114,->,20,115,->,20,116,->,20,117,->,20,118,->,20,119,->,20,120,->,20,121,->,20,122,->,20,123,->,20,124,->,20,125,->,20,126,->,20,127,->,20,128,->,20,129,->,20,130,->,20,131,->,20,132,->,20,133,->,20,134,->,20,135,->,20,136,->,20,137,->,20,139,->,20,140,->,20,141,->,20,145,->,20,146,->,20,147,->,20,148,->,20,149,->,20,150,->,20,151,->,20,152,->,20,153,->,20,154,->,20,155,->,20,156,->,20,157,->,20,158,->,20,159,->,20,160,->,20,161,->,20,162,->,20,163,->,20,164,->,20,165,->,20,166,->,20,167,->,20,168,->,20,169,->,20,170,->,20,171,->,20,172,->,20,173,->,20,174,->,20,175,->,20,176,->,20,177,->,20,178,->,20,179,->,20,180,->,20,181,->,20,182,->,20,183,->,20,184,->,20,185,->,20,186,->,20,187,->,20,188,->,20,189,->,20,190,->,20,191,->,20,192,->,20,193,->,20,194,->,20,195,->,20,196,->,20,197,->,20,198,->,20,199,->,20,200,->,20,201,->,20,202,->,20,203,->,20,204,->,20,205,->,20,206,->,20,207,->,20,208,->,20,209,->,20,210,->,20,211,->,20,212,->,20,213,->,20,214,->,20,215,->,20,216,->,20,217,->,20,218,->,20,219,->,20,220,->,20,221,->,20,222,->,20,223,->,20,224,->,20,225,->,20,226,->,20,227,->,20,228,->,20,229,->,20,230,->,20,231,->,20,232,->,20,233,->,20,234,->,20,235,->,20,236,->,20,237,->,20,238,->,20,239,->,20,240,->,20,241,->,20,242,->,20,243,->,20,244,->,20,245,->,20,246,->,20,247,->,20,248,->,20,249,->,20,250,->,20,251,->,20,252,->,20,253,->,20,254,->,20,255,->,20,256,->,20,257,->,20,258,->,20,259,->,20,260,->,20,261,->,20,262,->,20,263,->,20,264,->,20,265,->,20,266,->,20,267,->,20,268,->,20,269,->,20,270,->,20,271,->,20,272,->,20,273,->,20,274,->,20,275,->,20,276,->,20,277,->,20,278,->,20,279,->,20,280,->,20,281,->,20,282,->,20,283,->,20,284,->,20,285,->,20,286,->,20,287,->,20,288,->,20,289,->,20,290,->,20,291,->,20,292,->,20,293,->,20,294,->,20,295,->,20,296,->,20,297,->,20,298,->,20,299,->,20,300,->,20,301,->,20,302,->,20,303,->,21,0,->,21,1,->,21,2,->,21,3,->,21,4,->,21,5,->,21,6,->,21,7,->,21,8,->,21,9,->,21,10,->,21,11,->,21,12,->,21,13,->,21,14,->,21,15,->,21,16,->,21,17,->,21,18,->,21,19,->,21,20,->,21,21,->,21,22,->,21,23,->,21,24,->,21,25,->,21,26,->,21,27,->,21,28,->,21,29,->,21,30,->,21,31,->,21,32,->,21,33,->,21,34,->,21,35,->,21,36,->,21,37,->,21,38,->,21,39,->,21,40,->,21,41,->,21,42,->,21,43,->,21,44,->,21,45,->,21,46,->,21,47,->,21,48,->,21,49,->,21,50,->,21,51,->,21,52,->,21,53,->,21,54,->,21,55,->,21,56,->,21,57,->,21,58,->,21,59,->,21,60,->,21,61,->,21,62,->,21,63,->,21,64,->,21,65,->,21,66,->,21,67,->,21,68,->,21,69,->,21,70,->,21,71,->,21,72,->,21,73,->,21,74,->,21,75,->,21,76,->,21,77,->,21,78,->,21,79,->,21,80,->,21,81,->,21,82,->,21,83,->,21,84,->,21,85,->,21,86,->,21,87,->,21,88,->,21,89,->,21,92,->,21,94,->,21,98,->,21,101,->,21,104,->,21,106,->,21,110,->,21,111,->,21,112,->,21,113,->,21,114,->,21,115,->,21,116,->,21,117,->,21,118,->,21,119,->,21,120,->,21,121,->,21,122,->,21,123,->,21,124,->,21,125,->,21,126,->,21,127,->,21,128,->,21,129,->,21,130,->,21,131,->,21,132,->,21,133,->,21,134,->,21,135,->,21,136,->,21,137,->,21,140,->,21,142,->,21,146,->,21,147,->,21,148,->,21,149,->,21,150,->,21,151,->,21,152,->,21,153,->,21,154,->,21,155,->,21,156,->,21,157,->,21,158,->,21,159,->,21,160,->,21,161,->,21,162,->,21,163,->,21,164,->,21,165,->,21,166,->,21,167,->,21,168,->,21,169,->,21,170,->,21,171,->,21,172,->,21,173,->,21,174,->,21,175,->,21,176,->,21,177,->,21,178,->,21,179,->,21,180,->,21,181,->,21,182,->,21,183,->,21,184,->,21,185,->,21,186,->,21,187,->,21,188,->,21,189,->,21,190,->,21,191,->,21,192,->,21,193,->,21,194,->,21,195,->,21,196,->,21,197,->,21,198,->,21,199,->,21,200,->,21,201,->,21,202,->,21,203,->,21,204,->,21,205,->,21,206,->,21,207,->,21,208,->,21,209,->,21,210,->,21,211,->,21,212,->,21,213,->,21,214,->,21,215,->,21,216,->,21,217,->,21,218,->,21,219,->,21,220,->,21,221,->,21,222,->,21,223,->,21,224,->,21,225,->,21,226,->,21,227,->,21,228,->,21,229,->,21,230,->,21,231,->,21,232,->,21,233,->,21,234,->,21,235,->,21,236,->,21,237,->,21,238,->,21,239,->,21,240,->,21,241,->,21,242,->,21,243,->,21,244,->,21,245,->,21,246,->,21,247,->,21,248,->,21,249,->,21,250,->,21,251,->,21,252,->,21,253,->,21,254,->,21,255,->,21,256,->,21,257,->,21,258,->,21,259,->,21,260,->,21,261,->,21,262,->,21,263,->,21,264,->,21,265,->,21,266,->,21,267,->,21,268,->,21,269,->,21,270,->,21,271,->,21,272,->,21,273,->,21,274,->,21,275,->,21,276,->,21,277,->,21,278,->,21,279,->,21,280,->,21,281,->,21,282,->,21,283,->,21,284,->,21,285,->,21,286,->,21,287,->,21,288,->,21,289,->,21,290,->,21,291,->,21,292,->,21,293,->,21,294,->,21,295,->,21,296,->,21,297,->,21,298,->,21,299,->,21,300,->,21,301,->,21,302,->,21,303,->,22,0,->,22,1,->,22,2,->,22,3,->,22,4,->,22,5,->,22,6,->,22,7,->,22,8,->,22,9,->,22,10,->,22,11,->,22,12,->,22,13,->,22,14,->,22,15,->,22,16,->,22,17,->,22,18,->,22,19,->,22,20,->,22,21,->,22,22,->,22,23,->,22,24,->,22,25,->,22,26,->,22,27,->,22,28,->,22,29,->,22,30,->,22,31,->,22,32,->,22,33,->,22,34,->,22,35,->,22,36,->,22,37,->,22,38,->,22,39,->,22,40,->,22,41,->,22,42,->,22,43,->,22,44,->,22,45,->,22,46,->,22,47,->,22,48,->,22,49,->,22,50,->,22,51,->,22,52,->,22,53,->,22,54,->,22,55,->,22,56,->,22,57,->,22,58,->,22,59,->,22,60,->,22,61,->,22,62,->,22,63,->,22,64,->,22,65,->,22,66,->,22,67,->,22,68,->,22,69,->,22,70,->,22,71,->,22,72,->,22,73,->,22,74,->,22,75,->,22,76,->,22,77,->,22,78,->,22,79,->,22,80,->,22,81,->,22,82,->,22,83,->,22,84,->,22,85,->,22,86,->,22,87,->,22,97,->,22,99,->,22,100,->,22,101,->,22,105,->,22,106,->,22,107,->,22,108,->,22,109,->,22,110,->,22,112,->,22,113,->,22,114,->,22,115,->,22,116,->,22,117,->,22,118,->,22,119,->,22,120,->,22,121,->,22,122,->,22,123,->,22,124,->,22,125,->,22,126,->,22,127,->,22,128,->,22,129,->,22,130,->,22,131,->,22,132,->,22,133,->,22,134,->,22,135,->,22,136,->,22,137,->,22,138,->,22,141,->,22,142,->,22,143,->,22,144,->,22,145,->,22,146,->,22,147,->,22,148,->,22,149,->,22,150,->,22,151,->,22,152,->,22,153,->,22,154,->,22,155,->,22,156,->,22,157,->,22,158,->,22,159,->,22,160,->,22,161,->,22,162,->,22,163,->,22,164,->,22,165,->,22,166,->,22,167,->,22,168,->,22,169,->,22,170,->,22,171,->,22,172,->,22,173,->,22,174,->,22,175,->,22,176,->,22,177,->,22,178,->,22,179,->,22,180,->,22,181,->,22,182,->,22,183,->,22,184,->,22,185,->,22,186,->,22,187,->,22,188,->,22,189,->,22,190,->,22,191,->,22,192,->,22,193,->,22,194,->,22,195,->,22,196,->,22,197,->,22,198,->,22,199,->,22,200,->,22,201,->,22,202,->,22,203,->,22,204,->,22,205,->,22,206,->,22,207,->,22,208,->,22,209,->,22,210,->,22,211,->,22,212,->,22,213,->,22,214,->,22,215,->,22,216,->,22,217,->,22,218,->,22,219,->,22,220,->,22,221,->,22,222,->,22,223,->,22,224,->,22,225,->,22,226,->,22,227,->,22,228,->,22,229,->,22,230,->,22,231,->,22,232,->,22,233,->,22,234,->,22,235,->,22,236,->,22,237,->,22,238,->,22,239,->,22,240,->,22,241,->,22,242,->,22,243,->,22,244,->,22,245,->,22,246,->,22,247,->,22,248,->,22,249,->,22,250,->,22,251,->,22,252,->,22,253,->,22,254,->,22,255,->,22,256,->,22,257,->,22,258,->,22,259,->,22,260,->,22,261,->,22,262,->,22,263,->,22,264,->,22,265,->,22,266,->,22,267,->,22,268,->,22,269,->,22,270,->,22,271,->,22,272,->,22,273,->,22,274,->,22,275,->,22,276,->,22,277,->,22,278,->,22,279,->,22,280,->,22,281,->,22,282,->,22,283,->,22,284,->,22,285,->,22,286,->,22,287,->,22,288,->,22,289,->,22,290,->,22,291,->,22,292,->,22,293,->,22,294,->,22,295,->,22,296,->,22,297,->,22,298,->,22,299,->,22,300,->,22,301,->,22,302,->,22,303,->,23,0,->,23,1,->,23,2,->,23,3,->,23,4,->,23,5,->,23,6,->,23,7,->,23,8,->,23,9,->,23,10,->,23,11,->,23,12,->,23,13,->,23,14,->,23,15,->,23,16,->,23,17,->,23,18,->,23,19,->,23,20,->,23,21,->,23,22,->,23,23,->,23,24,->,23,25,->,23,26,->,23,27,->,23,28,->,23,29,->,23,30,->,23,31,->,23,32,->,23,33,->,23,34,->,23,35,->,23,36,->,23,37,->,23,38,->,23,39,->,23,40,->,23,41,->,23,42,->,23,43,->,23,44,->,23,45,->,23,46,->,23,47,->,23,48,->,23,49,->,23,50,->,23,51,->,23,52,->,23,53,->,23,54,->,23,55,->,23,56,->,23,57,->,23,58,->,23,59,->,23,60,->,23,61,->,23,62,->,23,63,->,23,64,->,23,65,->,23,66,->,23,67,->,23,68,->,23,69,->,23,70,->,23,71,->,23,72,->,23,73,->,23,74,->,23,75,->,23,76,->,23,77,->,23,78,->,23,79,->,23,80,->,23,81,->,23,82,->,23,83,->,23,84,->,23,85,->,23,87,->,23,89,->,23,91,->,23,100,->,23,104,->,23,108,->,23,109,->,23,110,->,23,111,->,23,112,->,23,113,->,23,114,->,23,115,->,23,116,->,23,117,->,23,118,->,23,119,->,23,120,->,23,121,->,23,122,->,23,123,->,23,124,->,23,125,->,23,126,->,23,127,->,23,128,->,23,129,->,23,130,->,23,131,->,23,132,->,23,133,->,23,134,->,23,135,->,23,136,->,23,137,->,23,138,->,23,139,->,23,140,->,23,141,->,23,142,->,23,143,->,23,144,->,23,146,->,23,147,->,23,148,->,23,149,->,23,150,->,23,151,->,23,152,->,23,153,->,23,154,->,23,155,->,23,156,->,23,157,->,23,158,->,23,159,->,23,160,->,23,161,->,23,162,->,23,163,->,23,164,->,23,165,->,23,166,->,23,167,->,23,168,->,23,169,->,23,170,->,23,171,->,23,172,->,23,173,->,23,174,->,23,175,->,23,176,->,23,177,->,23,178,->,23,179,->,23,180,->,23,181,->,23,182,->,23,183,->,23,184,->,23,185,->,23,186,->,23,187,->,23,188,->,23,189,->,23,190,->,23,191,->,23,192,->,23,193,->,23,194,->,23,195,->,23,196,->,23,197,->,23,198,->,23,199,->,23,200,->,23,201,->,23,202,->,23,203,->,23,204,->,23,205,->,23,206,->,23,207,->,23,208,->,23,209,->,23,210,->,23,211,->,23,212,->,23,213,->,23,214,->,23,215,->,23,216,->,23,217,->,23,218,->,23,219,->,23,220,->,23,221,->,23,222,->,23,223,->,23,224,->,23,225,->,23,226,->,23,227,->,23,228,->,23,229,->,23,230,->,23,231,->,23,232,->,23,233,->,23,234,->,23,235,->,23,236,->,23,237,->,23,238,->,23,239,->,23,240,->,23,241,->,23,242,->,23,243,->,23,244,->,23,245,->,23,246,->,23,247,->,23,248,->,23,249,->,23,250,->,23,251,->,23,252,->,23,253,->,23,254,->,23,255,->,23,256,->,23,257,->,23,258,->,23,259,->,23,260,->,23,261,->,23,262,->,23,263,->,23,264,->,23,265,->,23,266,->,23,267,->,23,268,->,23,269,->,23,270,->,23,271,->,23,272,->,23,273,->,23,274,->,23,275,->,23,276,->,23,277,->,23,278,->,23,279,->,23,280,->,23,281,->,23,282,->,23,283,->,23,284,->,23,285,->,23,286,->,23,287,->,23,288,->,23,289,->,23,290,->,23,291,->,23,292,->,23,293,->,23,294,->,23,295,->,23,296,->,23,297,->,23,298,->,23,299,->,23,300,->,23,301,->,23,302,->,23,303,->,24,0,->,24,1,->,24,2,->,24,3,->,24,4,->,24,5,->,24,6,->,24,7,->,24,8,->,24,9,->,24,10,->,24,11,->,24,12,->,24,13,->,24,14,->,24,15,->,24,16,->,24,17,->,24,18,->,24,19,->,24,20,->,24,21,->,24,22,->,24,23,->,24,24,->,24,25,->,24,26,->,24,27,->,24,28,->,24,29,->,24,30,->,24,31,->,24,32,->,24,33,->,24,34,->,24,35,->,24,36,->,24,37,->,24,38,->,24,39,->,24,40,->,24,41,->,24,42,->,24,43,->,24,44,->,24,45,->,24,46,->,24,47,->,24,48,->,24,49,->,24,50,->,24,51,->,24,52,->,24,53,->,24,54,->,24,55,->,24,56,->,24,57,->,24,58,->,24,59,->,24,60,->,24,61,->,24,62,->,24,63,->,24,64,->,24,65,->,24,66,->,24,67,->,24,68,->,24,69,->,24,70,->,24,71,->,24,72,->,24,73,->,24,74,->,24,75,->,24,76,->,24,77,->,24,78,->,24,79,->,24,80,->,24,81,->,24,82,->,24,83,->,24,86,->,24,88,->,24,89,->,24,93,->,24,94,->,24,97,->,24,102,->,24,106,->,24,108,->,24,109,->,24,110,->,24,111,->,24,112,->,24,113,->,24,114,->,24,115,->,24,116,->,24,117,->,24,118,->,24,119,->,24,120,->,24,121,->,24,122,->,24,123,->,24,124,->,24,125,->,24,126,->,24,127,->,24,128,->,24,129,->,24,130,->,24,131,->,24,132,->,24,133,->,24,134,->,24,135,->,24,136,->,24,137,->,24,138,->,24,139,->,24,140,->,24,141,->,24,142,->,24,143,->,24,144,->,24,145,->,24,147,->,24,148,->,24,149,->,24,150,->,24,151,->,24,152,->,24,153,->,24,154,->,24,155,->,24,156,->,24,157,->,24,158,->,24,159,->,24,160,->,24,161,->,24,162,->,24,163,->,24,164,->,24,165,->,24,166,->,24,167,->,24,168,->,24,169,->,24,170,->,24,171,->,24,172,->,24,173,->,24,174,->,24,175,->,24,176,->,24,177,->,24,178,->,24,179,->,24,180,->,24,181,->,24,182,->,24,183,->,24,184,->,24,185,->,24,186,->,24,187,->,24,188,->,24,189,->,24,190,->,24,191,->,24,192,->,24,193,->,24,194,->,24,195,->,24,196,->,24,197,->,24,198,->,24,199,->,24,200,->,24,201,->,24,202,->,24,203,->,24,204,->,24,205,->,24,206,->,24,207,->,24,208,->,24,209,->,24,210,->,24,211,->,24,212,->,24,213,->,24,214,->,24,215,->,24,216,->,24,217,->,24,218,->,24,219,->,24,220,->,24,221,->,24,222,->,24,223,->,24,224,->,24,225,->,24,226,->,24,227,->,24,228,->,24,229,->,24,230,->,24,231,->,24,232,->,24,233,->,24,234,->,24,235,->,24,236,->,24,237,->,24,238,->,24,239,->,24,240,->,24,241,->,24,242,->,24,243,->,24,244,->,24,245,->,24,246,->,24,247,->,24,248,->,24,249,->,24,250,->,24,251,->,24,252,->,24,253,->,24,254,->,24,255,->,24,256,->,24,257,->,24,258,->,24,259,->,24,260,->,24,261,->,24,262,->,24,263,->,24,264,->,24,265,->,24,266,->,24,267,->,24,268,->,24,269,->,24,270,->,24,271,->,24,272,->,24,273,->,24,274,->,24,275,->,24,276,->,24,277,->,24,278,->,24,279,->,24,280,->,24,281,->,24,282,->,24,283,->,24,284,->,24,285,->,24,286,->,24,287,->,24,288,->,24,289,->,24,290,->,24,291,->,24,292,->,24,293,->,24,294,->,24,295,->,24,296,->,24,297,->,24,298,->,24,299,->,24,300,->,24,301,->,24,302,->,24,303,->,25,0,->,25,1,->,25,2,->,25,3,->,25,4,->,25,5,->,25,6,->,25,7,->,25,8,->,25,9,->,25,10,->,25,11,->,25,12,->,25,13,->,25,14,->,25,15,->,25,16,->,25,17,->,25,18,->,25,19,->,25,20,->,25,21,->,25,22,->,25,23,->,25,24,->,25,25,->,25,26,->,25,27,->,25,28,->,25,29,->,25,30,->,25,31,->,25,32,->,25,33,->,25,34,->,25,35,->,25,36,->,25,37,->,25,38,->,25,39,->,25,40,->,25,41,->,25,42,->,25,43,->,25,44,->,25,45,->,25,46,->,25,47,->,25,48,->,25,49,->,25,50,->,25,51,->,25,52,->,25,53,->,25,54,->,25,55,->,25,56,->,25,57,->,25,58,->,25,59,->,25,60,->,25,61,->,25,62,->,25,63,->,25,64,->,25,65,->,25,66,->,25,67,->,25,68,->,25,69,->,25,70,->,25,71,->,25,72,->,25,73,->,25,74,->,25,75,->,25,76,->,25,77,->,25,78,->,25,79,->,25,80,->,25,81,->,25,84,->,25,92,->,25,94,->,25,97,->,25,99,->,25,100,->,25,101,->,25,102,->,25,103,->,25,105,->,25,107,->,25,108,->,25,109,->,25,110,->,25,111,->,25,112,->,25,113,->,25,114,->,25,115,->,25,116,->,25,117,->,25,118,->,25,119,->,25,120,->,25,121,->,25,122,->,25,123,->,25,124,->,25,125,->,25,126,->,25,127,->,25,128,->,25,129,->,25,130,->,25,131,->,25,132,->,25,133,->,25,134,->,25,135,->,25,136,->,25,137,->,25,138,->,25,139,->,25,140,->,25,141,->,25,143,->,25,146,->,25,147,->,25,148,->,25,149,->,25,150,->,25,151,->,25,152,->,25,153,->,25,154,->,25,155,->,25,156,->,25,157,->,25,158,->,25,159,->,25,160,->,25,161,->,25,162,->,25,163,->,25,164,->,25,165,->,25,166,->,25,167,->,25,168,->,25,169,->,25,170,->,25,171,->,25,172,->,25,173,->,25,174,->,25,175,->,25,176,->,25,177,->,25,178,->,25,179,->,25,180,->,25,181,->,25,182,->,25,183,->,25,184,->,25,185,->,25,186,->,25,187,->,25,188,->,25,189,->,25,190,->,25,191,->,25,192,->,25,193,->,25,194,->,25,195,->,25,196,->,25,197,->,25,198,->,25,199,->,25,200,->,25,201,->,25,202,->,25,203,->,25,204,->,25,205,->,25,206,->,25,207,->,25,208,->,25,209,->,25,210,->,25,211,->,25,212,->,25,213,->,25,214,->,25,215,->,25,216,->,25,217,->,25,218,->,25,219,->,25,220,->,25,221,->,25,222,->,25,223,->,25,224,->,25,225,->,25,226,->,25,227,->,25,228,->,25,229,->,25,230,->,25,231,->,25,232,->,25,233,->,25,234,->,25,235,->,25,236,->,25,237,->,25,238,->,25,239,->,25,240,->,25,241,->,25,242,->,25,243,->,25,244,->,25,245,->,25,246,->,25,247,->,25,248,->,25,249,->,25,250,->,25,251,->,25,252,->,25,253,->,25,254,->,25,255,->,25,256,->,25,257,->,25,258,->,25,259,->,25,260,->,25,261,->,25,262,->,25,263,->,25,264,->,25,265,->,25,266,->,25,267,->,25,268,->,25,269,->,25,270,->,25,271,->,25,272,->,25,273,->,25,274,->,25,275,->,25,276,->,25,277,->,25,278,->,25,279,->,25,280,->,25,281,->,25,282,->,25,283,->,25,284,->,25,285,->,25,286,->,25,287,->,25,288,->,25,289,->,25,290,->,25,291,->,25,292,->,25,293,->,25,294,->,25,295,->,25,296,->,25,297,->,25,298,->,25,299,->,25,300,->,25,301,->,25,302,->,25,303,->,26,0,->,26,1,->,26,2,->,26,3,->,26,4,->,26,5,->,26,6,->,26,7,->,26,8,->,26,9,->,26,10,->,26,11,->,26,12,->,26,13,->,26,14,->,26,15,->,26,16,->,26,17,->,26,18,->,26,19,->,26,20,->,26,21,->,26,22,->,26,23,->,26,24,->,26,25,->,26,26,->,26,27,->,26,28,->,26,29,->,26,30,->,26,31,->,26,32,->,26,33,->,26,34,->,26,35,->,26,36,->,26,37,->,26,38,->,26,39,->,26,40,->,26,41,->,26,42,->,26,43,->,26,44,->,26,45,->,26,46,->,26,47,->,26,48,->,26,49,->,26,50,->,26,51,->,26,52,->,26,53,->,26,54,->,26,55,->,26,56,->,26,57,->,26,58,->,26,59,->,26,60,->,26,61,->,26,62,->,26,63,->,26,64,->,26,65,->,26,66,->,26,67,->,26,68,->,26,69,->,26,70,->,26,71,->,26,72,->,26,73,->,26,74,->,26,75,->,26,76,->,26,77,->,26,78,->,26,79,->,26,84,->,26,85,->,26,86,->,26,87,->,26,88,->,26,89,->,26,90,->,26,91,->,26,103,->,26,104,->,26,106,->,26,107,->,26,108,->,26,109,->,26,110,->,26,111,->,26,112,->,26,113,->,26,114,->,26,115,->,26,116,->,26,117,->,26,118,->,26,119,->,26,120,->,26,121,->,26,122,->,26,123,->,26,124,->,26,125,->,26,126,->,26,127,->,26,128,->,26,129,->,26,130,->,26,131,->,26,132,->,26,133,->,26,134,->,26,135,->,26,136,->,26,138,->,26,140,->,26,141,->,26,142,->,26,143,->,26,144,->,26,145,->,26,146,->,26,147,->,26,148,->,26,149,->,26,150,->,26,151,->,26,152,->,26,153,->,26,154,->,26,155,->,26,156,->,26,157,->,26,158,->,26,159,->,26,160,->,26,161,->,26,162,->,26,163,->,26,164,->,26,165,->,26,166,->,26,167,->,26,168,->,26,169,->,26,170,->,26,171,->,26,172,->,26,173,->,26,174,->,26,175,->,26,176,->,26,177,->,26,178,->,26,179,->,26,180,->,26,181,->,26,182,->,26,183,->,26,184,->,26,185,->,26,186,->,26,187,->,26,188,->,26,189,->,26,190,->,26,191,->,26,192,->,26,193,->,26,194,->,26,195,->,26,196,->,26,197,->,26,198,->,26,199,->,26,200,->,26,201,->,26,202,->,26,203,->,26,204,->,26,205,->,26,206,->,26,207,->,26,208,->,26,209,->,26,210,->,26,211,->,26,212,->,26,213,->,26,214,->,26,215,->,26,216,->,26,217,->,26,218,->,26,219,->,26,220,->,26,221,->,26,222,->,26,223,->,26,224,->,26,225,->,26,226,->,26,227,->,26,228,->,26,229,->,26,230,->,26,231,->,26,232,->,26,233,->,26,234,->,26,235,->,26,236,->,26,237,->,26,238,->,26,239,->,26,240,->,26,241,->,26,242,->,26,243,->,26,244,->,26,245,->,26,246,->,26,247,->,26,248,->,26,249,->,26,250,->,26,251,->,26,252,->,26,253,->,26,254,->,26,255,->,26,256,->,26,257,->,26,258,->,26,259,->,26,260,->,26,261,->,26,262,->,26,263,->,26,264,->,26,265,->,26,266,->,26,267,->,26,268,->,26,269,->,26,270,->,26,271,->,26,272,->,26,273,->,26,274,->,26,275,->,26,276,->,26,277,->,26,278,->,26,279,->,26,280,->,26,281,->,26,282,->,26,283,->,26,284,->,26,285,->,26,286,->,26,287,->,26,288,->,26,289,->,26,290,->,26,291,->,26,292,->,26,293,->,26,294,->,26,295,->,26,296,->,26,297,->,26,298,->,26,299,->,26,300,->,26,301,->,26,302,->,26,303,->,27,0,->,27,1,->,27,2,->,27,3,->,27,4,->,27,5,->,27,6,->,27,7,->,27,8,->,27,9,->,27,10,->,27,11,->,27,12,->,27,13,->,27,14,->,27,15,->,27,16,->,27,17,->,27,18,->,27,19,->,27,20,->,27,21,->,27,22,->,27,23,->,27,24,->,27,25,->,27,26,->,27,27,->,27,28,->,27,29,->,27,30,->,27,31,->,27,32,->,27,33,->,27,34,->,27,35,->,27,36,->,27,37,->,27,38,->,27,39,->,27,40,->,27,41,->,27,42,->,27,43,->,27,44,->,27,45,->,27,46,->,27,47,->,27,48,->,27,49,->,27,50,->,27,51,->,27,52,->,27,53,->,27,54,->,27,55,->,27,56,->,27,57,->,27,58,->,27,59,->,27,60,->,27,61,->,27,62,->,27,63,->,27,64,->,27,65,->,27,66,->,27,67,->,27,68,->,27,69,->,27,70,->,27,71,->,27,72,->,27,73,->,27,74,->,27,75,->,27,76,->,27,78,->,27,79,->,27,81,->,27,84,->,27,85,->,27,86,->,27,88,->,27,89,->,27,93,->,27,98,->,27,102,->,27,104,->,27,105,->,27,106,->,27,107,->,27,108,->,27,109,->,27,110,->,27,111,->,27,112,->,27,113,->,27,114,->,27,115,->,27,116,->,27,117,->,27,118,->,27,119,->,27,120,->,27,121,->,27,122,->,27,123,->,27,124,->,27,125,->,27,126,->,27,127,->,27,128,->,27,129,->,27,130,->,27,131,->,27,132,->,27,133,->,27,134,->,27,135,->,27,136,->,27,138,->,27,139,->,27,141,->,27,142,->,27,143,->,27,144,->,27,145,->,27,146,->,27,147,->,27,148,->,27,149,->,27,150,->,27,151,->,27,152,->,27,153,->,27,154,->,27,155,->,27,156,->,27,157,->,27,158,->,27,159,->,27,160,->,27,161,->,27,162,->,27,163,->,27,164,->,27,165,->,27,166,->,27,167,->,27,168,->,27,169,->,27,170,->,27,171,->,27,172,->,27,173,->,27,174,->,27,175,->,27,176,->,27,177,->,27,178,->,27,179,->,27,180,->,27,181,->,27,182,->,27,183,->,27,184,->,27,185,->,27,186,->,27,187,->,27,188,->,27,189,->,27,190,->,27,191,->,27,192,->,27,193,->,27,194,->,27,195,->,27,196,->,27,197,->,27,198,->,27,199,->,27,200,->,27,201,->,27,202,->,27,203,->,27,204,->,27,205,->,27,206,->,27,207,->,27,208,->,27,209,->,27,210,->,27,211,->,27,212,->,27,213,->,27,214,->,27,215,->,27,216,->,27,217,->,27,218,->,27,219,->,27,220,->,27,221,->,27,222,->,27,223,->,27,224,->,27,225,->,27,226,->,27,227,->,27,228,->,27,229,->,27,230,->,27,231,->,27,232,->,27,233,->,27,234,->,27,235,->,27,236,->,27,237,->,27,238,->,27,239,->,27,240,->,27,241,->,27,242,->,27,243,->,27,244,->,27,245,->,27,246,->,27,247,->,27,248,->,27,249,->,27,250,->,27,251,->,27,252,->,27,253,->,27,254,->,27,255,->,27,256,->,27,257,->,27,258,->,27,259,->,27,260,->,27,261,->,27,262,->,27,263,->,27,264,->,27,265,->,27,266,->,27,267,->,27,268,->,27,269,->,27,270,->,27,271,->,27,272,->,27,273,->,27,274,->,27,275,->,27,276,->,27,277,->,27,278,->,27,279,->,27,280,->,27,281,->,27,282,->,27,283,->,27,284,->,27,285,->,27,286,->,27,287,->,27,288,->,27,289,->,27,290,->,27,291,->,27,292,->,27,293,->,27,294,->,27,295,->,27,296,->,27,297,->,27,298,->,27,299,->,27,300,->,27,301,->,27,302,->,27,303,->,28,0,->,28,1,->,28,2,->,28,3,->,28,4,->,28,5,->,28,6,->,28,7,->,28,8,->,28,9,->,28,10,->,28,11,->,28,12,->,28,13,->,28,14,->,28,15,->,28,16,->,28,17,->,28,18,->,28,19,->,28,20,->,28,21,->,28,22,->,28,23,->,28,24,->,28,25,->,28,26,->,28,27,->,28,28,->,28,29,->,28,30,->,28,31,->,28,32,->,28,33,->,28,34,->,28,35,->,28,36,->,28,37,->,28,38,->,28,39,->,28,40,->,28,41,->,28,42,->,28,43,->,28,44,->,28,45,->,28,46,->,28,47,->,28,48,->,28,49,->,28,50,->,28,51,->,28,52,->,28,53,->,28,54,->,28,55,->,28,56,->,28,57,->,28,58,->,28,59,->,28,60,->,28,61,->,28,62,->,28,63,->,28,64,->,28,65,->,28,66,->,28,67,->,28,68,->,28,69,->,28,70,->,28,71,->,28,72,->,28,73,->,28,79,->,28,80,->,28,81,->,28,83,->,28,84,->,28,85,->,28,86,->,28,88,->,28,89,->,28,90,->,28,94,->,28,95,->,28,98,->,28,99,->,28,101,->,28,105,->,28,107,->,28,108,->,28,109,->,28,110,->,28,111,->,28,112,->,28,113,->,28,114,->,28,115,->,28,116,->,28,117,->,28,123,->,28,124,->,28,125,->,28,126,->,28,127,->,28,128,->,28,129,->,28,130,->,28,131,->,28,132,->,28,133,->,28,135,->,28,137,->,28,139,->,28,140,->,28,141,->,28,142,->,28,143,->,28,144,->,28,145,->,28,146,->,28,147,->,28,148,->,28,149,->,28,150,->,28,151,->,28,152,->,28,153,->,28,154,->,28,155,->,28,156,->,28,157,->,28,158,->,28,159,->,28,160,->,28,161,->,28,163,->,28,164,->,28,165,->,28,166,->,28,167,->,28,168,->,28,169,->,28,170,->,28,171,->,28,172,->,28,173,->,28,174,->,28,175,->,28,176,->,28,177,->,28,178,->,28,179,->,28,180,->,28,181,->,28,182,->,28,183,->,28,184,->,28,185,->,28,186,->,28,187,->,28,188,->,28,189,->,28,190,->,28,191,->,28,192,->,28,193,->,28,194,->,28,195,->,28,196,->,28,197,->,28,198,->,28,199,->,28,200,->,28,201,->,28,202,->,28,203,->,28,204,->,28,205,->,28,206,->,28,207,->,28,208,->,28,209,->,28,210,->,28,211,->,28,212,->,28,213,->,28,214,->,28,215,->,28,216,->,28,217,->,28,218,->,28,219,->,28,220,->,28,221,->,28,222,->,28,223,->,28,224,->,28,225,->,28,226,->,28,227,->,28,228,->,28,229,->,28,230,->,28,231,->,28,232,->,28,233,->,28,234,->,28,235,->,28,236,->,28,237,->,28,238,->,28,239,->,28,240,->,28,241,->,28,242,->,28,243,->,28,244,->,28,245,->,28,246,->,28,247,->,28,248,->,28,249,->,28,250,->,28,251,->,28,252,->,28,253,->,28,254,->,28,255,->,28,256,->,28,257,->,28,258,->,28,259,->,28,260,->,28,261,->,28,262,->,28,263,->,28,264,->,28,265,->,28,266,->,28,267,->,28,268,->,28,269,->,28,270,->,28,271,->,28,272,->,28,273,->,28,274,->,28,275,->,28,276,->,28,277,->,28,278,->,28,279,->,28,280,->,28,281,->,28,282,->,28,283,->,28,284,->,28,285,->,28,286,->,28,287,->,28,288,->,28,289,->,28,290,->,28,291,->,28,292,->,28,293,->,28,294,->,28,295,->,28,296,->,28,297,->,28,298,->,28,299,->,28,300,->,28,301,->,28,302,->,28,303,->,29,0,->,29,1,->,29,2,->,29,3,->,29,4,->,29,5,->,29,6,->,29,7,->,29,8,->,29,9,->,29,10,->,29,11,->,29,12,->,29,13,->,29,14,->,29,15,->,29,16,->,29,17,->,29,18,->,29,19,->,29,20,->,29,21,->,29,22,->,29,23,->,29,24,->,29,25,->,29,26,->,29,27,->,29,28,->,29,29,->,29,30,->,29,31,->,29,32,->,29,33,->,29,34,->,29,35,->,29,36,->,29,37,->,29,38,->,29,39,->,29,40,->,29,41,->,29,42,->,29,43,->,29,44,->,29,45,->,29,46,->,29,47,->,29,48,->,29,49,->,29,50,->,29,51,->,29,52,->,29,53,->,29,54,->,29,55,->,29,56,->,29,57,->,29,58,->,29,59,->,29,60,->,29,61,->,29,62,->,29,63,->,29,64,->,29,65,->,29,66,->,29,67,->,29,68,->,29,69,->,29,70,->,29,71,->,29,77,->,29,78,->,29,80,->,29,82,->,29,83,->,29,85,->,29,86,->,29,87,->,29,88,->,29,89,->,29,92,->,29,94,->,29,96,->,29,97,->,29,99,->,29,100,->,29,103,->,29,105,->,29,107,->,29,108,->,29,109,->,29,110,->,29,111,->,29,112,->,29,113,->,29,114,->,29,115,->,29,124,->,29,125,->,29,126,->,29,127,->,29,128,->,29,129,->,29,130,->,29,131,->,29,132,->,29,133,->,29,134,->,29,135,->,29,136,->,29,138,->,29,139,->,29,140,->,29,141,->,29,142,->,29,143,->,29,144,->,29,145,->,29,146,->,29,147,->,29,148,->,29,149,->,29,150,->,29,151,->,29,152,->,29,153,->,29,154,->,29,155,->,29,156,->,29,157,->,29,158,->,29,159,->,29,160,->,29,161,->,29,162,->,29,164,->,29,165,->,29,166,->,29,167,->,29,168,->,29,169,->,29,170,->,29,171,->,29,172,->,29,173,->,29,174,->,29,175,->,29,176,->,29,177,->,29,178,->,29,179,->,29,180,->,29,181,->,29,182,->,29,183,->,29,184,->,29,185,->,29,186,->,29,187,->,29,188,->,29,189,->,29,190,->,29,191,->,29,192,->,29,193,->,29,194,->,29,195,->,29,196,->,29,197,->,29,198,->,29,199,->,29,200,->,29,201,->,29,202,->,29,203,->,29,204,->,29,205,->,29,206,->,29,207,->,29,208,->,29,209,->,29,210,->,29,211,->,29,212,->,29,213,->,29,214,->,29,215,->,29,216,->,29,217,->,29,218,->,29,219,->,29,220,->,29,221,->,29,222,->,29,223,->,29,224,->,29,225,->,29,226,->,29,227,->,29,228,->,29,229,->,29,230,->,29,231,->,29,232,->,29,233,->,29,234,->,29,235,->,29,236,->,29,237,->,29,238,->,29,239,->,29,240,->,29,241,->,29,242,->,29,243,->,29,244,->,29,245,->,29,246,->,29,247,->,29,248,->,29,249,->,29,250,->,29,251,->,29,252,->,29,253,->,29,254,->,29,255,->,29,256,->,29,257,->,29,258,->,29,259,->,29,260,->,29,261,->,29,262,->,29,263,->,29,264,->,29,265,->,29,266,->,29,267,->,29,268,->,29,269,->,29,270,->,29,271,->,29,272,->,29,273,->,29,274,->,29,275,->,29,276,->,29,277,->,29,278,->,29,279,->,29,280,->,29,281,->,29,282,->,29,283,->,29,284,->,29,285,->,29,286,->,29,287,->,29,288,->,29,289,->,29,290,->,29,291,->,29,292,->,29,293,->,29,294,->,29,295,->,29,296,->,29,297,->,29,298,->,29,299,->,29,300,->,29,301,->,29,302,->,29,303,->,30,0,->,30,1,->,30,2,->,30,3,->,30,4,->,30,5,->,30,6,->,30,7,->,30,8,->,30,9,->,30,10,->,30,11,->,30,12,->,30,13,->,30,14,->,30,15,->,30,16,->,30,17,->,30,18,->,30,19,->,30,20,->,30,21,->,30,22,->,30,23,->,30,24,->,30,25,->,30,26,->,30,27,->,30,28,->,30,29,->,30,30,->,30,31,->,30,32,->,30,33,->,30,34,->,30,35,->,30,36,->,30,37,->,30,38,->,30,39,->,30,40,->,30,41,->,30,42,->,30,43,->,30,44,->,30,45,->,30,46,->,30,47,->,30,48,->,30,49,->,30,50,->,30,51,->,30,52,->,30,53,->,30,54,->,30,55,->,30,56,->,30,57,->,30,58,->,30,59,->,30,60,->,30,61,->,30,62,->,30,63,->,30,64,->,30,65,->,30,66,->,30,67,->,30,68,->,30,71,->,30,72,->,30,78,->,30,86,->,30,90,->,30,92,->,30,97,->,30,99,->,30,103,->,30,104,->,30,105,->,30,106,->,30,107,->,30,108,->,30,109,->,30,110,->,30,111,->,30,112,->,30,113,->,30,114,->,30,125,->,30,126,->,30,127,->,30,128,->,30,129,->,30,130,->,30,131,->,30,132,->,30,133,->,30,134,->,30,135,->,30,137,->,30,138,->,30,139,->,30,140,->,30,141,->,30,142,->,30,143,->,30,144,->,30,145,->,30,146,->,30,147,->,30,148,->,30,149,->,30,150,->,30,151,->,30,152,->,30,153,->,30,154,->,30,155,->,30,156,->,30,157,->,30,158,->,30,159,->,30,160,->,30,161,->,30,162,->,30,163,->,30,164,->,30,165,->,30,166,->,30,167,->,30,168,->,30,169,->,30,170,->,30,171,->,30,172,->,30,173,->,30,174,->,30,175,->,30,176,->,30,177,->,30,178,->,30,179,->,30,180,->,30,181,->,30,182,->,30,183,->,30,184,->,30,185,->,30,186,->,30,187,->,30,188,->,30,189,->,30,190,->,30,191,->,30,192,->,30,193,->,30,194,->,30,195,->,30,196,->,30,197,->,30,198,->,30,199,->,30,200,->,30,201,->,30,202,->,30,203,->,30,204,->,30,205,->,30,206,->,30,207,->,30,208,->,30,209,->,30,210,->,30,211,->,30,212,->,30,213,->,30,214,->,30,215,->,30,216,->,30,217,->,30,218,->,30,219,->,30,220,->,30,221,->,30,222,->,30,223,->,30,224,->,30,225,->,30,226,->,30,227,->,30,228,->,30,229,->,30,230,->,30,231,->,30,232,->,30,233,->,30,234,->,30,235,->,30,236,->,30,237,->,30,238,->,30,239,->,30,240,->,30,241,->,30,242,->,30,243,->,30,244,->,30,245,->,30,246,->,30,247,->,30,248,->,30,249,->,30,250,->,30,251,->,30,252,->,30,253,->,30,254,->,30,255,->,30,256,->,30,257,->,30,258,->,30,259,->,30,260,->,30,261,->,30,262,->,30,263,->,30,264,->,30,265,->,30,266,->,30,267,->,30,268,->,30,269,->,30,270,->,30,271,->,30,272,->,30,273,->,30,274,->,30,275,->,30,276,->,30,277,->,30,278,->,30,279,->,30,280,->,30,281,->,30,282,->,30,283,->,30,284,->,30,285,->,30,286,->,30,287,->,30,288,->,30,289,->,30,290,->,30,291,->,30,292,->,30,293,->,30,294,->,30,295,->,30,296,->,30,297,->,30,298,->,30,299,->,30,300,->,30,301,->,30,302,->,30,303,->,31,0,->,31,1,->,31,2,->,31,3,->,31,4,->,31,5,->,31,6,->,31,7,->,31,8,->,31,9,->,31,10,->,31,11,->,31,12,->,31,13,->,31,14,->,31,15,->,31,16,->,31,17,->,31,18,->,31,19,->,31,20,->,31,21,->,31,22,->,31,23,->,31,24,->,31,25,->,31,26,->,31,27,->,31,28,->,31,29,->,31,30,->,31,31,->,31,32,->,31,33,->,31,34,->,31,35,->,31,36,->,31,37,->,31,38,->,31,39,->,31,40,->,31,41,->,31,42,->,31,43,->,31,44,->,31,45,->,31,46,->,31,47,->,31,48,->,31,49,->,31,50,->,31,51,->,31,52,->,31,53,->,31,54,->,31,55,->,31,56,->,31,57,->,31,58,->,31,59,->,31,60,->,31,61,->,31,62,->,31,63,->,31,64,->,31,65,->,31,66,->,31,68,->,31,71,->,31,75,->,31,79,->,31,81,->,31,82,->,31,85,->,31,87,->,31,88,->,31,90,->,31,91,->,31,93,->,31,96,->,31,97,->,31,99,->,31,101,->,31,104,->,31,105,->,31,106,->,31,107,->,31,108,->,31,109,->,31,110,->,31,111,->,31,112,->,31,126,->,31,127,->,31,128,->,31,129,->,31,130,->,31,131,->,31,132,->,31,133,->,31,134,->,31,135,->,31,137,->,31,140,->,31,141,->,31,142,->,31,143,->,31,144,->,31,145,->,31,146,->,31,147,->,31,148,->,31,149,->,31,150,->,31,151,->,31,152,->,31,153,->,31,154,->,31,155,->,31,156,->,31,157,->,31,158,->,31,159,->,31,160,->,31,161,->,31,162,->,31,163,->,31,164,->,31,165,->,31,166,->,31,167,->,31,168,->,31,169,->,31,170,->,31,171,->,31,172,->,31,173,->,31,174,->,31,175,->,31,176,->,31,177,->,31,178,->,31,179,->,31,180,->,31,181,->,31,182,->,31,183,->,31,184,->,31,185,->,31,186,->,31,187,->,31,188,->,31,189,->,31,190,->,31,191,->,31,192,->,31,193,->,31,194,->,31,195,->,31,196,->,31,197,->,31,198,->,31,199,->,31,200,->,31,201,->,31,202,->,31,203,->,31,204,->,31,205,->,31,206,->,31,207,->,31,208,->,31,209,->,31,210,->,31,211,->,31,212,->,31,213,->,31,214,->,31,215,->,31,216,->,31,217,->,31,218,->,31,219,->,31,220,->,31,221,->,31,222,->,31,223,->,31,224,->,31,225,->,31,226,->,31,227,->,31,228,->,31,229,->,31,230,->,31,231,->,31,232,->,31,233,->,31,234,->,31,235,->,31,236,->,31,237,->,31,238,->,31,239,->,31,240,->,31,241,->,31,242,->,31,243,->,31,244,->,31,245,->,31,246,->,31,247,->,31,248,->,31,249,->,31,250,->,31,251,->,31,252,->,31,253,->,31,254,->,31,255,->,31,256,->,31,257,->,31,258,->,31,259,->,31,260,->,31,261,->,31,262,->,31,263,->,31,264,->,31,265,->,31,266,->,31,267,->,31,268,->,31,269,->,31,270,->,31,271,->,31,272,->,31,273,->,31,274,->,31,275,->,31,276,->,31,277,->,31,278,->,31,279,->,31,280,->,31,281,->,31,282,->,31,283,->,31,284,->,31,285,->,31,286,->,31,287,->,31,288,->,31,289,->,31,290,->,31,291,->,31,292,->,31,293,->,31,294,->,31,295,->,31,296,->,31,297,->,31,298,->,31,299,->,31,300,->,31,301,->,31,302,->,31,303,->,32,0,->,32,1,->,32,2,->,32,3,->,32,4,->,32,5,->,32,6,->,32,7,->,32,8,->,32,9,->,32,10,->,32,11,->,32,12,->,32,13,->,32,14,->,32,15,->,32,16,->,32,17,->,32,18,->,32,19,->,32,20,->,32,21,->,32,22,->,32,23,->,32,24,->,32,25,->,32,26,->,32,27,->,32,28,->,32,29,->,32,30,->,32,31,->,32,32,->,32,33,->,32,34,->,32,35,->,32,36,->,32,37,->,32,38,->,32,39,->,32,40,->,32,41,->,32,42,->,32,43,->,32,44,->,32,45,->,32,46,->,32,47,->,32,48,->,32,49,->,32,50,->,32,51,->,32,52,->,32,53,->,32,54,->,32,55,->,32,56,->,32,57,->,32,58,->,32,59,->,32,60,->,32,61,->,32,62,->,32,63,->,32,66,->,32,67,->,32,71,->,32,79,->,32,80,->,32,83,->,32,85,->,32,87,->,32,88,->,32,90,->,32,92,->,32,94,->,32,97,->,32,98,->,32,99,->,32,101,->,32,102,->,32,103,->,32,104,->,32,105,->,32,106,->,32,107,->,32,108,->,32,109,->,32,110,->,32,111,->,32,122,->,32,127,->,32,128,->,32,129,->,32,130,->,32,131,->,32,132,->,32,133,->,32,134,->,32,136,->,32,137,->,32,139,->,32,140,->,32,141,->,32,142,->,32,143,->,32,144,->,32,145,->,32,146,->,32,147,->,32,148,->,32,149,->,32,150,->,32,151,->,32,152,->,32,153,->,32,154,->,32,155,->,32,156,->,32,157,->,32,158,->,32,159,->,32,160,->,32,161,->,32,162,->,32,163,->,32,164,->,32,165,->,32,166,->,32,167,->,32,168,->,32,169,->,32,170,->,32,171,->,32,172,->,32,173,->,32,174,->,32,175,->,32,176,->,32,177,->,32,178,->,32,179,->,32,180,->,32,181,->,32,182,->,32,183,->,32,184,->,32,185,->,32,186,->,32,187,->,32,188,->,32,189,->,32,190,->,32,191,->,32,192,->,32,193,->,32,194,->,32,195,->,32,196,->,32,197,->,32,198,->,32,199,->,32,200,->,32,201,->,32,202,->,32,203,->,32,204,->,32,205,->,32,206,->,32,207,->,32,208,->,32,209,->,32,210,->,32,211,->,32,212,->,32,213,->,32,214,->,32,215,->,32,216,->,32,217,->,32,218,->,32,219,->,32,220,->,32,221,->,32,222,->,32,223,->,32,224,->,32,225,->,32,226,->,32,227,->,32,228,->,32,229,->,32,230,->,32,231,->,32,232,->,32,233,->,32,234,->,32,235,->,32,236,->,32,237,->,32,238,->,32,239,->,32,240,->,32,241,->,32,242,->,32,243,->,32,244,->,32,245,->,32,246,->,32,247,->,32,248,->,32,249,->,32,250,->,32,251,->,32,252,->,32,253,->,32,254,->,32,255,->,32,256,->,32,257,->,32,258,->,32,259,->,32,260,->,32,261,->,32,262,->,32,263,->,32,264,->,32,265,->,32,266,->,32,267,->,32,268,->,32,269,->,32,270,->,32,271,->,32,272,->,32,273,->,32,274,->,32,275,->,32,276,->,32,277,->,32,278,->,32,279,->,32,280,->,32,281,->,32,282,->,32,283,->,32,284,->,32,285,->,32,286,->,32,287,->,32,288,->,32,289,->,32,290,->,32,291,->,32,292,->,32,293,->,32,294,->,32,295,->,32,296,->,32,297,->,32,298,->,32,299,->,32,300,->,32,301,->,32,302,->,32,303,->,33,0,->,33,1,->,33,2,->,33,3,->,33,4,->,33,5,->,33,6,->,33,7,->,33,8,->,33,9,->,33,10,->,33,11,->,33,12,->,33,13,->,33,14,->,33,15,->,33,16,->,33,17,->,33,18,->,33,19,->,33,20,->,33,21,->,33,22,->,33,23,->,33,24,->,33,25,->,33,26,->,33,27,->,33,28,->,33,29,->,33,30,->,33,31,->,33,32,->,33,33,->,33,34,->,33,35,->,33,36,->,33,37,->,33,38,->,33,39,->,33,40,->,33,41,->,33,42,->,33,43,->,33,44,->,33,45,->,33,46,->,33,47,->,33,48,->,33,49,->,33,50,->,33,51,->,33,52,->,33,53,->,33,54,->,33,55,->,33,56,->,33,57,->,33,58,->,33,59,->,33,60,->,33,61,->,33,62,->,33,63,->,33,64,->,33,68,->,33,69,->,33,70,->,33,72,->,33,74,->,33,79,->,33,81,->,33,82,->,33,83,->,33,86,->,33,87,->,33,88,->,33,89,->,33,91,->,33,92,->,33,93,->,33,94,->,33,95,->,33,97,->,33,99,->,33,100,->,33,101,->,33,102,->,33,103,->,33,104,->,33,105,->,33,106,->,33,107,->,33,108,->,33,109,->,33,110,->,33,111,->,33,121,->,33,124,->,33,125,->,33,126,->,33,127,->,33,128,->,33,129,->,33,130,->,33,131,->,33,132,->,33,133,->,33,134,->,33,135,->,33,136,->,33,138,->,33,139,->,33,140,->,33,141,->,33,142,->,33,143,->,33,144,->,33,145,->,33,146,->,33,147,->,33,148,->,33,149,->,33,150,->,33,151,->,33,152,->,33,153,->,33,154,->,33,155,->,33,156,->,33,157,->,33,158,->,33,159,->,33,160,->,33,161,->,33,162,->,33,163,->,33,164,->,33,165,->,33,166,->,33,167,->,33,168,->,33,169,->,33,170,->,33,171,->,33,172,->,33,173,->,33,174,->,33,175,->,33,176,->,33,177,->,33,178,->,33,179,->,33,180,->,33,181,->,33,182,->,33,183,->,33,184,->,33,185,->,33,186,->,33,187,->,33,188,->,33,189,->,33,190,->,33,191,->,33,192,->,33,193,->,33,194,->,33,195,->,33,196,->,33,197,->,33,198,->,33,199,->,33,200,->,33,201,->,33,202,->,33,203,->,33,204,->,33,205,->,33,206,->,33,207,->,33,208,->,33,209,->,33,210,->,33,211,->,33,212,->,33,213,->,33,214,->,33,215,->,33,216,->,33,217,->,33,218,->,33,219,->,33,220,->,33,221,->,33,222,->,33,223,->,33,224,->,33,225,->,33,226,->,33,227,->,33,228,->,33,229,->,33,230,->,33,231,->,33,232,->,33,233,->,33,234,->,33,235,->,33,236,->,33,237,->,33,238,->,33,239,->,33,240,->,33,241,->,33,242,->,33,243,->,33,244,->,33,245,->,33,246,->,33,247,->,33,248,->,33,249,->,33,250,->,33,251,->,33,252,->,33,253,->,33,254,->,33,255,->,33,256,->,33,257,->,33,258,->,33,259,->,33,260,->,33,261,->,33,262,->,33,263,->,33,264,->,33,265,->,33,266,->,33,267,->,33,268,->,33,269,->,33,270,->,33,271,->,33,272,->,33,273,->,33,274,->,33,275,->,33,276,->,33,277,->,33,278,->,33,279,->,33,280,->,33,281,->,33,282,->,33,283,->,33,284,->,33,285,->,33,286,->,33,287,->,33,288,->,33,289,->,33,290,->,33,291,->,33,292,->,33,293,->,33,294,->,33,295,->,33,296,->,33,297,->,33,298,->,33,299,->,33,300,->,33,301,->,33,302,->,33,303,->,34,0,->,34,1,->,34,2,->,34,3,->,34,4,->,34,5,->,34,6,->,34,7,->,34,8,->,34,9,->,34,10,->,34,11,->,34,12,->,34,13,->,34,14,->,34,15,->,34,16,->,34,17,->,34,18,->,34,19,->,34,20,->,34,21,->,34,22,->,34,23,->,34,24,->,34,25,->,34,26,->,34,27,->,34,28,->,34,29,->,34,30,->,34,31,->,34,32,->,34,33,->,34,34,->,34,35,->,34,36,->,34,37,->,34,38,->,34,39,->,34,40,->,34,41,->,34,42,->,34,43,->,34,44,->,34,45,->,34,46,->,34,47,->,34,48,->,34,49,->,34,50,->,34,51,->,34,52,->,34,53,->,34,54,->,34,55,->,34,56,->,34,57,->,34,58,->,34,59,->,34,63,->,34,64,->,34,65,->,34,66,->,34,67,->,34,68,->,34,70,->,34,71,->,34,76,->,34,77,->,34,79,->,34,81,->,34,83,->,34,84,->,34,85,->,34,89,->,34,90,->,34,91,->,34,93,->,34,94,->,34,96,->,34,97,->,34,100,->,34,101,->,34,102,->,34,103,->,34,104,->,34,105,->,34,106,->,34,107,->,34,108,->,34,109,->,34,110,->,34,119,->,34,120,->,34,121,->,34,122,->,34,123,->,34,124,->,34,125,->,34,126,->,34,127,->,34,128,->,34,129,->,34,130,->,34,131,->,34,132,->,34,133,->,34,134,->,34,135,->,34,136,->,34,137,->,34,138,->,34,139,->,34,140,->,34,141,->,34,142,->,34,143,->,34,144,->,34,145,->,34,146,->,34,147,->,34,148,->,34,149,->,34,150,->,34,151,->,34,152,->,34,153,->,34,154,->,34,155,->,34,156,->,34,157,->,34,158,->,34,159,->,34,160,->,34,161,->,34,162,->,34,163,->,34,164,->,34,165,->,34,166,->,34,167,->,34,168,->,34,169,->,34,170,->,34,171,->,34,172,->,34,173,->,34,174,->,34,175,->,34,176,->,34,177,->,34,178,->,34,179,->,34,180,->,34,181,->,34,182,->,34,183,->,34,184,->,34,185,->,34,186,->,34,187,->,34,188,->,34,189,->,34,190,->,34,191,->,34,192,->,34,193,->,34,194,->,34,195,->,34,196,->,34,197,->,34,198,->,34,199,->,34,200,->,34,201,->,34,202,->,34,203,->,34,204,->,34,205,->,34,206,->,34,207,->,34,208,->,34,209,->,34,210,->,34,211,->,34,212,->,34,213,->,34,214,->,34,215,->,34,216,->,34,217,->,34,218,->,34,219,->,34,220,->,34,221,->,34,222,->,34,223,->,34,224,->,34,225,->,34,226,->,34,227,->,34,228,->,34,229,->,34,230,->,34,231,->,34,232,->,34,233,->,34,234,->,34,235,->,34,236,->,34,237,->,34,238,->,34,239,->,34,240,->,34,241,->,34,242,->,34,243,->,34,244,->,34,245,->,34,246,->,34,247,->,34,248,->,34,249,->,34,250,->,34,251,->,34,252,->,34,253,->,34,254,->,34,255,->,34,256,->,34,257,->,34,258,->,34,259,->,34,260,->,34,261,->,34,262,->,34,263,->,34,264,->,34,265,->,34,266,->,34,267,->,34,268,->,34,269,->,34,270,->,34,271,->,34,272,->,34,273,->,34,274,->,34,275,->,34,276,->,34,277,->,34,278,->,34,279,->,34,280,->,34,281,->,34,282,->,34,283,->,34,284,->,34,285,->,34,286,->,34,287,->,34,288,->,34,289,->,34,290,->,34,291,->,34,292,->,34,293,->,34,294,->,34,295,->,34,296,->,34,297,->,34,298,->,34,299,->,34,300,->,34,301,->,34,302,->,34,303,->,35,0,->,35,1,->,35,2,->,35,3,->,35,4,->,35,5,->,35,6,->,35,7,->,35,8,->,35,9,->,35,10,->,35,11,->,35,12,->,35,13,->,35,14,->,35,15,->,35,16,->,35,17,->,35,18,->,35,19,->,35,20,->,35,21,->,35,22,->,35,23,->,35,24,->,35,25,->,35,26,->,35,27,->,35,28,->,35,29,->,35,30,->,35,31,->,35,32,->,35,33,->,35,34,->,35,35,->,35,36,->,35,37,->,35,38,->,35,39,->,35,40,->,35,41,->,35,42,->,35,43,->,35,44,->,35,45,->,35,46,->,35,47,->,35,48,->,35,49,->,35,50,->,35,51,->,35,52,->,35,53,->,35,54,->,35,55,->,35,56,->,35,57,->,35,58,->,35,68,->,35,70,->,35,71,->,35,72,->,35,75,->,35,81,->,35,83,->,35,84,->,35,88,->,35,89,->,35,90,->,35,92,->,35,93,->,35,94,->,35,95,->,35,97,->,35,99,->,35,100,->,35,101,->,35,102,->,35,103,->,35,104,->,35,105,->,35,106,->,35,107,->,35,108,->,35,109,->,35,110,->,35,111,->,35,119,->,35,120,->,35,121,->,35,122,->,35,123,->,35,124,->,35,125,->,35,126,->,35,127,->,35,128,->,35,129,->,35,130,->,35,131,->,35,132,->,35,133,->,35,135,->,35,136,->,35,137,->,35,138,->,35,139,->,35,140,->,35,141,->,35,142,->,35,143,->,35,144,->,35,145,->,35,146,->,35,147,->,35,148,->,35,149,->,35,150,->,35,151,->,35,152,->,35,153,->,35,154,->,35,155,->,35,156,->,35,157,->,35,158,->,35,159,->,35,160,->,35,161,->,35,162,->,35,163,->,35,164,->,35,165,->,35,166,->,35,167,->,35,168,->,35,169,->,35,170,->,35,171,->,35,172,->,35,173,->,35,174,->,35,175,->,35,176,->,35,177,->,35,178,->,35,179,->,35,180,->,35,181,->,35,182,->,35,183,->,35,184,->,35,185,->,35,186,->,35,187,->,35,188,->,35,189,->,35,190,->,35,191,->,35,192,->,35,193,->,35,194,->,35,195,->,35,196,->,35,197,->,35,198,->,35,199,->,35,200,->,35,201,->,35,202,->,35,203,->,35,204,->,35,205,->,35,206,->,35,207,->,35,208,->,35,209,->,35,210,->,35,211,->,35,212,->,35,213,->,35,214,->,35,215,->,35,216,->,35,217,->,35,218,->,35,219,->,35,220,->,35,221,->,35,222,->,35,223,->,35,224,->,35,225,->,35,226,->,35,227,->,35,228,->,35,229,->,35,230,->,35,231,->,35,232,->,35,233,->,35,234,->,35,235,->,35,236,->,35,237,->,35,238,->,35,239,->,35,240,->,35,241,->,35,242,->,35,243,->,35,244,->,35,245,->,35,246,->,35,247,->,35,248,->,35,249,->,35,250,->,35,251,->,35,252,->,35,253,->,35,254,->,35,255,->,35,256,->,35,257,->,35,258,->,35,259,->,35,260,->,35,261,->,35,262,->,35,263,->,35,264,->,35,265,->,35,266,->,35,267,->,35,268,->,35,269,->,35,270,->,35,271,->,35,272,->,35,273,->,35,274,->,35,275,->,35,276,->,35,277,->,35,278,->,35,279,->,35,280,->,35,281,->,35,282,->,35,283,->,35,284,->,35,285,->,35,286,->,35,287,->,35,288,->,35,289,->,35,290,->,35,291,->,35,292,->,35,293,->,35,294,->,35,295,->,35,296,->,35,297,->,35,298,->,35,299,->,35,300,->,35,301,->,35,302,->,35,303,->,36,0,->,36,1,->,36,2,->,36,3,->,36,4,->,36,5,->,36,6,->,36,7,->,36,8,->,36,9,->,36,10,->,36,11,->,36,12,->,36,13,->,36,14,->,36,15,->,36,16,->,36,17,->,36,18,->,36,19,->,36,20,->,36,21,->,36,22,->,36,23,->,36,24,->,36,25,->,36,26,->,36,27,->,36,28,->,36,29,->,36,30,->,36,31,->,36,32,->,36,33,->,36,34,->,36,35,->,36,36,->,36,37,->,36,38,->,36,39,->,36,40,->,36,41,->,36,42,->,36,43,->,36,44,->,36,45,->,36,46,->,36,47,->,36,48,->,36,49,->,36,50,->,36,51,->,36,52,->,36,53,->,36,54,->,36,55,->,36,58,->,36,60,->,36,63,->,36,64,->,36,66,->,36,68,->,36,69,->,36,70,->,36,71,->,36,72,->,36,73,->,36,77,->,36,78,->,36,80,->,36,82,->,36,87,->,36,88,->,36,89,->,36,90,->,36,91,->,36,93,->,36,95,->,36,98,->,36,99,->,36,100,->,36,101,->,36,102,->,36,103,->,36,104,->,36,105,->,36,106,->,36,107,->,36,108,->,36,109,->,36,119,->,36,120,->,36,121,->,36,122,->,36,123,->,36,124,->,36,125,->,36,126,->,36,127,->,36,128,->,36,129,->,36,130,->,36,131,->,36,132,->,36,133,->,36,137,->,36,138,->,36,139,->,36,140,->,36,141,->,36,142,->,36,143,->,36,144,->,36,145,->,36,146,->,36,147,->,36,148,->,36,149,->,36,150,->,36,151,->,36,152,->,36,153,->,36,154,->,36,155,->,36,156,->,36,157,->,36,158,->,36,159,->,36,160,->,36,161,->,36,162,->,36,163,->,36,164,->,36,165,->,36,166,->,36,167,->,36,168,->,36,169,->,36,170,->,36,171,->,36,172,->,36,173,->,36,174,->,36,175,->,36,176,->,36,177,->,36,178,->,36,179,->,36,180,->,36,181,->,36,182,->,36,183,->,36,184,->,36,185,->,36,186,->,36,187,->,36,188,->,36,189,->,36,190,->,36,191,->,36,192,->,36,193,->,36,194,->,36,195,->,36,196,->,36,197,->,36,198,->,36,199,->,36,200,->,36,201,->,36,202,->,36,203,->,36,204,->,36,205,->,36,206,->,36,207,->,36,208,->,36,209,->,36,210,->,36,211,->,36,212,->,36,213,->,36,214,->,36,215,->,36,216,->,36,217,->,36,218,->,36,219,->,36,220,->,36,221,->,36,222,->,36,223,->,36,224,->,36,225,->,36,226,->,36,227,->,36,228,->,36,229,->,36,230,->,36,231,->,36,232,->,36,233,->,36,234,->,36,235,->,36,236,->,36,237,->,36,238,->,36,239,->,36,240,->,36,241,->,36,242,->,36,243,->,36,244,->,36,245,->,36,246,->,36,247,->,36,248,->,36,249,->,36,250,->,36,251,->,36,252,->,36,253,->,36,254,->,36,255,->,36,256,->,36,257,->,36,258,->,36,259,->,36,260,->,36,261,->,36,262,->,36,263,->,36,264,->,36,265,->,36,266,->,36,267,->,36,268,->,36,269,->,36,270,->,36,271,->,36,272,->,36,273,->,36,274,->,36,275,->,36,276,->,36,277,->,36,278,->,36,279,->,36,280,->,36,281,->,36,282,->,36,283,->,36,284,->,36,285,->,36,286,->,36,287,->,36,288,->,36,289,->,36,290,->,36,291,->,36,292,->,36,293,->,36,294,->,36,295,->,36,296,->,36,297,->,36,298,->,36,299,->,36,300,->,36,301,->,36,302,->,36,303,->,37,0,->,37,1,->,37,2,->,37,3,->,37,4,->,37,5,->,37,6,->,37,7,->,37,8,->,37,9,->,37,10,->,37,11,->,37,12,->,37,13,->,37,14,->,37,15,->,37,16,->,37,17,->,37,18,->,37,19,->,37,20,->,37,21,->,37,22,->,37,23,->,37,24,->,37,25,->,37,26,->,37,27,->,37,28,->,37,29,->,37,30,->,37,31,->,37,32,->,37,33,->,37,34,->,37,35,->,37,36,->,37,37,->,37,38,->,37,39,->,37,40,->,37,41,->,37,42,->,37,43,->,37,44,->,37,45,->,37,46,->,37,47,->,37,48,->,37,49,->,37,50,->,37,51,->,37,52,->,37,53,->,37,55,->,37,56,->,37,58,->,37,60,->,37,62,->,37,65,->,37,68,->,37,69,->,37,70,->,37,71,->,37,73,->,37,75,->,37,78,->,37,82,->,37,86,->,37,89,->,37,90,->,37,92,->,37,93,->,37,94,->,37,96,->,37,98,->,37,99,->,37,100,->,37,101,->,37,102,->,37,103,->,37,104,->,37,105,->,37,106,->,37,107,->,37,108,->,37,109,->,37,110,->,37,117,->,37,118,->,37,119,->,37,120,->,37,121,->,37,122,->,37,123,->,37,124,->,37,125,->,37,126,->,37,127,->,37,128,->,37,129,->,37,130,->,37,131,->,37,132,->,37,133,->,37,137,->,37,138,->,37,139,->,37,140,->,37,141,->,37,142,->,37,143,->,37,144,->,37,145,->,37,146,->,37,147,->,37,148,->,37,149,->,37,150,->,37,151,->,37,152,->,37,153,->,37,154,->,37,155,->,37,156,->,37,157,->,37,158,->,37,159,->,37,160,->,37,161,->,37,162,->,37,163,->,37,164,->,37,165,->,37,166,->,37,167,->,37,168,->,37,169,->,37,170,->,37,171,->,37,172,->,37,173,->,37,174,->,37,175,->,37,176,->,37,177,->,37,178,->,37,179,->,37,180,->,37,181,->,37,182,->,37,183,->,37,184,->,37,185,->,37,186,->,37,187,->,37,188,->,37,189,->,37,190,->,37,191,->,37,192,->,37,193,->,37,194,->,37,195,->,37,196,->,37,197,->,37,198,->,37,199,->,37,200,->,37,201,->,37,202,->,37,203,->,37,204,->,37,205,->,37,206,->,37,207,->,37,208,->,37,209,->,37,210,->,37,211,->,37,212,->,37,213,->,37,214,->,37,215,->,37,216,->,37,217,->,37,218,->,37,219,->,37,220,->,37,221,->,37,222,->,37,223,->,37,224,->,37,225,->,37,226,->,37,227,->,37,228,->,37,229,->,37,230,->,37,231,->,37,232,->,37,233,->,37,234,->,37,235,->,37,236,->,37,237,->,37,238,->,37,239,->,37,240,->,37,241,->,37,242,->,37,243,->,37,244,->,37,245,->,37,246,->,37,247,->,37,248,->,37,249,->,37,250,->,37,251,->,37,252,->,37,253,->,37,254,->,37,255,->,37,256,->,37,257,->,37,258,->,37,259,->,37,260,->,37,261,->,37,262,->,37,263,->,37,264,->,37,265,->,37,266,->,37,267,->,37,268,->,37,269,->,37,270,->,37,271,->,37,272,->,37,273,->,37,274,->,37,275,->,37,276,->,37,277,->,37,278,->,37,279,->,37,280,->,37,281,->,37,282,->,37,283,->,37,284,->,37,285,->,37,286,->,37,287,->,37,288,->,37,289,->,37,290,->,37,291,->,37,292,->,37,293,->,37,294,->,37,295,->,37,296,->,37,297,->,37,298,->,37,299,->,37,300,->,37,301,->,37,302,->,37,303,->,38,0,->,38,1,->,38,2,->,38,3,->,38,4,->,38,5,->,38,6,->,38,7,->,38,8,->,38,9,->,38,10,->,38,11,->,38,12,->,38,13,->,38,14,->,38,15,->,38,16,->,38,17,->,38,18,->,38,19,->,38,20,->,38,21,->,38,22,->,38,23,->,38,24,->,38,25,->,38,26,->,38,27,->,38,28,->,38,29,->,38,30,->,38,31,->,38,32,->,38,33,->,38,34,->,38,35,->,38,36,->,38,37,->,38,38,->,38,39,->,38,40,->,38,41,->,38,42,->,38,43,->,38,44,->,38,45,->,38,46,->,38,47,->,38,48,->,38,49,->,38,50,->,38,51,->,38,52,->,38,53,->,38,56,->,38,57,->,38,58,->,38,59,->,38,60,->,38,63,->,38,68,->,38,69,->,38,70,->,38,72,->,38,73,->,38,74,->,38,75,->,38,77,->,38,79,->,38,80,->,38,83,->,38,85,->,38,86,->,38,88,->,38,89,->,38,91,->,38,92,->,38,93,->,38,94,->,38,95,->,38,96,->,38,97,->,38,98,->,38,99,->,38,100,->,38,101,->,38,102,->,38,103,->,38,104,->,38,105,->,38,106,->,38,107,->,38,117,->,38,118,->,38,119,->,38,120,->,38,121,->,38,122,->,38,123,->,38,124,->,38,125,->,38,126,->,38,127,->,38,128,->,38,129,->,38,130,->,38,131,->,38,132,->,38,133,->,38,137,->,38,138,->,38,139,->,38,140,->,38,141,->,38,142,->,38,143,->,38,144,->,38,145,->,38,146,->,38,147,->,38,148,->,38,149,->,38,150,->,38,151,->,38,152,->,38,153,->,38,154,->,38,155,->,38,156,->,38,157,->,38,158,->,38,159,->,38,160,->,38,161,->,38,162,->,38,163,->,38,164,->,38,165,->,38,166,->,38,167,->,38,168,->,38,169,->,38,170,->,38,171,->,38,172,->,38,173,->,38,174,->,38,175,->,38,176,->,38,177,->,38,178,->,38,179,->,38,180,->,38,181,->,38,182,->,38,183,->,38,184,->,38,185,->,38,186,->,38,187,->,38,188,->,38,189,->,38,190,->,38,191,->,38,192,->,38,193,->,38,194,->,38,195,->,38,196,->,38,197,->,38,198,->,38,199,->,38,200,->,38,201,->,38,202,->,38,203,->,38,204,->,38,205,->,38,206,->,38,207,->,38,208,->,38,209,->,38,210,->,38,211,->,38,212,->,38,213,->,38,214,->,38,215,->,38,216,->,38,217,->,38,218,->,38,219,->,38,220,->,38,221,->,38,222,->,38,223,->,38,224,->,38,225,->,38,226,->,38,227,->,38,228,->,38,229,->,38,230,->,38,231,->,38,232,->,38,233,->,38,234,->,38,235,->,38,236,->,38,237,->,38,238,->,38,239,->,38,240,->,38,241,->,38,242,->,38,243,->,38,244,->,38,245,->,38,246,->,38,247,->,38,248,->,38,249,->,38,250,->,38,251,->,38,252,->,38,253,->,38,254,->,38,255,->,38,256,->,38,257,->,38,258,->,38,259,->,38,260,->,38,261,->,38,262,->,38,263,->,38,264,->,38,265,->,38,266,->,38,267,->,38,268,->,38,269,->,38,270,->,38,271,->,38,272,->,38,273,->,38,274,->,38,275,->,38,276,->,38,277,->,38,278,->,38,279,->,38,280,->,38,281,->,38,282,->,38,283,->,38,284,->,38,285,->,38,286,->,38,287,->,38,288,->,38,289,->,38,290,->,38,291,->,38,292,->,38,293,->,38,294,->,38,295,->,38,296,->,38,297,->,38,298,->,38,299,->,38,300,->,38,301,->,38,302,->,38,303,->,39,0,->,39,1,->,39,2,->,39,3,->,39,4,->,39,5,->,39,6,->,39,7,->,39,8,->,39,9,->,39,10,->,39,11,->,39,12,->,39,13,->,39,14,->,39,15,->,39,16,->,39,17,->,39,18,->,39,19,->,39,20,->,39,21,->,39,22,->,39,23,->,39,24,->,39,25,->,39,26,->,39,27,->,39,28,->,39,29,->,39,30,->,39,31,->,39,32,->,39,33,->,39,34,->,39,35,->,39,36,->,39,37,->,39,38,->,39,39,->,39,40,->,39,41,->,39,42,->,39,43,->,39,44,->,39,45,->,39,46,->,39,47,->,39,48,->,39,49,->,39,50,->,39,53,->,39,54,->,39,57,->,39,59,->,39,61,->,39,62,->,39,63,->,39,64,->,39,65,->,39,66,->,39,67,->,39,68,->,39,71,->,39,75,->,39,76,->,39,79,->,39,87,->,39,88,->,39,90,->,39,91,->,39,93,->,39,94,->,39,95,->,39,96,->,39,97,->,39,98,->,39,99,->,39,100,->,39,101,->,39,102,->,39,103,->,39,104,->,39,110,->,39,116,->,39,117,->,39,118,->,39,119,->,39,120,->,39,121,->,39,122,->,39,123,->,39,124,->,39,125,->,39,126,->,39,127,->,39,128,->,39,129,->,39,130,->,39,131,->,39,132,->,39,133,->,39,136,->,39,137,->,39,138,->,39,139,->,39,140,->,39,141,->,39,142,->,39,143,->,39,144,->,39,145,->,39,146,->,39,147,->,39,148,->,39,149,->,39,150,->,39,151,->,39,152,->,39,153,->,39,154,->,39,155,->,39,156,->,39,157,->,39,158,->,39,159,->,39,160,->,39,161,->,39,162,->,39,163,->,39,164,->,39,165,->,39,166,->,39,167,->,39,168,->,39,169,->,39,170,->,39,171,->,39,172,->,39,173,->,39,174,->,39,175,->,39,176,->,39,177,->,39,178,->,39,179,->,39,180,->,39,181,->,39,182,->,39,183,->,39,184,->,39,185,->,39,186,->,39,187,->,39,188,->,39,189,->,39,190,->,39,191,->,39,192,->,39,193,->,39,194,->,39,195,->,39,196,->,39,197,->,39,198,->,39,199,->,39,200,->,39,201,->,39,202,->,39,203,->,39,204,->,39,205,->,39,206,->,39,207,->,39,208,->,39,209,->,39,210,->,39,211,->,39,212,->,39,213,->,39,214,->,39,215,->,39,216,->,39,217,->,39,218,->,39,219,->,39,220,->,39,221,->,39,222,->,39,223,->,39,224,->,39,225,->,39,226,->,39,227,->,39,228,->,39,229,->,39,230,->,39,231,->,39,232,->,39,233,->,39,234,->,39,235,->,39,236,->,39,237,->,39,238,->,39,239,->,39,240,->,39,241,->,39,242,->,39,243,->,39,244,->,39,245,->,39,246,->,39,247,->,39,248,->,39,249,->,39,250,->,39,251,->,39,252,->,39,253,->,39,254,->,39,255,->,39,256,->,39,257,->,39,258,->,39,259,->,39,260,->,39,261,->,39,262,->,39,263,->,39,264,->,39,265,->,39,266,->,39,267,->,39,268,->,39,269,->,39,270,->,39,271,->,39,272,->,39,273,->,39,274,->,39,275,->,39,276,->,39,277,->,39,278,->,39,279,->,39,280,->,39,281,->,39,282,->,39,283,->,39,284,->,39,285,->,39,286,->,39,287,->,39,288,->,39,289,->,39,290,->,39,291,->,39,292,->,39,293,->,39,294,->,39,295,->,39,296,->,39,297,->,39,298,->,39,299,->,39,300,->,39,301,->,39,302,->,39,303,->,40,0,->,40,1,->,40,2,->,40,3,->,40,4,->,40,5,->,40,6,->,40,7,->,40,8,->,40,9,->,40,10,->,40,11,->,40,12,->,40,13,->,40,14,->,40,15,->,40,16,->,40,17,->,40,18,->,40,19,->,40,20,->,40,21,->,40,22,->,40,23,->,40,24,->,40,25,->,40,26,->,40,27,->,40,28,->,40,29,->,40,30,->,40,31,->,40,32,->,40,33,->,40,34,->,40,35,->,40,36,->,40,37,->,40,38,->,40,39,->,40,40,->,40,41,->,40,42,->,40,43,->,40,44,->,40,45,->,40,46,->,40,47,->,40,48,->,40,49,->,40,52,->,40,57,->,40,58,->,40,60,->,40,61,->,40,62,->,40,63,->,40,64,->,40,65,->,40,66,->,40,67,->,40,68,->,40,69,->,40,70,->,40,72,->,40,73,->,40,76,->,40,77,->,40,78,->,40,79,->,40,81,->,40,82,->,40,83,->,40,87,->,40,88,->,40,89,->,40,90,->,40,91,->,40,93,->,40,94,->,40,96,->,40,97,->,40,98,->,40,99,->,40,100,->,40,101,->,40,102,->,40,103,->,40,104,->,40,116,->,40,117,->,40,118,->,40,119,->,40,122,->,40,123,->,40,124,->,40,125,->,40,126,->,40,127,->,40,128,->,40,129,->,40,130,->,40,131,->,40,132,->,40,133,->,40,136,->,40,137,->,40,138,->,40,139,->,40,140,->,40,141,->,40,142,->,40,143,->,40,144,->,40,145,->,40,146,->,40,147,->,40,148,->,40,149,->,40,150,->,40,151,->,40,152,->,40,153,->,40,154,->,40,155,->,40,156,->,40,157,->,40,158,->,40,159,->,40,160,->,40,161,->,40,162,->,40,163,->,40,164,->,40,165,->,40,166,->,40,167,->,40,168,->,40,169,->,40,170,->,40,171,->,40,172,->,40,173,->,40,174,->,40,175,->,40,176,->,40,177,->,40,178,->,40,179,->,40,180,->,40,181,->,40,182,->,40,183,->,40,184,->,40,185,->,40,186,->,40,187,->,40,188,->,40,189,->,40,190,->,40,191,->,40,192,->,40,193,->,40,194,->,40,195,->,40,196,->,40,197,->,40,198,->,40,199,->,40,200,->,40,201,->,40,202,->,40,203,->,40,204,->,40,205,->,40,206,->,40,207,->,40,208,->,40,209,->,40,210,->,40,211,->,40,212,->,40,213,->,40,214,->,40,215,->,40,216,->,40,217,->,40,218,->,40,219,->,40,220,->,40,221,->,40,222,->,40,223,->,40,224,->,40,225,->,40,226,->,40,227,->,40,228,->,40,229,->,40,230,->,40,231,->,40,232,->,40,233,->,40,234,->,40,235,->,40,236,->,40,237,->,40,238,->,40,239,->,40,240,->,40,241,->,40,242,->,40,243,->,40,244,->,40,245,->,40,246,->,40,247,->,40,248,->,40,249,->,40,250,->,40,251,->,40,252,->,40,253,->,40,254,->,40,255,->,40,256,->,40,257,->,40,258,->,40,259,->,40,260,->,40,261,->,40,262,->,40,263,->,40,264,->,40,265,->,40,266,->,40,267,->,40,268,->,40,269,->,40,270,->,40,271,->,40,272,->,40,273,->,40,274,->,40,275,->,40,276,->,40,277,->,40,278,->,40,279,->,40,280,->,40,281,->,40,282,->,40,283,->,40,284,->,40,285,->,40,286,->,40,287,->,40,288,->,40,289,->,40,290,->,40,291,->,40,292,->,40,293,->,40,294,->,40,295,->,40,296,->,40,297,->,40,298,->,40,299,->,40,300,->,40,301,->,40,302,->,40,303,->,41,0,->,41,1,->,41,2,->,41,3,->,41,4,->,41,5,->,41,6,->,41,7,->,41,8,->,41,9,->,41,10,->,41,11,->,41,12,->,41,13,->,41,14,->,41,15,->,41,16,->,41,17,->,41,18,->,41,19,->,41,20,->,41,21,->,41,22,->,41,23,->,41,24,->,41,25,->,41,26,->,41,27,->,41,28,->,41,29,->,41,30,->,41,31,->,41,32,->,41,33,->,41,34,->,41,35,->,41,36,->,41,37,->,41,38,->,41,39,->,41,40,->,41,41,->,41,42,->,41,43,->,41,44,->,41,45,->,41,46,->,41,47,->,41,48,->,41,49,->,41,51,->,41,54,->,41,58,->,41,60,->,41,61,->,41,62,->,41,63,->,41,64,->,41,66,->,41,67,->,41,68,->,41,69,->,41,72,->,41,74,->,41,75,->,41,76,->,41,78,->,41,82,->,41,83,->,41,86,->,41,87,->,41,88,->,41,89,->,41,90,->,41,91,->,41,92,->,41,93,->,41,94,->,41,97,->,41,98,->,41,99,->,41,100,->,41,101,->,41,102,->,41,103,->,41,115,->,41,116,->,41,117,->,41,118,->,41,119,->,41,122,->,41,123,->,41,124,->,41,125,->,41,126,->,41,127,->,41,128,->,41,129,->,41,130,->,41,131,->,41,132,->,41,133,->,41,134,->,41,135,->,41,136,->,41,137,->,41,138,->,41,139,->,41,140,->,41,141,->,41,142,->,41,143,->,41,144,->,41,145,->,41,146,->,41,147,->,41,148,->,41,149,->,41,150,->,41,151,->,41,152,->,41,153,->,41,154,->,41,155,->,41,156,->,41,157,->,41,158,->,41,159,->,41,160,->,41,161,->,41,162,->,41,163,->,41,164,->,41,165,->,41,166,->,41,167,->,41,168,->,41,169,->,41,170,->,41,171,->,41,172,->,41,173,->,41,174,->,41,175,->,41,176,->,41,177,->,41,178,->,41,179,->,41,180,->,41,181,->,41,182,->,41,183,->,41,184,->,41,185,->,41,186,->,41,187,->,41,188,->,41,189,->,41,190,->,41,191,->,41,192,->,41,193,->,41,194,->,41,195,->,41,196,->,41,197,->,41,198,->,41,199,->,41,200,->,41,201,->,41,202,->,41,203,->,41,204,->,41,205,->,41,206,->,41,207,->,41,208,->,41,209,->,41,210,->,41,211,->,41,212,->,41,213,->,41,214,->,41,215,->,41,216,->,41,217,->,41,218,->,41,219,->,41,220,->,41,221,->,41,222,->,41,223,->,41,224,->,41,225,->,41,226,->,41,227,->,41,228,->,41,229,->,41,230,->,41,231,->,41,232,->,41,233,->,41,234,->,41,235,->,41,236,->,41,237,->,41,238,->,41,239,->,41,240,->,41,241,->,41,242,->,41,243,->,41,244,->,41,245,->,41,246,->,41,247,->,41,248,->,41,249,->,41,250,->,41,251,->,41,252,->,41,253,->,41,254,->,41,255,->,41,256,->,41,257,->,41,258,->,41,259,->,41,260,->,41,261,->,41,262,->,41,263,->,41,264,->,41,265,->,41,266,->,41,267,->,41,268,->,41,269,->,41,270,->,41,271,->,41,272,->,41,273,->,41,274,->,41,275,->,41,276,->,41,277,->,41,278,->,41,279,->,41,280,->,41,281,->,41,282,->,41,283,->,41,284,->,41,285,->,41,286,->,41,287,->,41,288,->,41,289,->,41,290,->,41,291,->,41,292,->,41,293,->,41,294,->,41,295,->,41,296,->,41,297,->,41,298,->,41,299,->,41,300,->,41,301,->,41,302,->,41,303,->,42,0,->,42,1,->,42,2,->,42,3,->,42,4,->,42,5,->,42,6,->,42,7,->,42,8,->,42,9,->,42,10,->,42,11,->,42,12,->,42,13,->,42,14,->,42,15,->,42,16,->,42,17,->,42,18,->,42,19,->,42,20,->,42,21,->,42,22,->,42,23,->,42,24,->,42,25,->,42,26,->,42,27,->,42,28,->,42,29,->,42,30,->,42,31,->,42,32,->,42,33,->,42,34,->,42,35,->,42,36,->,42,37,->,42,38,->,42,39,->,42,40,->,42,41,->,42,42,->,42,43,->,42,44,->,42,45,->,42,46,->,42,49,->,42,57,->,42,59,->,42,60,->,42,61,->,42,63,->,42,64,->,42,66,->,42,68,->,42,69,->,42,70,->,42,74,->,42,79,->,42,82,->,42,84,->,42,85,->,42,86,->,42,87,->,42,88,->,42,90,->,42,91,->,42,92,->,42,93,->,42,95,->,42,96,->,42,97,->,42,98,->,42,99,->,42,100,->,42,101,->,42,102,->,42,116,->,42,117,->,42,118,->,42,119,->,42,120,->,42,121,->,42,124,->,42,125,->,42,126,->,42,127,->,42,128,->,42,129,->,42,130,->,42,131,->,42,132,->,42,133,->,42,134,->,42,135,->,42,136,->,42,137,->,42,138,->,42,139,->,42,140,->,42,141,->,42,142,->,42,143,->,42,144,->,42,145,->,42,146,->,42,147,->,42,148,->,42,149,->,42,150,->,42,151,->,42,152,->,42,153,->,42,154,->,42,155,->,42,156,->,42,157,->,42,158,->,42,159,->,42,160,->,42,161,->,42,162,->,42,163,->,42,164,->,42,165,->,42,166,->,42,167,->,42,168,->,42,169,->,42,170,->,42,171,->,42,172,->,42,173,->,42,174,->,42,175,->,42,176,->,42,177,->,42,178,->,42,179,->,42,180,->,42,181,->,42,182,->,42,183,->,42,184,->,42,185,->,42,186,->,42,187,->,42,188,->,42,189,->,42,190,->,42,191,->,42,192,->,42,193,->,42,194,->,42,195,->,42,196,->,42,197,->,42,198,->,42,199,->,42,200,->,42,201,->,42,202,->,42,203,->,42,204,->,42,205,->,42,206,->,42,207,->,42,208,->,42,209,->,42,210,->,42,211,->,42,212,->,42,213,->,42,214,->,42,215,->,42,216,->,42,217,->,42,218,->,42,219,->,42,220,->,42,221,->,42,222,->,42,223,->,42,224,->,42,225,->,42,226,->,42,227,->,42,228,->,42,229,->,42,230,->,42,231,->,42,232,->,42,233,->,42,234,->,42,235,->,42,236,->,42,237,->,42,238,->,42,239,->,42,240,->,42,241,->,42,242,->,42,243,->,42,244,->,42,245,->,42,246,->,42,247,->,42,248,->,42,249,->,42,250,->,42,251,->,42,252,->,42,253,->,42,254,->,42,255,->,42,256,->,42,257,->,42,258,->,42,259,->,42,260,->,42,261,->,42,262,->,42,263,->,42,264,->,42,265,->,42,266,->,42,267,->,42,268,->,42,269,->,42,270,->,42,271,->,42,272,->,42,273,->,42,274,->,42,275,->,42,276,->,42,277,->,42,278,->,42,279,->,42,280,->,42,281,->,42,282,->,42,283,->,42,284,->,42,285,->,42,286,->,42,287,->,42,288,->,42,289,->,42,290,->,42,291,->,42,292,->,42,293,->,42,294,->,42,295,->,42,296,->,42,297,->,42,298,->,42,299,->,42,300,->,42,301,->,42,302,->,42,303,->,43,0,->,43,1,->,43,2,->,43,3,->,43,4,->,43,5,->,43,6,->,43,7,->,43,8,->,43,9,->,43,10,->,43,11,->,43,12,->,43,13,->,43,14,->,43,15,->,43,16,->,43,17,->,43,18,->,43,19,->,43,20,->,43,21,->,43,22,->,43,23,->,43,24,->,43,25,->,43,26,->,43,27,->,43,28,->,43,29,->,43,30,->,43,31,->,43,32,->,43,33,->,43,34,->,43,35,->,43,36,->,43,37,->,43,38,->,43,39,->,43,40,->,43,41,->,43,42,->,43,43,->,43,44,->,43,45,->,43,48,->,43,51,->,43,53,->,43,54,->,43,56,->,43,57,->,43,58,->,43,59,->,43,61,->,43,62,->,43,63,->,43,64,->,43,65,->,43,67,->,43,72,->,43,73,->,43,75,->,43,76,->,43,79,->,43,85,->,43,86,->,43,87,->,43,88,->,43,89,->,43,90,->,43,92,->,43,93,->,43,94,->,43,95,->,43,96,->,43,97,->,43,98,->,43,99,->,43,100,->,43,101,->,43,117,->,43,118,->,43,119,->,43,120,->,43,123,->,43,124,->,43,125,->,43,126,->,43,127,->,43,128,->,43,129,->,43,130,->,43,131,->,43,132,->,43,133,->,43,134,->,43,135,->,43,136,->,43,137,->,43,138,->,43,139,->,43,140,->,43,141,->,43,142,->,43,143,->,43,144,->,43,145,->,43,146,->,43,147,->,43,148,->,43,149,->,43,150,->,43,151,->,43,152,->,43,153,->,43,154,->,43,155,->,43,156,->,43,157,->,43,158,->,43,159,->,43,160,->,43,161,->,43,162,->,43,163,->,43,164,->,43,165,->,43,166,->,43,167,->,43,168,->,43,169,->,43,170,->,43,171,->,43,172,->,43,173,->,43,174,->,43,175,->,43,176,->,43,177,->,43,178,->,43,179,->,43,180,->,43,181,->,43,182,->,43,183,->,43,184,->,43,185,->,43,186,->,43,187,->,43,188,->,43,189,->,43,190,->,43,191,->,43,192,->,43,193,->,43,194,->,43,195,->,43,196,->,43,197,->,43,198,->,43,199,->,43,200,->,43,201,->,43,202,->,43,203,->,43,204,->,43,205,->,43,206,->,43,207,->,43,208,->,43,209,->,43,210,->,43,211,->,43,212,->,43,213,->,43,214,->,43,215,->,43,216,->,43,217,->,43,218,->,43,219,->,43,220,->,43,221,->,43,222,->,43,223,->,43,224,->,43,225,->,43,226,->,43,227,->,43,228,->,43,229,->,43,230,->,43,231,->,43,232,->,43,233,->,43,234,->,43,235,->,43,236,->,43,237,->,43,238,->,43,239,->,43,240,->,43,241,->,43,242,->,43,243,->,43,244,->,43,245,->,43,246,->,43,247,->,43,248,->,43,249,->,43,250,->,43,251,->,43,252,->,43,253,->,43,254,->,43,255,->,43,256,->,43,257,->,43,258,->,43,259,->,43,260,->,43,261,->,43,262,->,43,263,->,43,264,->,43,265,->,43,266,->,43,267,->,43,268,->,43,269,->,43,270,->,43,271,->,43,272,->,43,273,->,43,274,->,43,275,->,43,276,->,43,277,->,43,278,->,43,279,->,43,280,->,43,281,->,43,282,->,43,283,->,43,284,->,43,285,->,43,286,->,43,287,->,43,288,->,43,289,->,43,290,->,43,291,->,43,292,->,43,293,->,43,294,->,43,295,->,43,296,->,43,297,->,43,298,->,43,299,->,43,300,->,43,301,->,43,302,->,43,303,->,44,0,->,44,1,->,44,2,->,44,3,->,44,4,->,44,5,->,44,6,->,44,7,->,44,8,->,44,9,->,44,10,->,44,11,->,44,12,->,44,13,->,44,14,->,44,15,->,44,16,->,44,17,->,44,18,->,44,19,->,44,20,->,44,21,->,44,22,->,44,23,->,44,24,->,44,25,->,44,26,->,44,27,->,44,28,->,44,29,->,44,30,->,44,31,->,44,32,->,44,33,->,44,34,->,44,35,->,44,36,->,44,37,->,44,38,->,44,39,->,44,40,->,44,41,->,44,42,->,44,43,->,44,44,->,44,47,->,44,48,->,44,49,->,44,50,->,44,51,->,44,52,->,44,54,->,44,56,->,44,58,->,44,59,->,44,60,->,44,61,->,44,62,->,44,63,->,44,64,->,44,71,->,44,75,->,44,76,->,44,78,->,44,79,->,44,82,->,44,87,->,44,88,->,44,89,->,44,91,->,44,92,->,44,93,->,44,94,->,44,95,->,44,96,->,44,97,->,44,98,->,44,99,->,44,102,->,44,117,->,44,118,->,44,119,->,44,120,->,44,121,->,44,122,->,44,123,->,44,124,->,44,125,->,44,126,->,44,127,->,44,128,->,44,129,->,44,130,->,44,131,->,44,132,->,44,133,->,44,134,->,44,135,->,44,136,->,44,137,->,44,138,->,44,139,->,44,140,->,44,141,->,44,142,->,44,143,->,44,144,->,44,145,->,44,146,->,44,147,->,44,148,->,44,149,->,44,150,->,44,151,->,44,152,->,44,153,->,44,154,->,44,155,->,44,156,->,44,157,->,44,158,->,44,159,->,44,160,->,44,161,->,44,162,->,44,163,->,44,164,->,44,165,->,44,166,->,44,167,->,44,168,->,44,169,->,44,170,->,44,171,->,44,172,->,44,173,->,44,174,->,44,175,->,44,176,->,44,177,->,44,178,->,44,179,->,44,180,->,44,181,->,44,182,->,44,183,->,44,184,->,44,185,->,44,186,->,44,187,->,44,188,->,44,189,->,44,190,->,44,191,->,44,192,->,44,193,->,44,194,->,44,195,->,44,196,->,44,197,->,44,198,->,44,199,->,44,200,->,44,201,->,44,202,->,44,203,->,44,204,->,44,205,->,44,206,->,44,207,->,44,208,->,44,209,->,44,210,->,44,211,->,44,212,->,44,213,->,44,214,->,44,215,->,44,216,->,44,217,->,44,218,->,44,219,->,44,220,->,44,221,->,44,222,->,44,223,->,44,224,->,44,225,->,44,226,->,44,227,->,44,228,->,44,229,->,44,230,->,44,231,->,44,232,->,44,233,->,44,234,->,44,235,->,44,236,->,44,237,->,44,238,->,44,239,->,44,240,->,44,241,->,44,242,->,44,243,->,44,244,->,44,245,->,44,246,->,44,247,->,44,248,->,44,249,->,44,250,->,44,251,->,44,252,->,44,253,->,44,254,->,44,255,->,44,256,->,44,257,->,44,258,->,44,259,->,44,260,->,44,261,->,44,262,->,44,263,->,44,264,->,44,265,->,44,266,->,44,267,->,44,268,->,44,269,->,44,270,->,44,271,->,44,272,->,44,273,->,44,274,->,44,275,->,44,276,->,44,277,->,44,278,->,44,279,->,44,280,->,44,281,->,44,282,->,44,283,->,44,284,->,44,285,->,44,286,->,44,287,->,44,288,->,44,289,->,44,290,->,44,291,->,44,292,->,44,293,->,44,294,->,44,295,->,44,296,->,44,297,->,44,298,->,44,299,->,44,300,->,44,301,->,44,302,->,44,303,->,45,0,->,45,1,->,45,2,->,45,3,->,45,4,->,45,5,->,45,6,->,45,7,->,45,8,->,45,9,->,45,10,->,45,11,->,45,12,->,45,13,->,45,14,->,45,15,->,45,16,->,45,17,->,45,18,->,45,19,->,45,20,->,45,21,->,45,22,->,45,23,->,45,24,->,45,25,->,45,26,->,45,27,->,45,28,->,45,29,->,45,30,->,45,31,->,45,32,->,45,33,->,45,34,->,45,35,->,45,36,->,45,37,->,45,38,->,45,39,->,45,40,->,45,41,->,45,42,->,45,43,->,45,44,->,45,48,->,45,49,->,45,50,->,45,51,->,45,52,->,45,53,->,45,54,->,45,55,->,45,56,->,45,57,->,45,59,->,45,60,->,45,61,->,45,62,->,45,63,->,45,65,->,45,66,->,45,68,->,45,69,->,45,71,->,45,72,->,45,75,->,45,77,->,45,78,->,45,83,->,45,84,->,45,88,->,45,89,->,45,90,->,45,91,->,45,92,->,45,94,->,45,95,->,45,96,->,45,97,->,45,98,->,45,99,->,45,100,->,45,101,->,45,102,->,45,118,->,45,119,->,45,120,->,45,121,->,45,122,->,45,123,->,45,124,->,45,125,->,45,126,->,45,127,->,45,128,->,45,129,->,45,130,->,45,131,->,45,132,->,45,133,->,45,134,->,45,135,->,45,136,->,45,137,->,45,138,->,45,139,->,45,140,->,45,141,->,45,142,->,45,143,->,45,144,->,45,145,->,45,146,->,45,147,->,45,148,->,45,149,->,45,150,->,45,151,->,45,152,->,45,153,->,45,154,->,45,155,->,45,156,->,45,157,->,45,158,->,45,159,->,45,160,->,45,161,->,45,162,->,45,163,->,45,164,->,45,165,->,45,166,->,45,167,->,45,168,->,45,169,->,45,170,->,45,171,->,45,172,->,45,173,->,45,174,->,45,175,->,45,176,->,45,177,->,45,178,->,45,179,->,45,180,->,45,181,->,45,182,->,45,183,->,45,184,->,45,185,->,45,186,->,45,187,->,45,188,->,45,189,->,45,190,->,45,191,->,45,192,->,45,193,->,45,194,->,45,195,->,45,196,->,45,197,->,45,198,->,45,199,->,45,200,->,45,201,->,45,202,->,45,203,->,45,204,->,45,205,->,45,206,->,45,207,->,45,208,->,45,209,->,45,210,->,45,211,->,45,212,->,45,213,->,45,214,->,45,215,->,45,216,->,45,217,->,45,218,->,45,219,->,45,220,->,45,221,->,45,222,->,45,223,->,45,224,->,45,225,->,45,226,->,45,227,->,45,228,->,45,229,->,45,230,->,45,231,->,45,232,->,45,233,->,45,234,->,45,235,->,45,236,->,45,237,->,45,238,->,45,239,->,45,240,->,45,241,->,45,242,->,45,243,->,45,244,->,45,245,->,45,246,->,45,247,->,45,248,->,45,249,->,45,250,->,45,251,->,45,252,->,45,253,->,45,254,->,45,255,->,45,256,->,45,257,->,45,258,->,45,259,->,45,260,->,45,261,->,45,262,->,45,263,->,45,264,->,45,265,->,45,266,->,45,267,->,45,268,->,45,269,->,45,270,->,45,271,->,45,272,->,45,273,->,45,274,->,45,275,->,45,276,->,45,277,->,45,278,->,45,279,->,45,280,->,45,281,->,45,282,->,45,283,->,45,284,->,45,285,->,45,286,->,45,287,->,45,288,->,45,289,->,45,290,->,45,291,->,45,292,->,45,293,->,45,294,->,45,295,->,45,296,->,45,297,->,45,298,->,45,299,->,45,300,->,45,301,->,45,302,->,45,303,->,46,0,->,46,1,->,46,2,->,46,3,->,46,4,->,46,5,->,46,6,->,46,7,->,46,8,->,46,9,->,46,10,->,46,11,->,46,12,->,46,13,->,46,14,->,46,15,->,46,16,->,46,17,->,46,18,->,46,19,->,46,20,->,46,21,->,46,22,->,46,23,->,46,24,->,46,25,->,46,26,->,46,27,->,46,28,->,46,29,->,46,30,->,46,31,->,46,32,->,46,33,->,46,34,->,46,35,->,46,36,->,46,37,->,46,38,->,46,39,->,46,40,->,46,41,->,46,42,->,46,46,->,46,48,->,46,50,->,46,51,->,46,54,->,46,55,->,46,56,->,46,57,->,46,58,->,46,60,->,46,61,->,46,62,->,46,65,->,46,66,->,46,68,->,46,70,->,46,71,->,46,74,->,46,75,->,46,76,->,46,83,->,46,84,->,46,85,->,46,86,->,46,87,->,46,88,->,46,89,->,46,90,->,46,91,->,46,93,->,46,94,->,46,95,->,46,96,->,46,97,->,46,98,->,46,99,->,46,100,->,46,101,->,46,102,->,46,103,->,46,118,->,46,119,->,46,120,->,46,121,->,46,122,->,46,123,->,46,124,->,46,125,->,46,126,->,46,127,->,46,128,->,46,129,->,46,130,->,46,131,->,46,132,->,46,133,->,46,134,->,46,135,->,46,136,->,46,137,->,46,138,->,46,139,->,46,140,->,46,141,->,46,142,->,46,143,->,46,144,->,46,145,->,46,146,->,46,147,->,46,148,->,46,149,->,46,150,->,46,151,->,46,152,->,46,153,->,46,154,->,46,155,->,46,156,->,46,157,->,46,158,->,46,159,->,46,160,->,46,161,->,46,162,->,46,163,->,46,164,->,46,165,->,46,166,->,46,167,->,46,168,->,46,169,->,46,170,->,46,171,->,46,172,->,46,173,->,46,174,->,46,175,->,46,176,->,46,177,->,46,178,->,46,179,->,46,180,->,46,181,->,46,182,->,46,183,->,46,184,->,46,185,->,46,186,->,46,187,->,46,188,->,46,189,->,46,190,->,46,191,->,46,192,->,46,193,->,46,194,->,46,195,->,46,196,->,46,197,->,46,198,->,46,199,->,46,200,->,46,201,->,46,202,->,46,203,->,46,204,->,46,205,->,46,206,->,46,207,->,46,208,->,46,209,->,46,210,->,46,211,->,46,212,->,46,213,->,46,214,->,46,215,->,46,216,->,46,217,->,46,218,->,46,219,->,46,220,->,46,221,->,46,222,->,46,223,->,46,224,->,46,225,->,46,226,->,46,227,->,46,228,->,46,229,->,46,230,->,46,231,->,46,232,->,46,233,->,46,234,->,46,235,->,46,236,->,46,237,->,46,238,->,46,239,->,46,240,->,46,241,->,46,242,->,46,243,->,46,244,->,46,245,->,46,246,->,46,247,->,46,248,->,46,249,->,46,250,->,46,251,->,46,252,->,46,253,->,46,254,->,46,255,->,46,256,->,46,257,->,46,258,->,46,259,->,46,260,->,46,261,->,46,262,->,46,263,->,46,264,->,46,265,->,46,266,->,46,267,->,46,268,->,46,269,->,46,270,->,46,271,->,46,272,->,46,273,->,46,274,->,46,275,->,46,276,->,46,277,->,46,278,->,46,279,->,46,280,->,46,281,->,46,282,->,46,283,->,46,284,->,46,285,->,46,286,->,46,287,->,46,288,->,46,289,->,46,290,->,46,291,->,46,292,->,46,293,->,46,294,->,46,295,->,46,296,->,46,297,->,46,298,->,46,299,->,46,300,->,46,301,->,46,302,->,46,303,->,47,0,->,47,1,->,47,2,->,47,3,->,47,4,->,47,5,->,47,6,->,47,7,->,47,8,->,47,9,->,47,10,->,47,11,->,47,12,->,47,13,->,47,14,->,47,15,->,47,16,->,47,17,->,47,18,->,47,19,->,47,20,->,47,21,->,47,22,->,47,23,->,47,24,->,47,25,->,47,26,->,47,27,->,47,28,->,47,29,->,47,30,->,47,31,->,47,32,->,47,33,->,47,34,->,47,35,->,47,36,->,47,37,->,47,38,->,47,39,->,47,40,->,47,41,->,47,45,->,47,49,->,47,53,->,47,54,->,47,55,->,47,56,->,47,57,->,47,58,->,47,59,->,47,61,->,47,65,->,47,66,->,47,67,->,47,68,->,47,69,->,47,70,->,47,71,->,47,72,->,47,74,->,47,75,->,47,76,->,47,79,->,47,80,->,47,83,->,47,84,->,47,85,->,47,86,->,47,87,->,47,88,->,47,92,->,47,93,->,47,95,->,47,96,->,47,97,->,47,98,->,47,99,->,47,100,->,47,101,->,47,102,->,47,118,->,47,119,->,47,120,->,47,121,->,47,122,->,47,123,->,47,124,->,47,125,->,47,126,->,47,127,->,47,128,->,47,129,->,47,130,->,47,131,->,47,132,->,47,133,->,47,134,->,47,135,->,47,136,->,47,137,->,47,138,->,47,139,->,47,140,->,47,141,->,47,142,->,47,143,->,47,144,->,47,145,->,47,146,->,47,147,->,47,148,->,47,149,->,47,150,->,47,151,->,47,152,->,47,153,->,47,154,->,47,155,->,47,156,->,47,157,->,47,158,->,47,159,->,47,160,->,47,161,->,47,162,->,47,163,->,47,164,->,47,165,->,47,166,->,47,167,->,47,168,->,47,169,->,47,170,->,47,171,->,47,172,->,47,173,->,47,174,->,47,175,->,47,176,->,47,177,->,47,178,->,47,179,->,47,180,->,47,181,->,47,182,->,47,183,->,47,184,->,47,185,->,47,186,->,47,187,->,47,188,->,47,189,->,47,190,->,47,191,->,47,192,->,47,193,->,47,194,->,47,195,->,47,196,->,47,197,->,47,198,->,47,199,->,47,200,->,47,201,->,47,202,->,47,203,->,47,204,->,47,205,->,47,206,->,47,207,->,47,208,->,47,209,->,47,210,->,47,211,->,47,212,->,47,213,->,47,214,->,47,215,->,47,216,->,47,217,->,47,218,->,47,219,->,47,220,->,47,221,->,47,222,->,47,223,->,47,224,->,47,225,->,47,226,->,47,227,->,47,228,->,47,229,->,47,230,->,47,231,->,47,232,->,47,233,->,47,234,->,47,235,->,47,236,->,47,237,->,47,238,->,47,239,->,47,240,->,47,241,->,47,242,->,47,243,->,47,244,->,47,245,->,47,246,->,47,247,->,47,248,->,47,249,->,47,250,->,47,251,->,47,252,->,47,253,->,47,254,->,47,255,->,47,256,->,47,257,->,47,258,->,47,259,->,47,260,->,47,261,->,47,262,->,47,263,->,47,264,->,47,265,->,47,266,->,47,267,->,47,268,->,47,269,->,47,270,->,47,271,->,47,272,->,47,273,->,47,274,->,47,275,->,47,276,->,47,277,->,47,278,->,47,279,->,47,280,->,47,281,->,47,282,->,47,283,->,47,284,->,47,285,->,47,286,->,47,287,->,47,288,->,47,289,->,47,290,->,47,291,->,47,292,->,47,293,->,47,294,->,47,295,->,47,296,->,47,297,->,47,298,->,47,299,->,47,300,->,47,301,->,47,302,->,47,303,->,48,0,->,48,1,->,48,2,->,48,3,->,48,4,->,48,5,->,48,6,->,48,7,->,48,8,->,48,9,->,48,10,->,48,11,->,48,12,->,48,13,->,48,14,->,48,15,->,48,16,->,48,17,->,48,18,->,48,19,->,48,20,->,48,21,->,48,22,->,48,23,->,48,24,->,48,25,->,48,26,->,48,27,->,48,28,->,48,29,->,48,30,->,48,31,->,48,32,->,48,33,->,48,34,->,48,35,->,48,36,->,48,37,->,48,38,->,48,39,->,48,40,->,48,42,->,48,43,->,48,46,->,48,48,->,48,49,->,48,50,->,48,54,->,48,55,->,48,56,->,48,57,->,48,58,->,48,60,->,48,62,->,48,64,->,48,65,->,48,67,->,48,68,->,48,70,->,48,72,->,48,74,->,48,75,->,48,77,->,48,78,->,48,79,->,48,81,->,48,83,->,48,85,->,48,86,->,48,87,->,48,88,->,48,89,->,48,90,->,48,91,->,48,94,->,48,96,->,48,97,->,48,98,->,48,99,->,48,100,->,48,101,->,48,102,->,48,119,->,48,120,->,48,121,->,48,122,->,48,123,->,48,124,->,48,125,->,48,126,->,48,127,->,48,128,->,48,129,->,48,130,->,48,131,->,48,132,->,48,133,->,48,134,->,48,135,->,48,136,->,48,137,->,48,138,->,48,139,->,48,140,->,48,141,->,48,142,->,48,143,->,48,144,->,48,145,->,48,146,->,48,147,->,48,148,->,48,149,->,48,150,->,48,151,->,48,152,->,48,153,->,48,154,->,48,155,->,48,156,->,48,157,->,48,158,->,48,159,->,48,160,->,48,161,->,48,162,->,48,163,->,48,164,->,48,165,->,48,166,->,48,167,->,48,168,->,48,169,->,48,170,->,48,171,->,48,172,->,48,173,->,48,174,->,48,175,->,48,176,->,48,177,->,48,178,->,48,179,->,48,180,->,48,181,->,48,182,->,48,183,->,48,184,->,48,185,->,48,186,->,48,187,->,48,188,->,48,189,->,48,190,->,48,191,->,48,192,->,48,193,->,48,194,->,48,195,->,48,196,->,48,197,->,48,198,->,48,199,->,48,200,->,48,201,->,48,202,->,48,203,->,48,204,->,48,205,->,48,206,->,48,207,->,48,208,->,48,209,->,48,210,->,48,211,->,48,212,->,48,213,->,48,214,->,48,215,->,48,216,->,48,217,->,48,218,->,48,219,->,48,220,->,48,221,->,48,222,->,48,223,->,48,224,->,48,225,->,48,226,->,48,227,->,48,228,->,48,229,->,48,230,->,48,231,->,48,232,->,48,233,->,48,234,->,48,235,->,48,236,->,48,237,->,48,238,->,48,239,->,48,240,->,48,241,->,48,242,->,48,243,->,48,244,->,48,245,->,48,246,->,48,247,->,48,248,->,48,249,->,48,250,->,48,251,->,48,252,->,48,253,->,48,254,->,48,255,->,48,256,->,48,257,->,48,258,->,48,259,->,48,260,->,48,261,->,48,262,->,48,263,->,48,264,->,48,265,->,48,266,->,48,267,->,48,268,->,48,269,->,48,270,->,48,271,->,48,272,->,48,273,->,48,274,->,48,275,->,48,276,->,48,277,->,48,278,->,48,279,->,48,280,->,48,281,->,48,282,->,48,283,->,48,284,->,48,285,->,48,286,->,48,287,->,48,288,->,48,289,->,48,290,->,48,291,->,48,292,->,48,293,->,48,294,->,48,295,->,48,296,->,48,297,->,48,298,->,48,299,->,48,300,->,48,301,->,48,302,->,48,303,->,49,0,->,49,1,->,49,2,->,49,3,->,49,4,->,49,5,->,49,6,->,49,7,->,49,8,->,49,9,->,49,10,->,49,11,->,49,12,->,49,13,->,49,14,->,49,15,->,49,16,->,49,17,->,49,18,->,49,19,->,49,20,->,49,21,->,49,22,->,49,23,->,49,24,->,49,25,->,49,26,->,49,27,->,49,28,->,49,29,->,49,30,->,49,31,->,49,32,->,49,33,->,49,34,->,49,35,->,49,36,->,49,37,->,49,38,->,49,39,->,49,41,->,49,46,->,49,47,->,49,48,->,49,49,->,49,50,->,49,54,->,49,56,->,49,57,->,49,58,->,49,59,->,49,63,->,49,64,->,49,65,->,49,66,->,49,67,->,49,68,->,49,72,->,49,73,->,49,76,->,49,78,->,49,80,->,49,81,->,49,82,->,49,84,->,49,85,->,49,87,->,49,88,->,49,90,->,49,91,->,49,93,->,49,95,->,49,96,->,49,97,->,49,98,->,49,99,->,49,100,->,49,120,->,49,121,->,49,122,->,49,123,->,49,124,->,49,125,->,49,126,->,49,127,->,49,128,->,49,129,->,49,130,->,49,131,->,49,132,->,49,133,->,49,134,->,49,135,->,49,136,->,49,137,->,49,138,->,49,139,->,49,140,->,49,141,->,49,142,->,49,143,->,49,144,->,49,145,->,49,146,->,49,147,->,49,148,->,49,149,->,49,150,->,49,151,->,49,152,->,49,153,->,49,154,->,49,155,->,49,156,->,49,157,->,49,158,->,49,159,->,49,160,->,49,161,->,49,162,->,49,163,->,49,164,->,49,165,->,49,166,->,49,167,->,49,168,->,49,169,->,49,170,->,49,171,->,49,172,->,49,173,->,49,174,->,49,175,->,49,176,->,49,177,->,49,178,->,49,179,->,49,180,->,49,181,->,49,182,->,49,183,->,49,184,->,49,185,->,49,186,->,49,187,->,49,188,->,49,189,->,49,190,->,49,191,->,49,192,->,49,193,->,49,194,->,49,195,->,49,196,->,49,197,->,49,198,->,49,199,->,49,200,->,49,201,->,49,202,->,49,203,->,49,204,->,49,205,->,49,206,->,49,207,->,49,208,->,49,209,->,49,210,->,49,211,->,49,212,->,49,213,->,49,214,->,49,215,->,49,216,->,49,217,->,49,218,->,49,219,->,49,220,->,49,221,->,49,222,->,49,223,->,49,224,->,49,225,->,49,226,->,49,227,->,49,228,->,49,229,->,49,230,->,49,231,->,49,232,->,49,233,->,49,234,->,49,235,->,49,236,->,49,237,->,49,238,->,49,239,->,49,240,->,49,241,->,49,242,->,49,243,->,49,244,->,49,245,->,49,246,->,49,247,->,49,248,->,49,249,->,49,250,->,49,251,->,49,252,->,49,253,->,49,254,->,49,255,->,49,256,->,49,257,->,49,258,->,49,259,->,49,260,->,49,261,->,49,262,->,49,263,->,49,264,->,49,265,->,49,266,->,49,267,->,49,268,->,49,269,->,49,270,->,49,271,->,49,272,->,49,273,->,49,274,->,49,275,->,49,276,->,49,277,->,49,278,->,49,279,->,49,280,->,49,281,->,49,282,->,49,283,->,49,284,->,49,285,->,49,286,->,49,287,->,49,288,->,49,289,->,49,290,->,49,291,->,49,292,->,49,293,->,49,294,->,49,295,->,49,296,->,49,297,->,49,298,->,49,299,->,49,300,->,49,301,->,49,302,->,49,303,->,50,0,->,50,1,->,50,2,->,50,3,->,50,4,->,50,5,->,50,6,->,50,7,->,50,8,->,50,9,->,50,10,->,50,11,->,50,12,->,50,13,->,50,14,->,50,15,->,50,16,->,50,17,->,50,18,->,50,19,->,50,20,->,50,21,->,50,22,->,50,23,->,50,24,->,50,25,->,50,26,->,50,27,->,50,28,->,50,29,->,50,30,->,50,31,->,50,32,->,50,33,->,50,34,->,50,35,->,50,36,->,50,37,->,50,38,->,50,39,->,50,40,->,50,47,->,50,49,->,50,50,->,50,53,->,50,54,->,50,55,->,50,56,->,50,57,->,50,59,->,50,60,->,50,61,->,50,64,->,50,68,->,50,69,->,50,71,->,50,72,->,50,73,->,50,76,->,50,79,->,50,80,->,50,81,->,50,84,->,50,86,->,50,87,->,50,88,->,50,89,->,50,90,->,50,91,->,50,92,->,50,93,->,50,94,->,50,95,->,50,96,->,50,97,->,50,98,->,50,99,->,50,100,->,50,101,->,50,120,->,50,121,->,50,122,->,50,123,->,50,124,->,50,125,->,50,126,->,50,127,->,50,128,->,50,129,->,50,130,->,50,131,->,50,132,->,50,133,->,50,134,->,50,135,->,50,136,->,50,137,->,50,138,->,50,139,->,50,140,->,50,141,->,50,142,->,50,143,->,50,144,->,50,145,->,50,146,->,50,147,->,50,148,->,50,149,->,50,150,->,50,151,->,50,152,->,50,153,->,50,154,->,50,155,->,50,156,->,50,157,->,50,158,->,50,159,->,50,160,->,50,161,->,50,162,->,50,163,->,50,164,->,50,165,->,50,166,->,50,167,->,50,168,->,50,169,->,50,170,->,50,171,->,50,172,->,50,173,->,50,174,->,50,175,->,50,176,->,50,177,->,50,178,->,50,179,->,50,180,->,50,181,->,50,182,->,50,183,->,50,184,->,50,185,->,50,186,->,50,187,->,50,188,->,50,189,->,50,190,->,50,191,->,50,192,->,50,193,->,50,194,->,50,195,->,50,196,->,50,197,->,50,198,->,50,199,->,50,200,->,50,201,->,50,202,->,50,203,->,50,204,->,50,205,->,50,206,->,50,207,->,50,208,->,50,209,->,50,210,->,50,211,->,50,212,->,50,213,->,50,214,->,50,215,->,50,216,->,50,217,->,50,218,->,50,219,->,50,220,->,50,221,->,50,222,->,50,223,->,50,224,->,50,225,->,50,226,->,50,227,->,50,228,->,50,229,->,50,230,->,50,231,->,50,232,->,50,233,->,50,234,->,50,235,->,50,236,->,50,237,->,50,238,->,50,239,->,50,240,->,50,241,->,50,242,->,50,243,->,50,244,->,50,245,->,50,246,->,50,247,->,50,248,->,50,249,->,50,250,->,50,251,->,50,252,->,50,253,->,50,254,->,50,255,->,50,256,->,50,257,->,50,258,->,50,259,->,50,260,->,50,261,->,50,262,->,50,263,->,50,264,->,50,265,->,50,266,->,50,267,->,50,268,->,50,269,->,50,270,->,50,271,->,50,272,->,50,273,->,50,274,->,50,275,->,50,276,->,50,277,->,50,278,->,50,279,->,50,280,->,50,281,->,50,282,->,50,283,->,50,284,->,50,285,->,50,286,->,50,287,->,50,288,->,50,289,->,50,290,->,50,291,->,50,292,->,50,293,->,50,294,->,50,295,->,50,296,->,50,297,->,50,298,->,50,299,->,50,300,->,50,301,->,50,302,->,50,303,->,51,0,->,51,1,->,51,2,->,51,3,->,51,4,->,51,5,->,51,6,->,51,7,->,51,8,->,51,9,->,51,10,->,51,11,->,51,12,->,51,13,->,51,14,->,51,15,->,51,16,->,51,17,->,51,18,->,51,19,->,51,20,->,51,21,->,51,22,->,51,23,->,51,24,->,51,25,->,51,26,->,51,27,->,51,28,->,51,29,->,51,30,->,51,31,->,51,32,->,51,33,->,51,34,->,51,35,->,51,36,->,51,38,->,51,39,->,51,43,->,51,44,->,51,47,->,51,50,->,51,52,->,51,54,->,51,56,->,51,57,->,51,60,->,51,61,->,51,63,->,51,66,->,51,67,->,51,68,->,51,69,->,51,71,->,51,72,->,51,73,->,51,74,->,51,75,->,51,77,->,51,78,->,51,80,->,51,81,->,51,83,->,51,84,->,51,86,->,51,88,->,51,89,->,51,90,->,51,91,->,51,93,->,51,94,->,51,95,->,51,96,->,51,97,->,51,98,->,51,120,->,51,121,->,51,122,->,51,123,->,51,124,->,51,125,->,51,126,->,51,127,->,51,128,->,51,129,->,51,130,->,51,131,->,51,132,->,51,133,->,51,134,->,51,135,->,51,136,->,51,137,->,51,138,->,51,139,->,51,140,->,51,141,->,51,142,->,51,143,->,51,144,->,51,145,->,51,146,->,51,147,->,51,148,->,51,149,->,51,150,->,51,151,->,51,152,->,51,153,->,51,154,->,51,155,->,51,156,->,51,157,->,51,158,->,51,159,->,51,160,->,51,161,->,51,162,->,51,163,->,51,164,->,51,165,->,51,166,->,51,167,->,51,168,->,51,169,->,51,170,->,51,171,->,51,172,->,51,173,->,51,174,->,51,175,->,51,176,->,51,177,->,51,178,->,51,179,->,51,180,->,51,181,->,51,182,->,51,183,->,51,184,->,51,185,->,51,186,->,51,187,->,51,188,->,51,189,->,51,190,->,51,191,->,51,192,->,51,193,->,51,194,->,51,195,->,51,196,->,51,197,->,51,198,->,51,199,->,51,200,->,51,201,->,51,202,->,51,203,->,51,204,->,51,205,->,51,206,->,51,207,->,51,208,->,51,209,->,51,210,->,51,211,->,51,212,->,51,213,->,51,214,->,51,215,->,51,216,->,51,217,->,51,218,->,51,219,->,51,220,->,51,221,->,51,222,->,51,223,->,51,224,->,51,225,->,51,226,->,51,227,->,51,228,->,51,229,->,51,230,->,51,231,->,51,232,->,51,233,->,51,234,->,51,235,->,51,236,->,51,237,->,51,238,->,51,239,->,51,240,->,51,241,->,51,242,->,51,243,->,51,244,->,51,245,->,51,246,->,51,247,->,51,248,->,51,249,->,51,250,->,51,251,->,51,252,->,51,253,->,51,254,->,51,255,->,51,256,->,51,257,->,51,258,->,51,259,->,51,260,->,51,261,->,51,262,->,51,263,->,51,264,->,51,265,->,51,266,->,51,267,->,51,268,->,51,269,->,51,270,->,51,271,->,51,272,->,51,273,->,51,274,->,51,275,->,51,276,->,51,277,->,51,278,->,51,279,->,51,280,->,51,281,->,51,282,->,51,283,->,51,284,->,51,285,->,51,286,->,51,287,->,51,288,->,51,289,->,51,290,->,51,291,->,51,292,->,51,293,->,51,294,->,51,295,->,51,296,->,51,297,->,51,298,->,51,299,->,51,300,->,51,301,->,51,302,->,51,303,->,52,0,->,52,1,->,52,2,->,52,3,->,52,4,->,52,5,->,52,6,->,52,7,->,52,8,->,52,9,->,52,10,->,52,11,->,52,12,->,52,13,->,52,14,->,52,15,->,52,16,->,52,17,->,52,18,->,52,19,->,52,20,->,52,21,->,52,22,->,52,23,->,52,24,->,52,25,->,52,26,->,52,27,->,52,28,->,52,29,->,52,30,->,52,31,->,52,32,->,52,33,->,52,34,->,52,35,->,52,40,->,52,41,->,52,43,->,52,44,->,52,46,->,52,47,->,52,48,->,52,49,->,52,50,->,52,51,->,52,53,->,52,55,->,52,56,->,52,57,->,52,59,->,52,63,->,52,64,->,52,65,->,52,66,->,52,67,->,52,70,->,52,72,->,52,74,->,52,75,->,52,76,->,52,79,->,52,80,->,52,81,->,52,83,->,52,85,->,52,87,->,52,88,->,52,90,->,52,93,->,52,94,->,52,95,->,52,96,->,52,97,->,52,98,->,52,99,->,52,121,->,52,122,->,52,123,->,52,124,->,52,125,->,52,126,->,52,127,->,52,128,->,52,129,->,52,130,->,52,131,->,52,132,->,52,133,->,52,134,->,52,135,->,52,136,->,52,137,->,52,138,->,52,139,->,52,140,->,52,141,->,52,142,->,52,143,->,52,144,->,52,145,->,52,146,->,52,147,->,52,148,->,52,149,->,52,150,->,52,151,->,52,152,->,52,153,->,52,154,->,52,155,->,52,156,->,52,157,->,52,158,->,52,159,->,52,160,->,52,161,->,52,162,->,52,163,->,52,164,->,52,165,->,52,166,->,52,167,->,52,168,->,52,169,->,52,170,->,52,171,->,52,172,->,52,173,->,52,174,->,52,175,->,52,176,->,52,177,->,52,178,->,52,179,->,52,180,->,52,181,->,52,182,->,52,183,->,52,184,->,52,185,->,52,186,->,52,187,->,52,188,->,52,189,->,52,190,->,52,191,->,52,192,->,52,193,->,52,194,->,52,195,->,52,196,->,52,197,->,52,198,->,52,199,->,52,200,->,52,201,->,52,202,->,52,203,->,52,204,->,52,205,->,52,206,->,52,207,->,52,208,->,52,209,->,52,210,->,52,211,->,52,212,->,52,213,->,52,214,->,52,215,->,52,216,->,52,217,->,52,218,->,52,219,->,52,220,->,52,221,->,52,222,->,52,223,->,52,224,->,52,225,->,52,226,->,52,227,->,52,228,->,52,229,->,52,230,->,52,231,->,52,232,->,52,233,->,52,234,->,52,235,->,52,236,->,52,237,->,52,238,->,52,239,->,52,240,->,52,241,->,52,242,->,52,243,->,52,244,->,52,245,->,52,246,->,52,247,->,52,248,->,52,249,->,52,250,->,52,251,->,52,252,->,52,253,->,52,254,->,52,255,->,52,256,->,52,257,->,52,258,->,52,259,->,52,260,->,52,261,->,52,262,->,52,263,->,52,264,->,52,265,->,52,266,->,52,267,->,52,268,->,52,269,->,52,270,->,52,271,->,52,272,->,52,273,->,52,274,->,52,275,->,52,276,->,52,277,->,52,278,->,52,279,->,52,280,->,52,281,->,52,282,->,52,283,->,52,284,->,52,285,->,52,286,->,52,287,->,52,288,->,52,289,->,52,290,->,52,291,->,52,292,->,52,293,->,52,294,->,52,295,->,52,296,->,52,297,->,52,298,->,52,299,->,52,300,->,52,301,->,52,302,->,52,303,->,53,0,->,53,1,->,53,2,->,53,3,->,53,4,->,53,5,->,53,6,->,53,7,->,53,8,->,53,9,->,53,10,->,53,11,->,53,12,->,53,13,->,53,14,->,53,15,->,53,16,->,53,17,->,53,18,->,53,19,->,53,20,->,53,21,->,53,22,->,53,23,->,53,24,->,53,25,->,53,26,->,53,27,->,53,28,->,53,29,->,53,30,->,53,31,->,53,32,->,53,33,->,53,34,->,53,38,->,53,41,->,53,42,->,53,47,->,53,48,->,53,50,->,53,51,->,53,52,->,53,53,->,53,55,->,53,56,->,53,57,->,53,64,->,53,65,->,53,67,->,53,68,->,53,69,->,53,73,->,53,76,->,53,78,->,53,81,->,53,84,->,53,86,->,53,87,->,53,88,->,53,89,->,53,91,->,53,92,->,53,93,->,53,94,->,53,95,->,53,96,->,53,97,->,53,98,->,53,99,->,53,121,->,53,122,->,53,123,->,53,124,->,53,125,->,53,126,->,53,127,->,53,128,->,53,129,->,53,130,->,53,131,->,53,132,->,53,133,->,53,134,->,53,135,->,53,136,->,53,137,->,53,138,->,53,139,->,53,140,->,53,141,->,53,142,->,53,143,->,53,144,->,53,145,->,53,146,->,53,147,->,53,148,->,53,149,->,53,150,->,53,151,->,53,152,->,53,153,->,53,154,->,53,155,->,53,156,->,53,157,->,53,158,->,53,159,->,53,160,->,53,161,->,53,162,->,53,163,->,53,164,->,53,165,->,53,166,->,53,167,->,53,168,->,53,169,->,53,170,->,53,171,->,53,172,->,53,173,->,53,174,->,53,175,->,53,176,->,53,177,->,53,178,->,53,179,->,53,180,->,53,181,->,53,182,->,53,183,->,53,184,->,53,185,->,53,186,->,53,187,->,53,188,->,53,189,->,53,190,->,53,191,->,53,192,->,53,193,->,53,194,->,53,195,->,53,196,->,53,197,->,53,198,->,53,199,->,53,200,->,53,201,->,53,202,->,53,203,->,53,204,->,53,205,->,53,206,->,53,207,->,53,208,->,53,209,->,53,210,->,53,211,->,53,212,->,53,213,->,53,214,->,53,215,->,53,216,->,53,217,->,53,218,->,53,219,->,53,220,->,53,221,->,53,222,->,53,223,->,53,224,->,53,225,->,53,226,->,53,227,->,53,228,->,53,229,->,53,230,->,53,231,->,53,232,->,53,233,->,53,234,->,53,235,->,53,236,->,53,237,->,53,238,->,53,239,->,53,240,->,53,241,->,53,242,->,53,243,->,53,244,->,53,245,->,53,246,->,53,247,->,53,248,->,53,249,->,53,250,->,53,251,->,53,252,->,53,253,->,53,254,->,53,255,->,53,256,->,53,257,->,53,258,->,53,259,->,53,260,->,53,261,->,53,262,->,53,263,->,53,264,->,53,265,->,53,266,->,53,267,->,53,268,->,53,269,->,53,270,->,53,271,->,53,272,->,53,273,->,53,274,->,53,275,->,53,276,->,53,277,->,53,278,->,53,279,->,53,280,->,53,281,->,53,282,->,53,283,->,53,284,->,53,285,->,53,286,->,53,287,->,53,288,->,53,289,->,53,290,->,53,291,->,53,292,->,53,293,->,53,294,->,53,295,->,53,296,->,53,297,->,53,298,->,53,299,->,53,300,->,53,301,->,53,302,->,53,303,->,54,0,->,54,1,->,54,2,->,54,3,->,54,4,->,54,5,->,54,6,->,54,7,->,54,8,->,54,9,->,54,10,->,54,11,->,54,12,->,54,13,->,54,14,->,54,15,->,54,16,->,54,17,->,54,18,->,54,19,->,54,20,->,54,21,->,54,22,->,54,23,->,54,24,->,54,25,->,54,26,->,54,27,->,54,28,->,54,29,->,54,30,->,54,31,->,54,32,->,54,33,->,54,37,->,54,38,->,54,40,->,54,42,->,54,48,->,54,49,->,54,50,->,54,54,->,54,55,->,54,56,->,54,58,->,54,67,->,54,68,->,54,69,->,54,71,->,54,72,->,54,74,->,54,75,->,54,77,->,54,79,->,54,82,->,54,85,->,54,86,->,54,88,->,54,92,->,54,94,->,54,95,->,54,96,->,54,97,->,54,98,->,54,122,->,54,123,->,54,124,->,54,125,->,54,126,->,54,127,->,54,128,->,54,129,->,54,130,->,54,131,->,54,132,->,54,133,->,54,134,->,54,135,->,54,136,->,54,137,->,54,138,->,54,139,->,54,140,->,54,141,->,54,142,->,54,143,->,54,144,->,54,145,->,54,146,->,54,147,->,54,148,->,54,149,->,54,150,->,54,151,->,54,152,->,54,153,->,54,154,->,54,155,->,54,156,->,54,157,->,54,158,->,54,159,->,54,160,->,54,161,->,54,162,->,54,163,->,54,164,->,54,165,->,54,166,->,54,167,->,54,168,->,54,169,->,54,170,->,54,171,->,54,172,->,54,173,->,54,174,->,54,175,->,54,176,->,54,177,->,54,178,->,54,179,->,54,180,->,54,181,->,54,182,->,54,183,->,54,184,->,54,185,->,54,186,->,54,187,->,54,188,->,54,189,->,54,190,->,54,191,->,54,192,->,54,193,->,54,194,->,54,195,->,54,196,->,54,197,->,54,198,->,54,199,->,54,200,->,54,201,->,54,202,->,54,203,->,54,204,->,54,205,->,54,206,->,54,207,->,54,208,->,54,209,->,54,210,->,54,211,->,54,212,->,54,213,->,54,214,->,54,215,->,54,216,->,54,217,->,54,218,->,54,219,->,54,220,->,54,221,->,54,222,->,54,223,->,54,224,->,54,225,->,54,226,->,54,227,->,54,228,->,54,229,->,54,230,->,54,231,->,54,232,->,54,233,->,54,234,->,54,235,->,54,236,->,54,237,->,54,238,->,54,239,->,54,240,->,54,241,->,54,242,->,54,243,->,54,244,->,54,245,->,54,246,->,54,247,->,54,248,->,54,249,->,54,250,->,54,251,->,54,252,->,54,253,->,54,254,->,54,255,->,54,256,->,54,257,->,54,258,->,54,259,->,54,260,->,54,261,->,54,262,->,54,263,->,54,264,->,54,265,->,54,266,->,54,267,->,54,268,->,54,269,->,54,270,->,54,271,->,54,272,->,54,273,->,54,274,->,54,275,->,54,276,->,54,277,->,54,278,->,54,279,->,54,280,->,54,281,->,54,282,->,54,283,->,54,284,->,54,285,->,54,286,->,54,287,->,54,288,->,54,289,->,54,290,->,54,291,->,54,292,->,54,293,->,54,294,->,54,295,->,54,296,->,54,297,->,54,298,->,54,299,->,54,300,->,54,301,->,54,302,->,54,303,->,55,0,->,55,1,->,55,2,->,55,3,->,55,4,->,55,5,->,55,6,->,55,7,->,55,8,->,55,9,->,55,10,->,55,11,->,55,12,->,55,13,->,55,14,->,55,15,->,55,16,->,55,17,->,55,18,->,55,19,->,55,20,->,55,21,->,55,22,->,55,23,->,55,24,->,55,25,->,55,26,->,55,27,->,55,28,->,55,29,->,55,30,->,55,31,->,55,32,->,55,36,->,55,37,->,55,43,->,55,44,->,55,45,->,55,46,->,55,47,->,55,49,->,55,50,->,55,51,->,55,53,->,55,54,->,55,55,->,55,57,->,55,59,->,55,65,->,55,67,->,55,69,->,55,70,->,55,71,->,55,73,->,55,76,->,55,77,->,55,78,->,55,79,->,55,80,->,55,84,->,55,86,->,55,87,->,55,88,->,55,92,->,55,93,->,55,94,->,55,95,->,55,96,->,55,97,->,55,98,->,55,99,->,55,122,->,55,123,->,55,124,->,55,125,->,55,126,->,55,127,->,55,128,->,55,129,->,55,130,->,55,131,->,55,132,->,55,133,->,55,134,->,55,135,->,55,136,->,55,137,->,55,138,->,55,139,->,55,140,->,55,141,->,55,142,->,55,143,->,55,144,->,55,145,->,55,146,->,55,147,->,55,148,->,55,149,->,55,150,->,55,151,->,55,152,->,55,153,->,55,154,->,55,155,->,55,156,->,55,157,->,55,158,->,55,159,->,55,160,->,55,161,->,55,162,->,55,163,->,55,164,->,55,165,->,55,166,->,55,167,->,55,168,->,55,169,->,55,170,->,55,171,->,55,172,->,55,173,->,55,174,->,55,175,->,55,176,->,55,177,->,55,178,->,55,179,->,55,180,->,55,181,->,55,182,->,55,183,->,55,184,->,55,185,->,55,186,->,55,187,->,55,188,->,55,189,->,55,190,->,55,191,->,55,192,->,55,193,->,55,194,->,55,195,->,55,196,->,55,197,->,55,198,->,55,199,->,55,200,->,55,201,->,55,202,->,55,203,->,55,204,->,55,205,->,55,206,->,55,207,->,55,208,->,55,209,->,55,210,->,55,211,->,55,212,->,55,213,->,55,214,->,55,215,->,55,216,->,55,217,->,55,218,->,55,219,->,55,220,->,55,221,->,55,222,->,55,223,->,55,224,->,55,225,->,55,226,->,55,227,->,55,228,->,55,229,->,55,230,->,55,231,->,55,232,->,55,233,->,55,234,->,55,235,->,55,236,->,55,237,->,55,238,->,55,239,->,55,240,->,55,241,->,55,242,->,55,243,->,55,244,->,55,245,->,55,246,->,55,247,->,55,248,->,55,249,->,55,250,->,55,251,->,55,252,->,55,253,->,55,254,->,55,255,->,55,256,->,55,257,->,55,258,->,55,259,->,55,260,->,55,261,->,55,262,->,55,263,->,55,264,->,55,265,->,55,266,->,55,267,->,55,268,->,55,269,->,55,270,->,55,271,->,55,272,->,55,273,->,55,274,->,55,275,->,55,276,->,55,277,->,55,278,->,55,279,->,55,280,->,55,281,->,55,282,->,55,283,->,55,284,->,55,285,->,55,286,->,55,287,->,55,288,->,55,289,->,55,290,->,55,291,->,55,292,->,55,293,->,55,294,->,55,295,->,55,296,->,55,297,->,55,298,->,55,299,->,55,300,->,55,301,->,55,302,->,55,303,->,56,0,->,56,1,->,56,2,->,56,3,->,56,4,->,56,5,->,56,6,->,56,7,->,56,8,->,56,9,->,56,10,->,56,11,->,56,12,->,56,13,->,56,14,->,56,15,->,56,16,->,56,17,->,56,18,->,56,19,->,56,20,->,56,21,->,56,22,->,56,23,->,56,24,->,56,25,->,56,26,->,56,27,->,56,28,->,56,29,->,56,30,->,56,31,->,56,41,->,56,42,->,56,48,->,56,50,->,56,52,->,56,53,->,56,54,->,56,55,->,56,56,->,56,57,->,56,58,->,56,60,->,56,65,->,56,66,->,56,67,->,56,68,->,56,69,->,56,70,->,56,71,->,56,73,->,56,74,->,56,76,->,56,77,->,56,78,->,56,79,->,56,83,->,56,84,->,56,85,->,56,86,->,56,88,->,56,89,->,56,91,->,56,92,->,56,93,->,56,94,->,56,95,->,56,96,->,56,97,->,56,98,->,56,122,->,56,123,->,56,124,->,56,125,->,56,126,->,56,127,->,56,128,->,56,129,->,56,130,->,56,131,->,56,132,->,56,133,->,56,134,->,56,135,->,56,136,->,56,137,->,56,138,->,56,139,->,56,140,->,56,141,->,56,142,->,56,143,->,56,144,->,56,145,->,56,146,->,56,147,->,56,148,->,56,149,->,56,150,->,56,151,->,56,152,->,56,153,->,56,154,->,56,155,->,56,156,->,56,157,->,56,158,->,56,159,->,56,160,->,56,161,->,56,162,->,56,163,->,56,164,->,56,165,->,56,166,->,56,167,->,56,168,->,56,169,->,56,170,->,56,171,->,56,172,->,56,173,->,56,174,->,56,175,->,56,176,->,56,177,->,56,178,->,56,179,->,56,180,->,56,181,->,56,182,->,56,183,->,56,184,->,56,185,->,56,186,->,56,187,->,56,188,->,56,189,->,56,190,->,56,191,->,56,192,->,56,193,->,56,194,->,56,195,->,56,196,->,56,197,->,56,198,->,56,199,->,56,200,->,56,201,->,56,202,->,56,203,->,56,204,->,56,205,->,56,206,->,56,207,->,56,208,->,56,209,->,56,210,->,56,211,->,56,212,->,56,213,->,56,214,->,56,215,->,56,216,->,56,217,->,56,218,->,56,219,->,56,220,->,56,221,->,56,222,->,56,223,->,56,224,->,56,225,->,56,226,->,56,227,->,56,228,->,56,229,->,56,230,->,56,231,->,56,232,->,56,233,->,56,234,->,56,235,->,56,236,->,56,237,->,56,238,->,56,239,->,56,240,->,56,241,->,56,242,->,56,243,->,56,244,->,56,245,->,56,246,->,56,247,->,56,248,->,56,249,->,56,250,->,56,251,->,56,252,->,56,253,->,56,254,->,56,255,->,56,256,->,56,257,->,56,258,->,56,259,->,56,260,->,56,261,->,56,262,->,56,263,->,56,264,->,56,265,->,56,266,->,56,267,->,56,268,->,56,269,->,56,270,->,56,271,->,56,272,->,56,273,->,56,274,->,56,275,->,56,276,->,56,277,->,56,278,->,56,279,->,56,280,->,56,281,->,56,282,->,56,283,->,56,284,->,56,285,->,56,286,->,56,287,->,56,288,->,56,289,->,56,290,->,56,291,->,56,292,->,56,293,->,56,294,->,56,295,->,56,296,->,56,297,->,56,298,->,56,299,->,56,300,->,56,301,->,56,302,->,56,303,->,57,0,->,57,1,->,57,2,->,57,3,->,57,4,->,57,5,->,57,6,->,57,7,->,57,8,->,57,9,->,57,10,->,57,11,->,57,12,->,57,13,->,57,14,->,57,15,->,57,16,->,57,17,->,57,18,->,57,19,->,57,20,->,57,21,->,57,22,->,57,23,->,57,24,->,57,25,->,57,26,->,57,27,->,57,28,->,57,29,->,57,30,->,57,32,->,57,37,->,57,43,->,57,44,->,57,45,->,57,46,->,57,50,->,57,54,->,57,55,->,57,56,->,57,57,->,57,58,->,57,63,->,57,65,->,57,66,->,57,68,->,57,70,->,57,74,->,57,75,->,57,80,->,57,84,->,57,86,->,57,87,->,57,90,->,57,92,->,57,93,->,57,94,->,57,96,->,57,97,->,57,123,->,57,124,->,57,125,->,57,126,->,57,127,->,57,128,->,57,129,->,57,130,->,57,131,->,57,132,->,57,133,->,57,134,->,57,135,->,57,136,->,57,137,->,57,138,->,57,139,->,57,140,->,57,141,->,57,142,->,57,143,->,57,144,->,57,145,->,57,146,->,57,147,->,57,148,->,57,149,->,57,150,->,57,151,->,57,152,->,57,153,->,57,154,->,57,155,->,57,156,->,57,157,->,57,158,->,57,159,->,57,160,->,57,161,->,57,162,->,57,163,->,57,164,->,57,165,->,57,166,->,57,167,->,57,168,->,57,169,->,57,170,->,57,171,->,57,172,->,57,173,->,57,174,->,57,175,->,57,176,->,57,177,->,57,178,->,57,179,->,57,180,->,57,181,->,57,182,->,57,183,->,57,184,->,57,185,->,57,186,->,57,187,->,57,188,->,57,189,->,57,190,->,57,191,->,57,192,->,57,193,->,57,194,->,57,195,->,57,196,->,57,197,->,57,198,->,57,199,->,57,200,->,57,201,->,57,202,->,57,203,->,57,204,->,57,205,->,57,206,->,57,207,->,57,208,->,57,209,->,57,210,->,57,211,->,57,212,->,57,213,->,57,214,->,57,215,->,57,216,->,57,217,->,57,218,->,57,219,->,57,220,->,57,221,->,57,222,->,57,223,->,57,224,->,57,225,->,57,226,->,57,227,->,57,228,->,57,229,->,57,230,->,57,231,->,57,232,->,57,233,->,57,234,->,57,235,->,57,236,->,57,237,->,57,238,->,57,239,->,57,240,->,57,241,->,57,242,->,57,243,->,57,244,->,57,245,->,57,246,->,57,247,->,57,248,->,57,249,->,57,250,->,57,251,->,57,252,->,57,253,->,57,254,->,57,255,->,57,256,->,57,257,->,57,258,->,57,259,->,57,260,->,57,261,->,57,262,->,57,263,->,57,264,->,57,265,->,57,266,->,57,267,->,57,268,->,57,269,->,57,270,->,57,271,->,57,272,->,57,273,->,57,274,->,57,275,->,57,276,->,57,277,->,57,278,->,57,279,->,57,280,->,57,281,->,57,282,->,57,283,->,57,284,->,57,285,->,57,286,->,57,287,->,57,288,->,57,289,->,57,290,->,57,291,->,57,292,->,57,293,->,57,294,->,57,295,->,57,296,->,57,297,->,57,298,->,57,299,->,57,300,->,57,301,->,57,302,->,57,303,->,58,0,->,58,1,->,58,2,->,58,3,->,58,4,->,58,5,->,58,6,->,58,7,->,58,8,->,58,9,->,58,10,->,58,11,->,58,12,->,58,13,->,58,14,->,58,15,->,58,16,->,58,17,->,58,18,->,58,19,->,58,20,->,58,21,->,58,22,->,58,23,->,58,24,->,58,25,->,58,26,->,58,27,->,58,28,->,58,29,->,58,33,->,58,34,->,58,36,->,58,38,->,58,43,->,58,45,->,58,47,->,58,49,->,58,51,->,58,52,->,58,53,->,58,54,->,58,57,->,58,58,->,58,59,->,58,61,->,58,64,->,58,65,->,58,66,->,58,69,->,58,70,->,58,71,->,58,72,->,58,73,->,58,74,->,58,78,->,58,79,->,58,80,->,58,81,->,58,82,->,58,83,->,58,85,->,58,86,->,58,87,->,58,88,->,58,92,->,58,93,->,58,94,->,58,95,->,58,96,->,58,97,->,58,98,->,58,123,->,58,124,->,58,125,->,58,126,->,58,127,->,58,128,->,58,129,->,58,130,->,58,131,->,58,132,->,58,133,->,58,134,->,58,135,->,58,136,->,58,137,->,58,138,->,58,139,->,58,140,->,58,141,->,58,142,->,58,143,->,58,144,->,58,145,->,58,146,->,58,147,->,58,148,->,58,149,->,58,150,->,58,151,->,58,152,->,58,153,->,58,154,->,58,155,->,58,156,->,58,157,->,58,158,->,58,159,->,58,160,->,58,161,->,58,162,->,58,163,->,58,164,->,58,165,->,58,166,->,58,167,->,58,168,->,58,169,->,58,170,->,58,171,->,58,172,->,58,173,->,58,174,->,58,175,->,58,176,->,58,177,->,58,178,->,58,179,->,58,180,->,58,181,->,58,182,->,58,183,->,58,184,->,58,185,->,58,186,->,58,187,->,58,188,->,58,189,->,58,190,->,58,191,->,58,192,->,58,193,->,58,194,->,58,195,->,58,196,->,58,197,->,58,198,->,58,199,->,58,200,->,58,201,->,58,202,->,58,203,->,58,204,->,58,205,->,58,206,->,58,207,->,58,208,->,58,209,->,58,210,->,58,211,->,58,212,->,58,213,->,58,214,->,58,215,->,58,216,->,58,217,->,58,218,->,58,219,->,58,220,->,58,221,->,58,222,->,58,223,->,58,224,->,58,225,->,58,226,->,58,227,->,58,228,->,58,229,->,58,230,->,58,231,->,58,232,->,58,233,->,58,234,->,58,235,->,58,236,->,58,237,->,58,238,->,58,239,->,58,240,->,58,241,->,58,242,->,58,243,->,58,244,->,58,245,->,58,246,->,58,247,->,58,248,->,58,249,->,58,250,->,58,251,->,58,252,->,58,253,->,58,254,->,58,255,->,58,256,->,58,257,->,58,258,->,58,259,->,58,260,->,58,261,->,58,262,->,58,263,->,58,264,->,58,265,->,58,266,->,58,267,->,58,268,->,58,269,->,58,270,->,58,271,->,58,272,->,58,273,->,58,274,->,58,275,->,58,276,->,58,277,->,58,278,->,58,279,->,58,280,->,58,281,->,58,282,->,58,283,->,58,284,->,58,285,->,58,286,->,58,287,->,58,288,->,58,289,->,58,290,->,58,291,->,58,292,->,58,293,->,58,294,->,58,295,->,58,296,->,58,297,->,58,298,->,58,299,->,58,300,->,58,301,->,58,302,->,58,303,->,59,0,->,59,1,->,59,2,->,59,3,->,59,4,->,59,5,->,59,6,->,59,7,->,59,8,->,59,9,->,59,10,->,59,11,->,59,12,->,59,13,->,59,14,->,59,15,->,59,16,->,59,17,->,59,18,->,59,19,->,59,20,->,59,21,->,59,22,->,59,23,->,59,24,->,59,25,->,59,26,->,59,27,->,59,28,->,59,36,->,59,44,->,59,45,->,59,53,->,59,54,->,59,57,->,59,58,->,59,61,->,59,62,->,59,63,->,59,64,->,59,65,->,59,66,->,59,70,->,59,71,->,59,73,->,59,74,->,59,75,->,59,76,->,59,79,->,59,81,->,59,82,->,59,83,->,59,85,->,59,86,->,59,87,->,59,88,->,59,89,->,59,90,->,59,91,->,59,92,->,59,93,->,59,94,->,59,95,->,59,96,->,59,97,->,59,123,->,59,124,->,59,125,->,59,126,->,59,127,->,59,128,->,59,129,->,59,130,->,59,131,->,59,132,->,59,133,->,59,134,->,59,135,->,59,136,->,59,137,->,59,138,->,59,139,->,59,140,->,59,141,->,59,142,->,59,143,->,59,144,->,59,145,->,59,146,->,59,147,->,59,148,->,59,149,->,59,150,->,59,151,->,59,152,->,59,153,->,59,154,->,59,155,->,59,156,->,59,157,->,59,158,->,59,159,->,59,160,->,59,161,->,59,162,->,59,163,->,59,164,->,59,165,->,59,166,->,59,167,->,59,168,->,59,169,->,59,170,->,59,171,->,59,172,->,59,173,->,59,174,->,59,175,->,59,176,->,59,177,->,59,178,->,59,179,->,59,180,->,59,181,->,59,182,->,59,183,->,59,184,->,59,185,->,59,186,->,59,187,->,59,188,->,59,189,->,59,190,->,59,191,->,59,192,->,59,193,->,59,194,->,59,195,->,59,196,->,59,197,->,59,198,->,59,199,->,59,200,->,59,201,->,59,202,->,59,203,->,59,204,->,59,205,->,59,206,->,59,207,->,59,208,->,59,209,->,59,210,->,59,211,->,59,212,->,59,213,->,59,214,->,59,215,->,59,216,->,59,217,->,59,218,->,59,219,->,59,220,->,59,221,->,59,222,->,59,223,->,59,224,->,59,225,->,59,226,->,59,227,->,59,228,->,59,229,->,59,230,->,59,231,->,59,232,->,59,233,->,59,234,->,59,235,->,59,236,->,59,237,->,59,238,->,59,239,->,59,240,->,59,241,->,59,242,->,59,243,->,59,244,->,59,245,->,59,246,->,59,247,->,59,248,->,59,249,->,59,250,->,59,251,->,59,252,->,59,253,->,59,254,->,59,255,->,59,256,->,59,257,->,59,258,->,59,259,->,59,260,->,59,261,->,59,262,->,59,263,->,59,264,->,59,265,->,59,266,->,59,267,->,59,268,->,59,269,->,59,270,->,59,271,->,59,272,->,59,273,->,59,274,->,59,275,->,59,276,->,59,277,->,59,278,->,59,279,->,59,280,->,59,281,->,59,282,->,59,283,->,59,284,->,59,285,->,59,286,->,59,287,->,59,288,->,59,289,->,59,290,->,59,291,->,59,292,->,59,293,->,59,294,->,59,295,->,59,296,->,59,297,->,59,298,->,59,299,->,59,300,->,59,301,->,59,302,->,59,303,->,60,0,->,60,1,->,60,2,->,60,3,->,60,4,->,60,5,->,60,6,->,60,7,->,60,8,->,60,9,->,60,10,->,60,11,->,60,12,->,60,13,->,60,14,->,60,15,->,60,16,->,60,17,->,60,18,->,60,19,->,60,20,->,60,21,->,60,22,->,60,23,->,60,24,->,60,25,->,60,26,->,60,27,->,60,29,->,60,32,->,60,38,->,60,39,->,60,40,->,60,42,->,60,50,->,60,51,->,60,54,->,60,57,->,60,58,->,60,59,->,60,61,->,60,63,->,60,66,->,60,67,->,60,69,->,60,70,->,60,71,->,60,72,->,60,73,->,60,74,->,60,75,->,60,76,->,60,81,->,60,87,->,60,88,->,60,89,->,60,90,->,60,91,->,60,92,->,60,93,->,60,94,->,60,96,->,60,124,->,60,126,->,60,127,->,60,128,->,60,129,->,60,130,->,60,131,->,60,132,->,60,133,->,60,134,->,60,135,->,60,136,->,60,137,->,60,138,->,60,139,->,60,140,->,60,141,->,60,142,->,60,143,->,60,144,->,60,145,->,60,146,->,60,147,->,60,148,->,60,149,->,60,150,->,60,151,->,60,152,->,60,153,->,60,154,->,60,155,->,60,156,->,60,157,->,60,158,->,60,159,->,60,160,->,60,161,->,60,162,->,60,163,->,60,164,->,60,165,->,60,166,->,60,167,->,60,168,->,60,169,->,60,170,->,60,171,->,60,172,->,60,173,->,60,174,->,60,175,->,60,176,->,60,177,->,60,178,->,60,179,->,60,180,->,60,181,->,60,182,->,60,183,->,60,184,->,60,185,->,60,186,->,60,187,->,60,188,->,60,189,->,60,190,->,60,191,->,60,192,->,60,193,->,60,194,->,60,195,->,60,196,->,60,197,->,60,198,->,60,199,->,60,200,->,60,201,->,60,202,->,60,203,->,60,204,->,60,205,->,60,206,->,60,207,->,60,208,->,60,209,->,60,210,->,60,211,->,60,212,->,60,213,->,60,214,->,60,215,->,60,216,->,60,217,->,60,218,->,60,219,->,60,220,->,60,221,->,60,222,->,60,223,->,60,224,->,60,225,->,60,226,->,60,227,->,60,228,->,60,229,->,60,230,->,60,231,->,60,232,->,60,233,->,60,234,->,60,235,->,60,236,->,60,237,->,60,238,->,60,239,->,60,240,->,60,241,->,60,242,->,60,243,->,60,244,->,60,245,->,60,246,->,60,247,->,60,248,->,60,249,->,60,250,->,60,251,->,60,252,->,60,253,->,60,254,->,60,255,->,60,256,->,60,257,->,60,258,->,60,259,->,60,260,->,60,261,->,60,262,->,60,263,->,60,264,->,60,265,->,60,266,->,60,267,->,60,268,->,60,269,->,60,270,->,60,271,->,60,272,->,60,273,->,60,274,->,60,275,->,60,276,->,60,277,->,60,278,->,60,279,->,60,280,->,60,281,->,60,282,->,60,283,->,60,284,->,60,285,->,60,286,->,60,287,->,60,288,->,60,289,->,60,290,->,60,291,->,60,292,->,60,293,->,60,294,->,60,295,->,60,296,->,60,297,->,60,298,->,60,299,->,60,300,->,60,301,->,60,302,->,60,303,->,61,0,->,61,1,->,61,2,->,61,3,->,61,4,->,61,5,->,61,6,->,61,7,->,61,8,->,61,9,->,61,10,->,61,11,->,61,12,->,61,13,->,61,14,->,61,15,->,61,16,->,61,17,->,61,18,->,61,19,->,61,20,->,61,21,->,61,22,->,61,23,->,61,24,->,61,25,->,61,26,->,61,27,->,61,29,->,61,31,->,61,35,->,61,36,->,61,37,->,61,38,->,61,39,->,61,41,->,61,46,->,61,48,->,61,49,->,61,50,->,61,51,->,61,52,->,61,54,->,61,57,->,61,58,->,61,60,->,61,63,->,61,65,->,61,66,->,61,67,->,61,68,->,61,69,->,61,70,->,61,71,->,61,72,->,61,74,->,61,75,->,61,77,->,61,78,->,61,80,->,61,81,->,61,82,->,61,84,->,61,85,->,61,86,->,61,87,->,61,88,->,61,90,->,61,91,->,61,92,->,61,93,->,61,94,->,61,95,->,61,96,->,61,126,->,61,127,->,61,128,->,61,129,->,61,130,->,61,131,->,61,132,->,61,133,->,61,134,->,61,135,->,61,136,->,61,137,->,61,138,->,61,139,->,61,140,->,61,141,->,61,142,->,61,143,->,61,144,->,61,145,->,61,146,->,61,147,->,61,148,->,61,149,->,61,150,->,61,151,->,61,152,->,61,153,->,61,154,->,61,155,->,61,156,->,61,157,->,61,158,->,61,159,->,61,160,->,61,161,->,61,162,->,61,163,->,61,164,->,61,165,->,61,166,->,61,167,->,61,168,->,61,169,->,61,170,->,61,171,->,61,172,->,61,173,->,61,174,->,61,175,->,61,176,->,61,177,->,61,178,->,61,179,->,61,180,->,61,181,->,61,182,->,61,183,->,61,184,->,61,185,->,61,186,->,61,187,->,61,188,->,61,189,->,61,190,->,61,191,->,61,192,->,61,193,->,61,194,->,61,195,->,61,196,->,61,197,->,61,198,->,61,199,->,61,200,->,61,201,->,61,202,->,61,203,->,61,204,->,61,205,->,61,206,->,61,207,->,61,208,->,61,209,->,61,210,->,61,211,->,61,212,->,61,213,->,61,214,->,61,215,->,61,216,->,61,217,->,61,218,->,61,219,->,61,220,->,61,221,->,61,222,->,61,223,->,61,224,->,61,225,->,61,226,->,61,227,->,61,228,->,61,229,->,61,230,->,61,231,->,61,232,->,61,233,->,61,234,->,61,235,->,61,236,->,61,237,->,61,238,->,61,239,->,61,240,->,61,241,->,61,242,->,61,243,->,61,244,->,61,245,->,61,246,->,61,247,->,61,248,->,61,249,->,61,250,->,61,251,->,61,252,->,61,253,->,61,254,->,61,255,->,61,256,->,61,257,->,61,258,->,61,259,->,61,260,->,61,261,->,61,262,->,61,263,->,61,264,->,61,265,->,61,266,->,61,267,->,61,268,->,61,269,->,61,270,->,61,271,->,61,272,->,61,273,->,61,274,->,61,275,->,61,276,->,61,277,->,61,278,->,61,279,->,61,280,->,61,281,->,61,282,->,61,283,->,61,284,->,61,285,->,61,286,->,61,287,->,61,288,->,61,289,->,61,290,->,61,291,->,61,292,->,61,293,->,61,294,->,61,295,->,61,296,->,61,297,->,61,298,->,61,299,->,61,300,->,61,301,->,61,302,->,61,303,->,62,0,->,62,1,->,62,2,->,62,3,->,62,4,->,62,5,->,62,6,->,62,7,->,62,8,->,62,9,->,62,10,->,62,11,->,62,12,->,62,13,->,62,14,->,62,15,->,62,16,->,62,17,->,62,18,->,62,19,->,62,20,->,62,21,->,62,22,->,62,23,->,62,24,->,62,25,->,62,26,->,62,27,->,62,30,->,62,31,->,62,34,->,62,37,->,62,38,->,62,39,->,62,40,->,62,41,->,62,42,->,62,43,->,62,47,->,62,49,->,62,50,->,62,51,->,62,52,->,62,53,->,62,54,->,62,57,->,62,59,->,62,60,->,62,61,->,62,62,->,62,63,->,62,65,->,62,67,->,62,68,->,62,69,->,62,70,->,62,71,->,62,72,->,62,73,->,62,74,->,62,75,->,62,76,->,62,77,->,62,78,->,62,84,->,62,86,->,62,88,->,62,89,->,62,90,->,62,91,->,62,92,->,62,93,->,62,94,->,62,95,->,62,96,->,62,125,->,62,127,->,62,128,->,62,129,->,62,130,->,62,131,->,62,132,->,62,133,->,62,134,->,62,135,->,62,136,->,62,137,->,62,138,->,62,139,->,62,140,->,62,141,->,62,142,->,62,143,->,62,144,->,62,145,->,62,146,->,62,147,->,62,148,->,62,149,->,62,150,->,62,151,->,62,152,->,62,153,->,62,154,->,62,155,->,62,156,->,62,157,->,62,158,->,62,159,->,62,160,->,62,161,->,62,162,->,62,163,->,62,164,->,62,165,->,62,166,->,62,167,->,62,168,->,62,169,->,62,170,->,62,171,->,62,172,->,62,173,->,62,174,->,62,175,->,62,176,->,62,177,->,62,178,->,62,179,->,62,180,->,62,181,->,62,182,->,62,183,->,62,184,->,62,185,->,62,186,->,62,187,->,62,188,->,62,189,->,62,190,->,62,191,->,62,192,->,62,193,->,62,194,->,62,195,->,62,196,->,62,197,->,62,198,->,62,199,->,62,200,->,62,201,->,62,202,->,62,203,->,62,204,->,62,205,->,62,206,->,62,207,->,62,208,->,62,209,->,62,210,->,62,211,->,62,212,->,62,213,->,62,214,->,62,215,->,62,216,->,62,217,->,62,218,->,62,219,->,62,220,->,62,221,->,62,222,->,62,223,->,62,224,->,62,225,->,62,226,->,62,227,->,62,228,->,62,229,->,62,230,->,62,231,->,62,232,->,62,233,->,62,234,->,62,235,->,62,236,->,62,237,->,62,238,->,62,239,->,62,240,->,62,241,->,62,242,->,62,243,->,62,244,->,62,245,->,62,246,->,62,247,->,62,248,->,62,249,->,62,250,->,62,251,->,62,252,->,62,253,->,62,254,->,62,255,->,62,256,->,62,257,->,62,258,->,62,259,->,62,260,->,62,261,->,62,262,->,62,263,->,62,264,->,62,265,->,62,266,->,62,267,->,62,268,->,62,269,->,62,270,->,62,271,->,62,272,->,62,273,->,62,274,->,62,275,->,62,276,->,62,277,->,62,278,->,62,279,->,62,280,->,62,281,->,62,282,->,62,283,->,62,284,->,62,285,->,62,286,->,62,287,->,62,288,->,62,289,->,62,290,->,62,291,->,62,292,->,62,293,->,62,294,->,62,295,->,62,296,->,62,297,->,62,298,->,62,299,->,62,300,->,62,301,->,62,302,->,62,303,->,63,0,->,63,1,->,63,2,->,63,3,->,63,4,->,63,5,->,63,6,->,63,7,->,63,8,->,63,9,->,63,10,->,63,11,->,63,12,->,63,13,->,63,14,->,63,15,->,63,16,->,63,17,->,63,18,->,63,19,->,63,20,->,63,21,->,63,22,->,63,23,->,63,24,->,63,25,->,63,31,->,63,35,->,63,36,->,63,37,->,63,38,->,63,41,->,63,42,->,63,43,->,63,44,->,63,48,->,63,49,->,63,51,->,63,52,->,63,53,->,63,54,->,63,55,->,63,56,->,63,58,->,63,61,->,63,62,->,63,63,->,63,64,->,63,66,->,63,67,->,63,70,->,63,71,->,63,75,->,63,76,->,63,79,->,63,85,->,63,86,->,63,88,->,63,89,->,63,90,->,63,91,->,63,92,->,63,93,->,63,94,->,63,95,->,63,96,->,63,125,->,63,126,->,63,127,->,63,128,->,63,129,->,63,130,->,63,131,->,63,132,->,63,133,->,63,134,->,63,135,->,63,136,->,63,137,->,63,138,->,63,139,->,63,140,->,63,141,->,63,142,->,63,143,->,63,144,->,63,145,->,63,146,->,63,147,->,63,148,->,63,149,->,63,150,->,63,151,->,63,152,->,63,153,->,63,154,->,63,155,->,63,156,->,63,157,->,63,158,->,63,159,->,63,160,->,63,161,->,63,162,->,63,163,->,63,164,->,63,165,->,63,166,->,63,167,->,63,168,->,63,169,->,63,170,->,63,171,->,63,172,->,63,173,->,63,174,->,63,175,->,63,176,->,63,177,->,63,178,->,63,179,->,63,180,->,63,181,->,63,182,->,63,183,->,63,184,->,63,185,->,63,186,->,63,187,->,63,188,->,63,189,->,63,190,->,63,191,->,63,192,->,63,193,->,63,194,->,63,195,->,63,196,->,63,197,->,63,198,->,63,199,->,63,200,->,63,201,->,63,202,->,63,203,->,63,204,->,63,205,->,63,206,->,63,207,->,63,208,->,63,209,->,63,210,->,63,211,->,63,212,->,63,213,->,63,214,->,63,215,->,63,216,->,63,217,->,63,218,->,63,219,->,63,220,->,63,221,->,63,222,->,63,223,->,63,224,->,63,225,->,63,226,->,63,227,->,63,228,->,63,229,->,63,230,->,63,231,->,63,232,->,63,233,->,63,234,->,63,235,->,63,236,->,63,237,->,63,238,->,63,239,->,63,240,->,63,241,->,63,242,->,63,243,->,63,244,->,63,245,->,63,246,->,63,247,->,63,248,->,63,249,->,63,250,->,63,251,->,63,252,->,63,253,->,63,254,->,63,255,->,63,256,->,63,257,->,63,258,->,63,259,->,63,260,->,63,261,->,63,262,->,63,263,->,63,264,->,63,265,->,63,266,->,63,267,->,63,268,->,63,269,->,63,270,->,63,271,->,63,272,->,63,273,->,63,274,->,63,275,->,63,276,->,63,277,->,63,278,->,63,279,->,63,280,->,63,281,->,63,282,->,63,283,->,63,284,->,63,285,->,63,286,->,63,287,->,63,288,->,63,289,->,63,290,->,63,291,->,63,292,->,63,293,->,63,294,->,63,295,->,63,296,->,63,297,->,63,298,->,63,299,->,63,300,->,63,301,->,63,302,->,63,303,->,64,0,->,64,1,->,64,2,->,64,3,->,64,4,->,64,5,->,64,6,->,64,7,->,64,8,->,64,9,->,64,10,->,64,11,->,64,12,->,64,13,->,64,14,->,64,15,->,64,16,->,64,17,->,64,18,->,64,19,->,64,20,->,64,21,->,64,22,->,64,23,->,64,24,->,64,27,->,64,28,->,64,29,->,64,30,->,64,33,->,64,34,->,64,38,->,64,41,->,64,42,->,64,43,->,64,46,->,64,49,->,64,50,->,64,51,->,64,52,->,64,53,->,64,54,->,64,56,->,64,57,->,64,60,->,64,61,->,64,64,->,64,65,->,64,66,->,64,67,->,64,69,->,64,70,->,64,71,->,64,74,->,64,75,->,64,76,->,64,77,->,64,80,->,64,81,->,64,85,->,64,86,->,64,87,->,64,88,->,64,89,->,64,90,->,64,91,->,64,92,->,64,93,->,64,94,->,64,95,->,64,126,->,64,127,->,64,128,->,64,129,->,64,130,->,64,131,->,64,132,->,64,133,->,64,134,->,64,135,->,64,136,->,64,137,->,64,138,->,64,139,->,64,140,->,64,141,->,64,142,->,64,143,->,64,144,->,64,145,->,64,146,->,64,147,->,64,148,->,64,149,->,64,150,->,64,151,->,64,152,->,64,153,->,64,154,->,64,155,->,64,156,->,64,157,->,64,158,->,64,159,->,64,160,->,64,161,->,64,162,->,64,163,->,64,164,->,64,165,->,64,166,->,64,167,->,64,168,->,64,169,->,64,170,->,64,171,->,64,172,->,64,173,->,64,174,->,64,175,->,64,176,->,64,177,->,64,178,->,64,179,->,64,180,->,64,181,->,64,182,->,64,183,->,64,184,->,64,185,->,64,186,->,64,187,->,64,188,->,64,189,->,64,190,->,64,191,->,64,192,->,64,193,->,64,194,->,64,195,->,64,196,->,64,197,->,64,198,->,64,199,->,64,200,->,64,201,->,64,202,->,64,203,->,64,204,->,64,205,->,64,206,->,64,207,->,64,208,->,64,209,->,64,210,->,64,211,->,64,212,->,64,213,->,64,214,->,64,215,->,64,216,->,64,217,->,64,218,->,64,219,->,64,220,->,64,221,->,64,222,->,64,223,->,64,224,->,64,225,->,64,226,->,64,227,->,64,228,->,64,229,->,64,230,->,64,231,->,64,232,->,64,233,->,64,234,->,64,235,->,64,236,->,64,237,->,64,238,->,64,239,->,64,240,->,64,241,->,64,242,->,64,243,->,64,244,->,64,245,->,64,246,->,64,247,->,64,248,->,64,249,->,64,250,->,64,251,->,64,252,->,64,253,->,64,254,->,64,255,->,64,256,->,64,257,->,64,258,->,64,259,->,64,260,->,64,261,->,64,262,->,64,263,->,64,264,->,64,265,->,64,266,->,64,267,->,64,268,->,64,269,->,64,270,->,64,271,->,64,272,->,64,273,->,64,274,->,64,275,->,64,276,->,64,277,->,64,278,->,64,279,->,64,280,->,64,281,->,64,282,->,64,283,->,64,284,->,64,285,->,64,286,->,64,287,->,64,288,->,64,289,->,64,290,->,64,291,->,64,292,->,64,293,->,64,294,->,64,295,->,64,296,->,64,297,->,64,298,->,64,299,->,64,300,->,64,301,->,64,302,->,64,303,->,65,0,->,65,1,->,65,2,->,65,3,->,65,4,->,65,5,->,65,6,->,65,7,->,65,8,->,65,9,->,65,10,->,65,11,->,65,12,->,65,13,->,65,14,->,65,15,->,65,16,->,65,17,->,65,18,->,65,19,->,65,20,->,65,21,->,65,22,->,65,23,->,65,27,->,65,30,->,65,32,->,65,33,->,65,35,->,65,36,->,65,37,->,65,39,->,65,41,->,65,44,->,65,47,->,65,49,->,65,52,->,65,53,->,65,54,->,65,56,->,65,57,->,65,61,->,65,62,->,65,63,->,65,64,->,65,65,->,65,66,->,65,68,->,65,69,->,65,70,->,65,72,->,65,75,->,65,77,->,65,78,->,65,79,->,65,80,->,65,85,->,65,87,->,65,88,->,65,89,->,65,90,->,65,91,->,65,92,->,65,93,->,65,94,->,65,95,->,65,126,->,65,127,->,65,128,->,65,129,->,65,130,->,65,131,->,65,132,->,65,133,->,65,134,->,65,135,->,65,136,->,65,137,->,65,138,->,65,139,->,65,140,->,65,141,->,65,142,->,65,143,->,65,144,->,65,145,->,65,146,->,65,147,->,65,148,->,65,149,->,65,150,->,65,151,->,65,152,->,65,153,->,65,154,->,65,155,->,65,156,->,65,157,->,65,158,->,65,159,->,65,160,->,65,161,->,65,162,->,65,163,->,65,164,->,65,165,->,65,166,->,65,167,->,65,168,->,65,169,->,65,170,->,65,171,->,65,172,->,65,173,->,65,174,->,65,175,->,65,176,->,65,177,->,65,178,->,65,179,->,65,180,->,65,181,->,65,182,->,65,183,->,65,184,->,65,185,->,65,186,->,65,187,->,65,188,->,65,189,->,65,190,->,65,191,->,65,192,->,65,193,->,65,194,->,65,195,->,65,196,->,65,197,->,65,198,->,65,199,->,65,200,->,65,201,->,65,202,->,65,203,->,65,204,->,65,205,->,65,206,->,65,207,->,65,208,->,65,209,->,65,210,->,65,211,->,65,212,->,65,213,->,65,214,->,65,215,->,65,216,->,65,217,->,65,218,->,65,219,->,65,220,->,65,221,->,65,222,->,65,223,->,65,224,->,65,225,->,65,226,->,65,227,->,65,228,->,65,229,->,65,230,->,65,231,->,65,232,->,65,233,->,65,234,->,65,235,->,65,236,->,65,237,->,65,238,->,65,239,->,65,240,->,65,241,->,65,242,->,65,243,->,65,244,->,65,245,->,65,246,->,65,247,->,65,248,->,65,249,->,65,250,->,65,251,->,65,252,->,65,253,->,65,254,->,65,255,->,65,256,->,65,257,->,65,258,->,65,259,->,65,260,->,65,261,->,65,262,->,65,263,->,65,264,->,65,265,->,65,266,->,65,267,->,65,268,->,65,269,->,65,270,->,65,271,->,65,272,->,65,273,->,65,274,->,65,275,->,65,276,->,65,277,->,65,278,->,65,279,->,65,280,->,65,281,->,65,282,->,65,283,->,65,284,->,65,285,->,65,286,->,65,287,->,65,288,->,65,289,->,65,290,->,65,291,->,65,292,->,65,293,->,65,294,->,65,295,->,65,296,->,65,297,->,65,298,->,65,299,->,65,300,->,65,301,->,65,302,->,65,303,->,66,0,->,66,1,->,66,2,->,66,3,->,66,4,->,66,5,->,66,6,->,66,7,->,66,8,->,66,9,->,66,10,->,66,11,->,66,12,->,66,13,->,66,14,->,66,15,->,66,16,->,66,17,->,66,18,->,66,19,->,66,20,->,66,21,->,66,22,->,66,24,->,66,26,->,66,27,->,66,28,->,66,30,->,66,31,->,66,33,->,66,35,->,66,36,->,66,37,->,66,41,->,66,42,->,66,47,->,66,48,->,66,50,->,66,53,->,66,55,->,66,56,->,66,57,->,66,58,->,66,59,->,66,60,->,66,63,->,66,64,->,66,65,->,66,66,->,66,67,->,66,68,->,66,69,->,66,70,->,66,72,->,66,73,->,66,74,->,66,75,->,66,76,->,66,77,->,66,79,->,66,84,->,66,85,->,66,86,->,66,87,->,66,88,->,66,89,->,66,90,->,66,91,->,66,92,->,66,93,->,66,94,->,66,95,->,66,126,->,66,127,->,66,128,->,66,129,->,66,130,->,66,131,->,66,132,->,66,133,->,66,134,->,66,135,->,66,136,->,66,137,->,66,138,->,66,139,->,66,140,->,66,141,->,66,142,->,66,143,->,66,144,->,66,145,->,66,146,->,66,147,->,66,148,->,66,149,->,66,150,->,66,151,->,66,152,->,66,153,->,66,154,->,66,155,->,66,156,->,66,157,->,66,158,->,66,159,->,66,160,->,66,161,->,66,162,->,66,163,->,66,164,->,66,165,->,66,166,->,66,167,->,66,168,->,66,169,->,66,170,->,66,171,->,66,172,->,66,173,->,66,174,->,66,175,->,66,176,->,66,177,->,66,178,->,66,179,->,66,180,->,66,181,->,66,182,->,66,183,->,66,184,->,66,185,->,66,186,->,66,187,->,66,188,->,66,189,->,66,190,->,66,191,->,66,192,->,66,193,->,66,194,->,66,195,->,66,196,->,66,197,->,66,198,->,66,199,->,66,200,->,66,201,->,66,202,->,66,203,->,66,204,->,66,205,->,66,206,->,66,207,->,66,208,->,66,209,->,66,210,->,66,211,->,66,212,->,66,213,->,66,214,->,66,215,->,66,216,->,66,217,->,66,218,->,66,219,->,66,220,->,66,221,->,66,222,->,66,223,->,66,224,->,66,225,->,66,226,->,66,227,->,66,228,->,66,229,->,66,230,->,66,231,->,66,232,->,66,233,->,66,234,->,66,235,->,66,236,->,66,237,->,66,238,->,66,239,->,66,240,->,66,241,->,66,242,->,66,243,->,66,244,->,66,245,->,66,246,->,66,247,->,66,248,->,66,249,->,66,250,->,66,251,->,66,252,->,66,253,->,66,254,->,66,255,->,66,256,->,66,257,->,66,258,->,66,259,->,66,260,->,66,261,->,66,262,->,66,263,->,66,264,->,66,265,->,66,266,->,66,267,->,66,268,->,66,269,->,66,270,->,66,271,->,66,272,->,66,273,->,66,274,->,66,275,->,66,276,->,66,277,->,66,278,->,66,279,->,66,280,->,66,281,->,66,282,->,66,283,->,66,284,->,66,285,->,66,286,->,66,287,->,66,288,->,66,289,->,66,290,->,66,291,->,66,292,->,66,293,->,66,294,->,66,295,->,66,296,->,66,297,->,66,298,->,66,299,->,66,300,->,66,301,->,66,302,->,66,303,->,67,0,->,67,1,->,67,2,->,67,3,->,67,4,->,67,5,->,67,6,->,67,7,->,67,8,->,67,9,->,67,10,->,67,11,->,67,12,->,67,13,->,67,14,->,67,15,->,67,16,->,67,17,->,67,18,->,67,19,->,67,20,->,67,21,->,67,22,->,67,26,->,67,29,->,67,30,->,67,31,->,67,33,->,67,36,->,67,38,->,67,39,->,67,47,->,67,49,->,67,52,->,67,53,->,67,54,->,67,55,->,67,58,->,67,59,->,67,60,->,67,61,->,67,65,->,67,66,->,67,67,->,67,68,->,67,69,->,67,70,->,67,71,->,67,74,->,67,76,->,67,77,->,67,78,->,67,79,->,67,80,->,67,81,->,67,82,->,67,83,->,67,84,->,67,85,->,67,86,->,67,87,->,67,88,->,67,89,->,67,90,->,67,91,->,67,92,->,67,93,->,67,94,->,67,95,->,67,127,->,67,128,->,67,129,->,67,130,->,67,131,->,67,132,->,67,133,->,67,134,->,67,135,->,67,136,->,67,137,->,67,138,->,67,139,->,67,140,->,67,141,->,67,142,->,67,143,->,67,144,->,67,145,->,67,146,->,67,147,->,67,148,->,67,149,->,67,150,->,67,151,->,67,152,->,67,153,->,67,154,->,67,155,->,67,156,->,67,157,->,67,158,->,67,159,->,67,160,->,67,161,->,67,162,->,67,163,->,67,164,->,67,165,->,67,166,->,67,167,->,67,168,->,67,169,->,67,170,->,67,171,->,67,172,->,67,173,->,67,174,->,67,175,->,67,176,->,67,177,->,67,178,->,67,179,->,67,180,->,67,181,->,67,182,->,67,183,->,67,184,->,67,185,->,67,186,->,67,187,->,67,188,->,67,189,->,67,190,->,67,191,->,67,192,->,67,193,->,67,194,->,67,195,->,67,196,->,67,197,->,67,198,->,67,199,->,67,200,->,67,201,->,67,202,->,67,203,->,67,204,->,67,205,->,67,206,->,67,207,->,67,208,->,67,209,->,67,210,->,67,211,->,67,212,->,67,213,->,67,214,->,67,215,->,67,216,->,67,217,->,67,218,->,67,219,->,67,220,->,67,221,->,67,222,->,67,223,->,67,224,->,67,225,->,67,226,->,67,227,->,67,228,->,67,229,->,67,230,->,67,231,->,67,232,->,67,233,->,67,234,->,67,235,->,67,236,->,67,237,->,67,238,->,67,239,->,67,240,->,67,241,->,67,242,->,67,243,->,67,244,->,67,245,->,67,246,->,67,247,->,67,248,->,67,249,->,67,250,->,67,251,->,67,252,->,67,253,->,67,254,->,67,255,->,67,256,->,67,257,->,67,258,->,67,259,->,67,260,->,67,261,->,67,262,->,67,263,->,67,264,->,67,265,->,67,266,->,67,267,->,67,268,->,67,269,->,67,270,->,67,271,->,67,272,->,67,273,->,67,274,->,67,275,->,67,276,->,67,277,->,67,278,->,67,279,->,67,280,->,67,281,->,67,282,->,67,283,->,67,284,->,67,285,->,67,286,->,67,287,->,67,288,->,67,289,->,67,290,->,67,291,->,67,292,->,67,293,->,67,294,->,67,295,->,67,296,->,67,297,->,67,298,->,67,299,->,67,300,->,67,301,->,67,302,->,67,303,->,68,0,->,68,1,->,68,2,->,68,3,->,68,4,->,68,5,->,68,6,->,68,7,->,68,8,->,68,9,->,68,10,->,68,11,->,68,12,->,68,13,->,68,14,->,68,15,->,68,16,->,68,17,->,68,18,->,68,19,->,68,20,->,68,21,->,68,23,->,68,25,->,68,30,->,68,35,->,68,37,->,68,38,->,68,43,->,68,51,->,68,52,->,68,54,->,68,57,->,68,58,->,68,60,->,68,61,->,68,62,->,68,63,->,68,69,->,68,70,->,68,71,->,68,72,->,68,74,->,68,76,->,68,77,->,68,78,->,68,79,->,68,80,->,68,83,->,68,84,->,68,86,->,68,87,->,68,88,->,68,89,->,68,90,->,68,91,->,68,92,->,68,93,->,68,127,->,68,128,->,68,129,->,68,130,->,68,131,->,68,132,->,68,133,->,68,134,->,68,135,->,68,136,->,68,137,->,68,138,->,68,139,->,68,140,->,68,141,->,68,142,->,68,143,->,68,144,->,68,145,->,68,146,->,68,147,->,68,148,->,68,149,->,68,150,->,68,151,->,68,152,->,68,153,->,68,154,->,68,155,->,68,156,->,68,157,->,68,158,->,68,159,->,68,160,->,68,161,->,68,162,->,68,163,->,68,164,->,68,165,->,68,166,->,68,167,->,68,168,->,68,169,->,68,170,->,68,171,->,68,172,->,68,173,->,68,174,->,68,175,->,68,176,->,68,177,->,68,178,->,68,179,->,68,180,->,68,181,->,68,182,->,68,183,->,68,184,->,68,185,->,68,186,->,68,187,->,68,188,->,68,189,->,68,190,->,68,191,->,68,192,->,68,193,->,68,194,->,68,195,->,68,196,->,68,197,->,68,198,->,68,199,->,68,200,->,68,201,->,68,202,->,68,203,->,68,204,->,68,205,->,68,206,->,68,207,->,68,208,->,68,209,->,68,210,->,68,211,->,68,212,->,68,213,->,68,214,->,68,215,->,68,216,->,68,217,->,68,218,->,68,219,->,68,220,->,68,221,->,68,222,->,68,223,->,68,224,->,68,225,->,68,226,->,68,227,->,68,228,->,68,229,->,68,230,->,68,231,->,68,232,->,68,233,->,68,234,->,68,235,->,68,236,->,68,237,->,68,238,->,68,239,->,68,240,->,68,241,->,68,242,->,68,243,->,68,244,->,68,245,->,68,246,->,68,247,->,68,248,->,68,249,->,68,250,->,68,251,->,68,252,->,68,253,->,68,254,->,68,255,->,68,256,->,68,257,->,68,258,->,68,259,->,68,260,->,68,261,->,68,262,->,68,263,->,68,264,->,68,265,->,68,266,->,68,267,->,68,268,->,68,269,->,68,270,->,68,271,->,68,272,->,68,273,->,68,274,->,68,275,->,68,276,->,68,277,->,68,278,->,68,279,->,68,280,->,68,281,->,68,282,->,68,283,->,68,284,->,68,285,->,68,286,->,68,287,->,68,288,->,68,289,->,68,290,->,68,291,->,68,292,->,68,293,->,68,294,->,68,295,->,68,296,->,68,297,->,68,298,->,68,299,->,68,300,->,68,301,->,68,302,->,68,303,->,69,0,->,69,1,->,69,2,->,69,3,->,69,4,->,69,5,->,69,6,->,69,7,->,69,8,->,69,9,->,69,10,->,69,11,->,69,12,->,69,13,->,69,14,->,69,15,->,69,16,->,69,17,->,69,18,->,69,19,->,69,21,->,69,23,->,69,25,->,69,30,->,69,32,->,69,35,->,69,38,->,69,39,->,69,41,->,69,48,->,69,49,->,69,50,->,69,52,->,69,55,->,69,56,->,69,57,->,69,60,->,69,61,->,69,62,->,69,63,->,69,64,->,69,65,->,69,67,->,69,68,->,69,70,->,69,73,->,69,74,->,69,76,->,69,78,->,69,79,->,69,80,->,69,82,->,69,83,->,69,84,->,69,85,->,69,86,->,69,87,->,69,88,->,69,89,->,69,90,->,69,91,->,69,92,->,69,93,->,69,127,->,69,128,->,69,129,->,69,130,->,69,131,->,69,132,->,69,133,->,69,134,->,69,135,->,69,136,->,69,137,->,69,138,->,69,139,->,69,140,->,69,141,->,69,142,->,69,143,->,69,144,->,69,145,->,69,146,->,69,147,->,69,148,->,69,149,->,69,150,->,69,151,->,69,152,->,69,153,->,69,154,->,69,155,->,69,156,->,69,157,->,69,158,->,69,159,->,69,160,->,69,161,->,69,162,->,69,163,->,69,164,->,69,165,->,69,166,->,69,167,->,69,168,->,69,169,->,69,170,->,69,171,->,69,172,->,69,173,->,69,174,->,69,175,->,69,176,->,69,177,->,69,178,->,69,179,->,69,180,->,69,181,->,69,182,->,69,183,->,69,184,->,69,185,->,69,186,->,69,187,->,69,188,->,69,189,->,69,190,->,69,191,->,69,192,->,69,193,->,69,194,->,69,195,->,69,196,->,69,197,->,69,198,->,69,199,->,69,200,->,69,201,->,69,202,->,69,203,->,69,204,->,69,205,->,69,206,->,69,207,->,69,208,->,69,209,->,69,210,->,69,211,->,69,212,->,69,213,->,69,214,->,69,215,->,69,216,->,69,217,->,69,218,->,69,219,->,69,220,->,69,221,->,69,222,->,69,223,->,69,224,->,69,225,->,69,226,->,69,227,->,69,228,->,69,229,->,69,230,->,69,231,->,69,232,->,69,233,->,69,234,->,69,235,->,69,236,->,69,237,->,69,238,->,69,239,->,69,240,->,69,241,->,69,242,->,69,243,->,69,244,->,69,245,->,69,246,->,69,247,->,69,248,->,69,249,->,69,250,->,69,251,->,69,252,->,69,253,->,69,254,->,69,255,->,69,256,->,69,257,->,69,258,->,69,259,->,69,260,->,69,261,->,69,262,->,69,263,->,69,264,->,69,265,->,69,266,->,69,267,->,69,268,->,69,269,->,69,270,->,69,271,->,69,272,->,69,273,->,69,274,->,69,275,->,69,276,->,69,277,->,69,278,->,69,279,->,69,280,->,69,281,->,69,282,->,69,283,->,69,284,->,69,285,->,69,286,->,69,287,->,69,288,->,69,289,->,69,290,->,69,291,->,69,292,->,69,293,->,69,294,->,69,295,->,69,296,->,69,297,->,69,298,->,69,299,->,69,300,->,69,301,->,69,302,->,69,303,->,70,0,->,70,1,->,70,2,->,70,3,->,70,4,->,70,5,->,70,6,->,70,7,->,70,8,->,70,9,->,70,10,->,70,11,->,70,12,->,70,13,->,70,14,->,70,15,->,70,16,->,70,17,->,70,18,->,70,19,->,70,22,->,70,23,->,70,24,->,70,25,->,70,31,->,70,33,->,70,34,->,70,36,->,70,38,->,70,40,->,70,41,->,70,42,->,70,44,->,70,46,->,70,47,->,70,48,->,70,49,->,70,50,->,70,56,->,70,57,->,70,58,->,70,59,->,70,61,->,70,64,->,70,65,->,70,67,->,70,68,->,70,69,->,70,71,->,70,72,->,70,73,->,70,74,->,70,75,->,70,76,->,70,77,->,70,80,->,70,83,->,70,84,->,70,85,->,70,86,->,70,87,->,70,88,->,70,89,->,70,90,->,70,91,->,70,92,->,70,93,->,70,127,->,70,128,->,70,129,->,70,130,->,70,131,->,70,132,->,70,133,->,70,134,->,70,135,->,70,136,->,70,137,->,70,138,->,70,139,->,70,140,->,70,141,->,70,142,->,70,143,->,70,144,->,70,145,->,70,146,->,70,147,->,70,148,->,70,149,->,70,150,->,70,151,->,70,152,->,70,153,->,70,154,->,70,155,->,70,156,->,70,157,->,70,158,->,70,159,->,70,160,->,70,161,->,70,162,->,70,163,->,70,164,->,70,165,->,70,166,->,70,167,->,70,168,->,70,169,->,70,170,->,70,171,->,70,172,->,70,173,->,70,174,->,70,175,->,70,176,->,70,177,->,70,178,->,70,179,->,70,180,->,70,181,->,70,182,->,70,183,->,70,184,->,70,185,->,70,186,->,70,187,->,70,188,->,70,189,->,70,190,->,70,191,->,70,192,->,70,193,->,70,194,->,70,195,->,70,196,->,70,197,->,70,198,->,70,199,->,70,200,->,70,201,->,70,202,->,70,203,->,70,204,->,70,205,->,70,206,->,70,207,->,70,208,->,70,209,->,70,210,->,70,211,->,70,212,->,70,213,->,70,214,->,70,215,->,70,216,->,70,217,->,70,218,->,70,219,->,70,220,->,70,221,->,70,222,->,70,223,->,70,224,->,70,225,->,70,226,->,70,227,->,70,228,->,70,229,->,70,230,->,70,231,->,70,232,->,70,233,->,70,234,->,70,235,->,70,236,->,70,237,->,70,238,->,70,239,->,70,240,->,70,241,->,70,242,->,70,243,->,70,244,->,70,245,->,70,246,->,70,247,->,70,248,->,70,249,->,70,250,->,70,251,->,70,252,->,70,253,->,70,254,->,70,255,->,70,256,->,70,257,->,70,258,->,70,259,->,70,260,->,70,261,->,70,262,->,70,263,->,70,264,->,70,265,->,70,266,->,70,267,->,70,268,->,70,269,->,70,270,->,70,271,->,70,272,->,70,273,->,70,274,->,70,275,->,70,276,->,70,277,->,70,278,->,70,279,->,70,280,->,70,281,->,70,282,->,70,283,->,70,284,->,70,285,->,70,286,->,70,287,->,70,288,->,70,289,->,70,290,->,70,291,->,70,292,->,70,293,->,70,294,->,70,295,->,70,296,->,70,297,->,70,298,->,70,299,->,70,300,->,70,301,->,70,302,->,70,303,->,71,0,->,71,1,->,71,2,->,71,3,->,71,4,->,71,5,->,71,6,->,71,7,->,71,8,->,71,9,->,71,10,->,71,11,->,71,12,->,71,13,->,71,14,->,71,15,->,71,16,->,71,17,->,71,18,->,71,19,->,71,22,->,71,23,->,71,24,->,71,25,->,71,28,->,71,29,->,71,30,->,71,32,->,71,33,->,71,36,->,71,40,->,71,43,->,71,44,->,71,47,->,71,48,->,71,50,->,71,51,->,71,52,->,71,53,->,71,54,->,71,55,->,71,56,->,71,57,->,71,59,->,71,61,->,71,62,->,71,63,->,71,64,->,71,65,->,71,66,->,71,67,->,71,68,->,71,69,->,71,70,->,71,71,->,71,72,->,71,74,->,71,75,->,71,78,->,71,79,->,71,80,->,71,81,->,71,82,->,71,83,->,71,85,->,71,86,->,71,87,->,71,88,->,71,89,->,71,90,->,71,91,->,71,92,->,71,93,->,71,128,->,71,129,->,71,130,->,71,131,->,71,132,->,71,133,->,71,134,->,71,135,->,71,136,->,71,137,->,71,138,->,71,139,->,71,140,->,71,141,->,71,142,->,71,143,->,71,144,->,71,145,->,71,146,->,71,147,->,71,148,->,71,149,->,71,150,->,71,151,->,71,152,->,71,153,->,71,154,->,71,155,->,71,156,->,71,157,->,71,158,->,71,159,->,71,160,->,71,161,->,71,162,->,71,163,->,71,164,->,71,165,->,71,166,->,71,167,->,71,168,->,71,169,->,71,170,->,71,171,->,71,172,->,71,173,->,71,174,->,71,175,->,71,176,->,71,177,->,71,178,->,71,179,->,71,180,->,71,181,->,71,182,->,71,183,->,71,184,->,71,185,->,71,186,->,71,187,->,71,188,->,71,189,->,71,190,->,71,191,->,71,192,->,71,193,->,71,194,->,71,195,->,71,196,->,71,197,->,71,198,->,71,199,->,71,200,->,71,201,->,71,202,->,71,203,->,71,204,->,71,205,->,71,206,->,71,207,->,71,208,->,71,209,->,71,210,->,71,211,->,71,212,->,71,213,->,71,214,->,71,215,->,71,216,->,71,217,->,71,218,->,71,219,->,71,220,->,71,221,->,71,222,->,71,223,->,71,224,->,71,225,->,71,226,->,71,227,->,71,228,->,71,229,->,71,230,->,71,231,->,71,232,->,71,233,->,71,234,->,71,235,->,71,236,->,71,237,->,71,238,->,71,239,->,71,240,->,71,241,->,71,242,->,71,243,->,71,244,->,71,245,->,71,246,->,71,247,->,71,248,->,71,249,->,71,250,->,71,251,->,71,252,->,71,253,->,71,254,->,71,255,->,71,256,->,71,257,->,71,258,->,71,259,->,71,260,->,71,261,->,71,262,->,71,263,->,71,264,->,71,265,->,71,266,->,71,267,->,71,268,->,71,269,->,71,270,->,71,271,->,71,272,->,71,273,->,71,274,->,71,275,->,71,276,->,71,277,->,71,278,->,71,279,->,71,280,->,71,281,->,71,282,->,71,283,->,71,284,->,71,285,->,71,286,->,71,287,->,71,288,->,71,289,->,71,290,->,71,291,->,71,292,->,71,293,->,71,294,->,71,295,->,71,296,->,71,297,->,71,298,->,71,299,->,71,300,->,71,301,->,71,302,->,71,303,->,72,0,->,72,1,->,72,2,->,72,3,->,72,4,->,72,5,->,72,6,->,72,7,->,72,8,->,72,9,->,72,10,->,72,11,->,72,12,->,72,13,->,72,14,->,72,15,->,72,16,->,72,17,->,72,18,->,72,19,->,72,20,->,72,21,->,72,22,->,72,25,->,72,26,->,72,27,->,72,29,->,72,30,->,72,32,->,72,33,->,72,34,->,72,35,->,72,36,->,72,40,->,72,41,->,72,43,->,72,44,->,72,46,->,72,47,->,72,48,->,72,49,->,72,50,->,72,51,->,72,52,->,72,53,->,72,54,->,72,57,->,72,58,->,72,59,->,72,60,->,72,61,->,72,62,->,72,64,->,72,66,->,72,67,->,72,68,->,72,69,->,72,70,->,72,72,->,72,73,->,72,75,->,72,76,->,72,77,->,72,79,->,72,81,->,72,82,->,72,84,->,72,85,->,72,86,->,72,87,->,72,88,->,72,89,->,72,90,->,72,91,->,72,92,->,72,93,->,72,94,->,72,128,->,72,129,->,72,130,->,72,131,->,72,132,->,72,133,->,72,134,->,72,135,->,72,136,->,72,137,->,72,138,->,72,139,->,72,140,->,72,141,->,72,142,->,72,143,->,72,144,->,72,145,->,72,146,->,72,147,->,72,148,->,72,149,->,72,150,->,72,151,->,72,152,->,72,153,->,72,154,->,72,155,->,72,156,->,72,157,->,72,158,->,72,159,->,72,160,->,72,161,->,72,162,->,72,163,->,72,164,->,72,165,->,72,166,->,72,167,->,72,168,->,72,169,->,72,170,->,72,171,->,72,172,->,72,173,->,72,174,->,72,175,->,72,176,->,72,177,->,72,178,->,72,179,->,72,180,->,72,181,->,72,182,->,72,183,->,72,184,->,72,185,->,72,186,->,72,187,->,72,188,->,72,189,->,72,190,->,72,191,->,72,192,->,72,193,->,72,194,->,72,195,->,72,196,->,72,197,->,72,198,->,72,199,->,72,200,->,72,201,->,72,202,->,72,203,->,72,204,->,72,205,->,72,206,->,72,207,->,72,208,->,72,209,->,72,210,->,72,211,->,72,212,->,72,213,->,72,214,->,72,215,->,72,216,->,72,217,->,72,218,->,72,219,->,72,220,->,72,221,->,72,222,->,72,223,->,72,224,->,72,225,->,72,226,->,72,227,->,72,228,->,72,229,->,72,230,->,72,231,->,72,232,->,72,233,->,72,234,->,72,235,->,72,236,->,72,237,->,72,238,->,72,239,->,72,240,->,72,241,->,72,242,->,72,243,->,72,244,->,72,245,->,72,246,->,72,247,->,72,248,->,72,249,->,72,250,->,72,251,->,72,252,->,72,253,->,72,254,->,72,255,->,72,256,->,72,257,->,72,258,->,72,259,->,72,260,->,72,261,->,72,262,->,72,263,->,72,264,->,72,265,->,72,266,->,72,267,->,72,268,->,72,269,->,72,270,->,72,271,->,72,272,->,72,273,->,72,274,->,72,275,->,72,276,->,72,277,->,72,278,->,72,279,->,72,280,->,72,281,->,72,282,->,72,283,->,72,284,->,72,285,->,72,286,->,72,287,->,72,288,->,72,289,->,72,290,->,72,291,->,72,292,->,72,293,->,72,294,->,72,295,->,72,296,->,72,297,->,72,298,->,72,299,->,72,300,->,72,301,->,72,302,->,72,303,->,73,0,->,73,1,->,73,2,->,73,3,->,73,4,->,73,5,->,73,6,->,73,7,->,73,8,->,73,9,->,73,10,->,73,11,->,73,12,->,73,13,->,73,14,->,73,15,->,73,16,->,73,17,->,73,18,->,73,19,->,73,20,->,73,21,->,73,23,->,73,24,->,73,25,->,73,26,->,73,30,->,73,32,->,73,37,->,73,39,->,73,40,->,73,42,->,73,44,->,73,47,->,73,51,->,73,52,->,73,53,->,73,59,->,73,62,->,73,64,->,73,67,->,73,68,->,73,70,->,73,71,->,73,72,->,73,73,->,73,74,->,73,75,->,73,77,->,73,78,->,73,79,->,73,80,->,73,82,->,73,83,->,73,84,->,73,85,->,73,86,->,73,87,->,73,88,->,73,89,->,73,90,->,73,91,->,73,92,->,73,93,->,73,94,->,73,128,->,73,129,->,73,130,->,73,131,->,73,132,->,73,133,->,73,134,->,73,135,->,73,136,->,73,137,->,73,138,->,73,139,->,73,140,->,73,141,->,73,142,->,73,143,->,73,144,->,73,145,->,73,146,->,73,147,->,73,148,->,73,149,->,73,150,->,73,151,->,73,152,->,73,153,->,73,154,->,73,155,->,73,156,->,73,157,->,73,158,->,73,159,->,73,160,->,73,161,->,73,162,->,73,163,->,73,164,->,73,165,->,73,166,->,73,167,->,73,168,->,73,169,->,73,170,->,73,171,->,73,172,->,73,173,->,73,174,->,73,175,->,73,176,->,73,177,->,73,178,->,73,179,->,73,180,->,73,181,->,73,182,->,73,183,->,73,184,->,73,185,->,73,186,->,73,187,->,73,188,->,73,189,->,73,190,->,73,191,->,73,192,->,73,193,->,73,194,->,73,195,->,73,196,->,73,197,->,73,198,->,73,199,->,73,200,->,73,201,->,73,202,->,73,203,->,73,204,->,73,205,->,73,206,->,73,207,->,73,208,->,73,209,->,73,210,->,73,211,->,73,212,->,73,213,->,73,214,->,73,215,->,73,216,->,73,217,->,73,218,->,73,219,->,73,220,->,73,221,->,73,222,->,73,223,->,73,224,->,73,225,->,73,226,->,73,227,->,73,228,->,73,229,->,73,230,->,73,231,->,73,232,->,73,233,->,73,234,->,73,235,->,73,236,->,73,237,->,73,238,->,73,239,->,73,240,->,73,241,->,73,242,->,73,243,->,73,244,->,73,245,->,73,246,->,73,247,->,73,248,->,73,249,->,73,250,->,73,251,->,73,252,->,73,253,->,73,254,->,73,255,->,73,256,->,73,257,->,73,258,->,73,259,->,73,260,->,73,261,->,73,262,->,73,263,->,73,264,->,73,265,->,73,266,->,73,267,->,73,268,->,73,269,->,73,270,->,73,271,->,73,272,->,73,273,->,73,274,->,73,275,->,73,276,->,73,277,->,73,278,->,73,279,->,73,280,->,73,281,->,73,282,->,73,283,->,73,284,->,73,285,->,73,286,->,73,287,->,73,288,->,73,289,->,73,290,->,73,291,->,73,292,->,73,293,->,73,294,->,73,295,->,73,296,->,73,297,->,73,298,->,73,299,->,73,300,->,73,301,->,73,302,->,73,303,->,74,0,->,74,1,->,74,2,->,74,3,->,74,4,->,74,5,->,74,6,->,74,7,->,74,8,->,74,9,->,74,10,->,74,11,->,74,12,->,74,13,->,74,14,->,74,15,->,74,16,->,74,17,->,74,21,->,74,24,->,74,25,->,74,27,->,74,29,->,74,30,->,74,34,->,74,36,->,74,37,->,74,38,->,74,39,->,74,40,->,74,41,->,74,44,->,74,45,->,74,47,->,74,50,->,74,56,->,74,58,->,74,61,->,74,62,->,74,63,->,74,65,->,74,68,->,74,71,->,74,72,->,74,73,->,74,74,->,74,75,->,74,76,->,74,77,->,74,80,->,74,81,->,74,82,->,74,83,->,74,84,->,74,85,->,74,86,->,74,87,->,74,88,->,74,89,->,74,90,->,74,91,->,74,92,->,74,93,->,74,94,->,74,95,->,74,128,->,74,129,->,74,130,->,74,131,->,74,132,->,74,133,->,74,134,->,74,135,->,74,136,->,74,137,->,74,138,->,74,139,->,74,140,->,74,141,->,74,142,->,74,143,->,74,144,->,74,145,->,74,146,->,74,147,->,74,148,->,74,149,->,74,150,->,74,151,->,74,152,->,74,153,->,74,154,->,74,155,->,74,156,->,74,157,->,74,158,->,74,159,->,74,160,->,74,161,->,74,162,->,74,163,->,74,164,->,74,165,->,74,166,->,74,167,->,74,168,->,74,169,->,74,170,->,74,171,->,74,172,->,74,173,->,74,174,->,74,175,->,74,176,->,74,177,->,74,178,->,74,179,->,74,180,->,74,181,->,74,182,->,74,183,->,74,184,->,74,185,->,74,186,->,74,187,->,74,188,->,74,189,->,74,190,->,74,191,->,74,192,->,74,193,->,74,194,->,74,195,->,74,196,->,74,197,->,74,198,->,74,199,->,74,200,->,74,201,->,74,202,->,74,203,->,74,204,->,74,205,->,74,206,->,74,207,->,74,208,->,74,209,->,74,210,->,74,211,->,74,212,->,74,213,->,74,214,->,74,215,->,74,216,->,74,217,->,74,218,->,74,219,->,74,220,->,74,221,->,74,222,->,74,223,->,74,224,->,74,225,->,74,226,->,74,227,->,74,228,->,74,229,->,74,230,->,74,231,->,74,232,->,74,233,->,74,234,->,74,235,->,74,236,->,74,237,->,74,238,->,74,239,->,74,240,->,74,241,->,74,242,->,74,243,->,74,244,->,74,245,->,74,246,->,74,247,->,74,248,->,74,249,->,74,250,->,74,251,->,74,252,->,74,253,->,74,254,->,74,255,->,74,256,->,74,257,->,74,258,->,74,259,->,74,260,->,74,261,->,74,262,->,74,263,->,74,264,->,74,265,->,74,266,->,74,267,->,74,268,->,74,269,->,74,270,->,74,271,->,74,272,->,74,273,->,74,274,->,74,275,->,74,276,->,74,277,->,74,278,->,74,279,->,74,280,->,74,281,->,74,282,->,74,283,->,74,284,->,74,285,->,74,286,->,74,287,->,74,288,->,74,289,->,74,290,->,74,291,->,74,292,->,74,293,->,74,294,->,74,295,->,74,296,->,74,297,->,74,298,->,74,299,->,74,300,->,74,301,->,74,302,->,74,303,->,75,0,->,75,1,->,75,2,->,75,3,->,75,4,->,75,5,->,75,6,->,75,7,->,75,8,->,75,9,->,75,10,->,75,11,->,75,12,->,75,13,->,75,14,->,75,15,->,75,19,->,75,21,->,75,27,->,75,30,->,75,31,->,75,33,->,75,35,->,75,36,->,75,39,->,75,40,->,75,43,->,75,45,->,75,47,->,75,49,->,75,50,->,75,56,->,75,58,->,75,60,->,75,62,->,75,66,->,75,69,->,75,71,->,75,72,->,75,74,->,75,77,->,75,80,->,75,81,->,75,83,->,75,84,->,75,85,->,75,86,->,75,87,->,75,88,->,75,89,->,75,90,->,75,91,->,75,92,->,75,93,->,75,94,->,75,95,->,75,129,->,75,130,->,75,131,->,75,132,->,75,133,->,75,134,->,75,135,->,75,136,->,75,137,->,75,138,->,75,139,->,75,140,->,75,141,->,75,142,->,75,143,->,75,144,->,75,145,->,75,146,->,75,147,->,75,148,->,75,149,->,75,150,->,75,151,->,75,152,->,75,153,->,75,154,->,75,155,->,75,156,->,75,157,->,75,158,->,75,159,->,75,160,->,75,161,->,75,162,->,75,163,->,75,164,->,75,165,->,75,166,->,75,167,->,75,168,->,75,169,->,75,170,->,75,171,->,75,172,->,75,173,->,75,174,->,75,175,->,75,176,->,75,177,->,75,178,->,75,179,->,75,180,->,75,181,->,75,182,->,75,183,->,75,184,->,75,185,->,75,186,->,75,187,->,75,188,->,75,189,->,75,190,->,75,191,->,75,192,->,75,193,->,75,194,->,75,195,->,75,196,->,75,197,->,75,198,->,75,199,->,75,200,->,75,201,->,75,202,->,75,203,->,75,204,->,75,205,->,75,206,->,75,207,->,75,208,->,75,209,->,75,210,->,75,211,->,75,212,->,75,213,->,75,214,->,75,215,->,75,216,->,75,217,->,75,218,->,75,219,->,75,220,->,75,221,->,75,222,->,75,223,->,75,224,->,75,225,->,75,226,->,75,227,->,75,228,->,75,229,->,75,230,->,75,231,->,75,232,->,75,233,->,75,234,->,75,235,->,75,236,->,75,237,->,75,238,->,75,239,->,75,240,->,75,241,->,75,242,->,75,243,->,75,244,->,75,245,->,75,246,->,75,247,->,75,248,->,75,249,->,75,250,->,75,251,->,75,252,->,75,253,->,75,254,->,75,255,->,75,256,->,75,257,->,75,258,->,75,259,->,75,260,->,75,261,->,75,262,->,75,263,->,75,264,->,75,265,->,75,266,->,75,267,->,75,268,->,75,269,->,75,270,->,75,271,->,75,272,->,75,273,->,75,274,->,75,275,->,75,276,->,75,277,->,75,278,->,75,279,->,75,280,->,75,281,->,75,282,->,75,283,->,75,284,->,75,285,->,75,286,->,75,287,->,75,288,->,75,289,->,75,290,->,75,291,->,75,292,->,75,293,->,75,294,->,75,295,->,75,296,->,75,297,->,75,298,->,75,299,->,75,300,->,75,301,->,75,302,->,75,303,->,76,0,->,76,1,->,76,2,->,76,3,->,76,4,->,76,5,->,76,6,->,76,7,->,76,8,->,76,9,->,76,10,->,76,11,->,76,12,->,76,13,->,76,14,->,76,16,->,76,17,->,76,18,->,76,19,->,76,21,->,76,23,->,76,24,->,76,27,->,76,28,->,76,29,->,76,30,->,76,31,->,76,32,->,76,35,->,76,37,->,76,38,->,76,39,->,76,40,->,76,41,->,76,44,->,76,46,->,76,47,->,76,51,->,76,55,->,76,56,->,76,58,->,76,60,->,76,61,->,76,63,->,76,64,->,76,66,->,76,67,->,76,69,->,76,70,->,76,71,->,76,72,->,76,73,->,76,74,->,76,75,->,76,76,->,76,77,->,76,79,->,76,83,->,76,84,->,76,85,->,76,86,->,76,87,->,76,88,->,76,89,->,76,90,->,76,91,->,76,92,->,76,93,->,76,94,->,76,95,->,76,96,->,76,129,->,76,130,->,76,131,->,76,132,->,76,133,->,76,134,->,76,135,->,76,136,->,76,137,->,76,138,->,76,141,->,76,142,->,76,143,->,76,144,->,76,145,->,76,146,->,76,147,->,76,148,->,76,149,->,76,150,->,76,151,->,76,152,->,76,153,->,76,154,->,76,155,->,76,156,->,76,157,->,76,158,->,76,159,->,76,160,->,76,161,->,76,162,->,76,163,->,76,164,->,76,165,->,76,166,->,76,167,->,76,168,->,76,169,->,76,170,->,76,171,->,76,172,->,76,173,->,76,174,->,76,175,->,76,176,->,76,177,->,76,178,->,76,179,->,76,180,->,76,181,->,76,182,->,76,183,->,76,184,->,76,185,->,76,186,->,76,187,->,76,188,->,76,189,->,76,190,->,76,191,->,76,192,->,76,193,->,76,194,->,76,195,->,76,196,->,76,197,->,76,198,->,76,199,->,76,200,->,76,201,->,76,202,->,76,203,->,76,204,->,76,205,->,76,206,->,76,207,->,76,208,->,76,209,->,76,210,->,76,211,->,76,212,->,76,213,->,76,214,->,76,215,->,76,216,->,76,217,->,76,218,->,76,219,->,76,220,->,76,221,->,76,222,->,76,223,->,76,224,->,76,225,->,76,226,->,76,227,->,76,228,->,76,229,->,76,230,->,76,231,->,76,232,->,76,233,->,76,234,->,76,235,->,76,236,->,76,237,->,76,238,->,76,239,->,76,240,->,76,241,->,76,242,->,76,243,->,76,244,->,76,245,->,76,246,->,76,247,->,76,248,->,76,249,->,76,250,->,76,251,->,76,252,->,76,253,->,76,254,->,76,255,->,76,256,->,76,257,->,76,258,->,76,259,->,76,260,->,76,261,->,76,262,->,76,263,->,76,264,->,76,265,->,76,266,->,76,267,->,76,268,->,76,269,->,76,270,->,76,271,->,76,272,->,76,273,->,76,274,->,76,275,->,76,276,->,76,277,->,76,278,->,76,279,->,76,280,->,76,281,->,76,282,->,76,283,->,76,284,->,76,285,->,76,286,->,76,287,->,76,288,->,76,289,->,76,290,->,76,291,->,76,292,->,76,293,->,76,294,->,76,295,->,76,296,->,76,297,->,76,298,->,76,299,->,76,300,->,76,301,->,76,302,->,76,303,->,77,0,->,77,1,->,77,2,->,77,3,->,77,4,->,77,5,->,77,6,->,77,7,->,77,8,->,77,9,->,77,10,->,77,11,->,77,12,->,77,13,->,77,17,->,77,18,->,77,20,->,77,21,->,77,24,->,77,26,->,77,29,->,77,30,->,77,31,->,77,32,->,77,33,->,77,34,->,77,35,->,77,36,->,77,37,->,77,38,->,77,39,->,77,40,->,77,41,->,77,42,->,77,47,->,77,48,->,77,49,->,77,50,->,77,55,->,77,56,->,77,57,->,77,58,->,77,59,->,77,60,->,77,61,->,77,62,->,77,64,->,77,66,->,77,67,->,77,69,->,77,71,->,77,72,->,77,73,->,77,74,->,77,75,->,77,77,->,77,78,->,77,79,->,77,80,->,77,81,->,77,82,->,77,83,->,77,84,->,77,85,->,77,86,->,77,87,->,77,88,->,77,89,->,77,90,->,77,91,->,77,92,->,77,93,->,77,94,->,77,95,->,77,96,->,77,98,->,77,130,->,77,131,->,77,132,->,77,133,->,77,134,->,77,135,->,77,138,->,77,144,->,77,145,->,77,146,->,77,147,->,77,148,->,77,149,->,77,150,->,77,151,->,77,152,->,77,153,->,77,154,->,77,155,->,77,156,->,77,157,->,77,158,->,77,159,->,77,160,->,77,161,->,77,162,->,77,163,->,77,164,->,77,165,->,77,166,->,77,167,->,77,168,->,77,169,->,77,170,->,77,171,->,77,172,->,77,173,->,77,174,->,77,175,->,77,176,->,77,177,->,77,178,->,77,179,->,77,180,->,77,181,->,77,182,->,77,183,->,77,184,->,77,185,->,77,186,->,77,187,->,77,188,->,77,189,->,77,190,->,77,191,->,77,192,->,77,193,->,77,194,->,77,195,->,77,196,->,77,197,->,77,198,->,77,199,->,77,200,->,77,201,->,77,202,->,77,203,->,77,204,->,77,205,->,77,206,->,77,207,->,77,208,->,77,209,->,77,210,->,77,211,->,77,212,->,77,213,->,77,214,->,77,215,->,77,216,->,77,217,->,77,218,->,77,219,->,77,220,->,77,221,->,77,222,->,77,223,->,77,224,->,77,225,->,77,226,->,77,227,->,77,228,->,77,229,->,77,230,->,77,231,->,77,232,->,77,233,->,77,234,->,77,235,->,77,236,->,77,237,->,77,238,->,77,239,->,77,240,->,77,241,->,77,242,->,77,243,->,77,244,->,77,245,->,77,246,->,77,247,->,77,248,->,77,249,->,77,250,->,77,251,->,77,252,->,77,253,->,77,254,->,77,255,->,77,256,->,77,257,->,77,258,->,77,259,->,77,260,->,77,261,->,77,262,->,77,263,->,77,264,->,77,265,->,77,266,->,77,267,->,77,268,->,77,269,->,77,270,->,77,271,->,77,272,->,77,273,->,77,274,->,77,275,->,77,276,->,77,277,->,77,278,->,77,279,->,77,280,->,77,281,->,77,282,->,77,283,->,77,284,->,77,285,->,77,286,->,77,287,->,77,288,->,77,289,->,77,290,->,77,291,->,77,292,->,77,293,->,77,294,->,77,295,->,77,296,->,77,297,->,77,298,->,77,299,->,77,300,->,77,301,->,77,302,->,77,303,->,78,0,->,78,1,->,78,2,->,78,3,->,78,4,->,78,5,->,78,6,->,78,7,->,78,8,->,78,9,->,78,10,->,78,11,->,78,12,->,78,16,->,78,18,->,78,19,->,78,20,->,78,23,->,78,27,->,78,31,->,78,33,->,78,34,->,78,35,->,78,37,->,78,38,->,78,40,->,78,41,->,78,42,->,78,43,->,78,44,->,78,47,->,78,49,->,78,50,->,78,51,->,78,56,->,78,57,->,78,58,->,78,59,->,78,60,->,78,61,->,78,62,->,78,63,->,78,64,->,78,68,->,78,69,->,78,72,->,78,74,->,78,75,->,78,76,->,78,79,->,78,80,->,78,81,->,78,82,->,78,83,->,78,84,->,78,85,->,78,86,->,78,87,->,78,88,->,78,89,->,78,90,->,78,91,->,78,92,->,78,93,->,78,94,->,78,95,->,78,96,->,78,130,->,78,131,->,78,132,->,78,133,->,78,134,->,78,135,->,78,136,->,78,144,->,78,145,->,78,146,->,78,147,->,78,148,->,78,149,->,78,150,->,78,151,->,78,152,->,78,153,->,78,154,->,78,155,->,78,156,->,78,157,->,78,158,->,78,159,->,78,160,->,78,161,->,78,162,->,78,163,->,78,164,->,78,165,->,78,166,->,78,167,->,78,168,->,78,169,->,78,170,->,78,171,->,78,172,->,78,173,->,78,174,->,78,175,->,78,176,->,78,177,->,78,178,->,78,179,->,78,180,->,78,181,->,78,182,->,78,183,->,78,184,->,78,185,->,78,186,->,78,187,->,78,188,->,78,189,->,78,190,->,78,191,->,78,192,->,78,193,->,78,194,->,78,195,->,78,196,->,78,197,->,78,198,->,78,199,->,78,200,->,78,201,->,78,202,->,78,203,->,78,204,->,78,205,->,78,206,->,78,207,->,78,208,->,78,209,->,78,210,->,78,211,->,78,212,->,78,213,->,78,214,->,78,215,->,78,216,->,78,217,->,78,218,->,78,219,->,78,220,->,78,221,->,78,222,->,78,223,->,78,224,->,78,225,->,78,226,->,78,227,->,78,228,->,78,229,->,78,230,->,78,231,->,78,232,->,78,233,->,78,234,->,78,235,->,78,236,->,78,237,->,78,238,->,78,239,->,78,240,->,78,241,->,78,242,->,78,243,->,78,244,->,78,245,->,78,246,->,78,247,->,78,248,->,78,249,->,78,250,->,78,251,->,78,252,->,78,253,->,78,254,->,78,255,->,78,256,->,78,257,->,78,258,->,78,259,->,78,260,->,78,261,->,78,262,->,78,263,->,78,264,->,78,265,->,78,266,->,78,267,->,78,268,->,78,269,->,78,270,->,78,271,->,78,272,->,78,273,->,78,274,->,78,275,->,78,276,->,78,277,->,78,278,->,78,279,->,78,280,->,78,281,->,78,282,->,78,283,->,78,284,->,78,285,->,78,286,->,78,287,->,78,288,->,78,289,->,78,290,->,78,291,->,78,292,->,78,293,->,78,294,->,78,295,->,78,296,->,78,297,->,78,298,->,78,299,->,78,300,->,78,301,->,78,302,->,78,303,->,79,0,->,79,1,->,79,2,->,79,3,->,79,4,->,79,5,->,79,6,->,79,7,->,79,8,->,79,9,->,79,10,->,79,11,->,79,12,->,79,17,->,79,18,->,79,20,->,79,22,->,79,24,->,79,25,->,79,27,->,79,31,->,79,32,->,79,33,->,79,34,->,79,37,->,79,39,->,79,40,->,79,41,->,79,42,->,79,43,->,79,44,->,79,45,->,79,50,->,79,52,->,79,53,->,79,57,->,79,59,->,79,61,->,79,62,->,79,63,->,79,64,->,79,68,->,79,70,->,79,75,->,79,76,->,79,78,->,79,79,->,79,80,->,79,81,->,79,83,->,79,84,->,79,85,->,79,86,->,79,87,->,79,88,->,79,89,->,79,90,->,79,91,->,79,92,->,79,93,->,79,94,->,79,95,->,79,96,->,79,97,->,79,131,->,79,132,->,79,133,->,79,134,->,79,135,->,79,136,->,79,150,->,79,151,->,79,152,->,79,153,->,79,154,->,79,155,->,79,156,->,79,157,->,79,158,->,79,159,->,79,160,->,79,161,->,79,162,->,79,163,->,79,164,->,79,165,->,79,166,->,79,167,->,79,168,->,79,169,->,79,170,->,79,171,->,79,172,->,79,173,->,79,174,->,79,175,->,79,176,->,79,177,->,79,178,->,79,179,->,79,180,->,79,181,->,79,182,->,79,183,->,79,184,->,79,185,->,79,186,->,79,187,->,79,188,->,79,189,->,79,190,->,79,191,->,79,192,->,79,193,->,79,194,->,79,195,->,79,196,->,79,197,->,79,198,->,79,199,->,79,200,->,79,201,->,79,202,->,79,203,->,79,204,->,79,205,->,79,206,->,79,207,->,79,208,->,79,209,->,79,210,->,79,211,->,79,212,->,79,213,->,79,214,->,79,215,->,79,216,->,79,217,->,79,218,->,79,219,->,79,220,->,79,221,->,79,222,->,79,223,->,79,224,->,79,225,->,79,226,->,79,227,->,79,228,->,79,229,->,79,230,->,79,231,->,79,232,->,79,233,->,79,234,->,79,235,->,79,236,->,79,237,->,79,238,->,79,239,->,79,240,->,79,241,->,79,242,->,79,243,->,79,244,->,79,245,->,79,246,->,79,247,->,79,248,->,79,249,->,79,250,->,79,251,->,79,252,->,79,253,->,79,254,->,79,255,->,79,256,->,79,257,->,79,258,->,79,259,->,79,260,->,79,261,->,79,262,->,79,263,->,79,264,->,79,265,->,79,266,->,79,267,->,79,268,->,79,269,->,79,270,->,79,271,->,79,272,->,79,273,->,79,274,->,79,275,->,79,276,->,79,277,->,79,278,->,79,279,->,79,280,->,79,281,->,79,282,->,79,283,->,79,284,->,79,285,->,79,286,->,79,287,->,79,288,->,79,289,->,79,290,->,79,291,->,79,292,->,79,293,->,79,294,->,79,295,->,79,296,->,79,297,->,79,298,->,79,299,->,79,300,->,79,301,->,79,302,->,79,303,->,80,0,->,80,1,->,80,2,->,80,3,->,80,4,->,80,5,->,80,6,->,80,7,->,80,8,->,80,9,->,80,10,->,80,11,->,80,17,->,80,19,->,80,20,->,80,21,->,80,22,->,80,23,->,80,25,->,80,28,->,80,31,->,80,32,->,80,40,->,80,41,->,80,42,->,80,43,->,80,44,->,80,45,->,80,47,->,80,48,->,80,49,->,80,50,->,80,51,->,80,52,->,80,53,->,80,56,->,80,57,->,80,59,->,80,61,->,80,63,->,80,64,->,80,68,->,80,70,->,80,71,->,80,72,->,80,73,->,80,76,->,80,77,->,80,78,->,80,79,->,80,81,->,80,82,->,80,83,->,80,84,->,80,85,->,80,86,->,80,87,->,80,88,->,80,89,->,80,90,->,80,91,->,80,92,->,80,93,->,80,94,->,80,95,->,80,96,->,80,97,->,80,131,->,80,132,->,80,133,->,80,134,->,80,135,->,80,149,->,80,150,->,80,151,->,80,152,->,80,153,->,80,154,->,80,155,->,80,156,->,80,157,->,80,158,->,80,159,->,80,160,->,80,161,->,80,162,->,80,163,->,80,164,->,80,165,->,80,166,->,80,167,->,80,168,->,80,169,->,80,170,->,80,171,->,80,172,->,80,173,->,80,174,->,80,175,->,80,176,->,80,177,->,80,178,->,80,179,->,80,180,->,80,181,->,80,182,->,80,183,->,80,184,->,80,185,->,80,186,->,80,187,->,80,188,->,80,189,->,80,190,->,80,191,->,80,192,->,80,193,->,80,194,->,80,195,->,80,196,->,80,197,->,80,198,->,80,199,->,80,200,->,80,201,->,80,202,->,80,203,->,80,204,->,80,205,->,80,206,->,80,207,->,80,208,->,80,209,->,80,210,->,80,211,->,80,212,->,80,213,->,80,214,->,80,215,->,80,216,->,80,217,->,80,218,->,80,219,->,80,220,->,80,221,->,80,222,->,80,223,->,80,224,->,80,225,->,80,226,->,80,227,->,80,228,->,80,229,->,80,230,->,80,231,->,80,232,->,80,233,->,80,234,->,80,235,->,80,236,->,80,237,->,80,238,->,80,239,->,80,240,->,80,241,->,80,242,->,80,243,->,80,244,->,80,245,->,80,246,->,80,247,->,80,248,->,80,249,->,80,250,->,80,251,->,80,252,->,80,253,->,80,254,->,80,255,->,80,256,->,80,257,->,80,258,->,80,259,->,80,260,->,80,261,->,80,262,->,80,263,->,80,264,->,80,265,->,80,266,->,80,267,->,80,268,->,80,269,->,80,270,->,80,271,->,80,272,->,80,273,->,80,274,->,80,275,->,80,276,->,80,277,->,80,278,->,80,279,->,80,280,->,80,281,->,80,282,->,80,283,->,80,284,->,80,285,->,80,286,->,80,287,->,80,288,->,80,289,->,80,290,->,80,291,->,80,292,->,80,293,->,80,294,->,80,295,->,80,296,->,80,297,->,80,298,->,80,299,->,80,300,->,80,301,->,80,302,->,80,303,->,81,0,->,81,1,->,81,2,->,81,3,->,81,4,->,81,5,->,81,6,->,81,7,->,81,8,->,81,9,->,81,10,->,81,12,->,81,13,->,81,14,->,81,15,->,81,17,->,81,22,->,81,23,->,81,24,->,81,29,->,81,31,->,81,32,->,81,33,->,81,35,->,81,38,->,81,39,->,81,41,->,81,43,->,81,44,->,81,45,->,81,47,->,81,48,->,81,49,->,81,51,->,81,52,->,81,56,->,81,59,->,81,63,->,81,65,->,81,67,->,81,68,->,81,69,->,81,70,->,81,73,->,81,74,->,81,75,->,81,76,->,81,77,->,81,78,->,81,79,->,81,80,->,81,81,->,81,83,->,81,84,->,81,85,->,81,86,->,81,87,->,81,88,->,81,89,->,81,90,->,81,91,->,81,92,->,81,93,->,81,94,->,81,95,->,81,96,->,81,97,->,81,133,->,81,134,->,81,135,->,81,147,->,81,148,->,81,149,->,81,150,->,81,151,->,81,152,->,81,153,->,81,154,->,81,155,->,81,156,->,81,157,->,81,158,->,81,159,->,81,160,->,81,161,->,81,162,->,81,163,->,81,164,->,81,165,->,81,166,->,81,167,->,81,168,->,81,169,->,81,170,->,81,171,->,81,172,->,81,173,->,81,174,->,81,175,->,81,176,->,81,177,->,81,178,->,81,179,->,81,180,->,81,181,->,81,182,->,81,183,->,81,184,->,81,185,->,81,186,->,81,187,->,81,188,->,81,189,->,81,190,->,81,191,->,81,192,->,81,193,->,81,194,->,81,195,->,81,196,->,81,197,->,81,198,->,81,199,->,81,200,->,81,201,->,81,202,->,81,203,->,81,204,->,81,205,->,81,206,->,81,207,->,81,208,->,81,209,->,81,210,->,81,211,->,81,212,->,81,213,->,81,214,->,81,215,->,81,216,->,81,217,->,81,218,->,81,219,->,81,220,->,81,221,->,81,222,->,81,223,->,81,224,->,81,225,->,81,226,->,81,227,->,81,228,->,81,229,->,81,230,->,81,231,->,81,232,->,81,233,->,81,234,->,81,235,->,81,236,->,81,237,->,81,238,->,81,239,->,81,240,->,81,241,->,81,242,->,81,243,->,81,244,->,81,245,->,81,246,->,81,247,->,81,248,->,81,249,->,81,250,->,81,251,->,81,252,->,81,253,->,81,254,->,81,255,->,81,256,->,81,257,->,81,258,->,81,259,->,81,260,->,81,261,->,81,262,->,81,263,->,81,264,->,81,265,->,81,266,->,81,267,->,81,268,->,81,269,->,81,270,->,81,271,->,81,272,->,81,273,->,81,274,->,81,275,->,81,276,->,81,277,->,81,278,->,81,279,->,81,280,->,81,281,->,81,282,->,81,283,->,81,284,->,81,285,->,81,286,->,81,287,->,81,288,->,81,289,->,81,290,->,81,291,->,81,292,->,81,293,->,81,294,->,81,295,->,81,296,->,81,297,->,81,298,->,81,299,->,81,300,->,81,301,->,81,302,->,81,303,->,82,0,->,82,1,->,82,2,->,82,3,->,82,4,->,82,5,->,82,6,->,82,7,->,82,8,->,82,9,->,82,10,->,82,12,->,82,16,->,82,18,->,82,19,->,82,22,->,82,24,->,82,26,->,82,27,->,82,28,->,82,29,->,82,30,->,82,33,->,82,34,->,82,35,->,82,36,->,82,39,->,82,40,->,82,41,->,82,43,->,82,44,->,82,46,->,82,48,->,82,49,->,82,50,->,82,54,->,82,55,->,82,57,->,82,58,->,82,59,->,82,60,->,82,61,->,82,62,->,82,67,->,82,68,->,82,73,->,82,74,->,82,76,->,82,77,->,82,78,->,82,79,->,82,81,->,82,82,->,82,83,->,82,84,->,82,85,->,82,86,->,82,87,->,82,88,->,82,89,->,82,90,->,82,91,->,82,92,->,82,93,->,82,94,->,82,95,->,82,96,->,82,97,->,82,98,->,82,134,->,82,135,->,82,136,->,82,137,->,82,147,->,82,148,->,82,149,->,82,150,->,82,151,->,82,152,->,82,153,->,82,154,->,82,155,->,82,156,->,82,157,->,82,158,->,82,159,->,82,160,->,82,161,->,82,162,->,82,163,->,82,164,->,82,165,->,82,166,->,82,167,->,82,168,->,82,169,->,82,170,->,82,171,->,82,172,->,82,173,->,82,174,->,82,175,->,82,176,->,82,177,->,82,178,->,82,179,->,82,180,->,82,181,->,82,182,->,82,183,->,82,184,->,82,185,->,82,186,->,82,187,->,82,188,->,82,189,->,82,190,->,82,191,->,82,192,->,82,193,->,82,194,->,82,195,->,82,196,->,82,197,->,82,198,->,82,199,->,82,200,->,82,201,->,82,202,->,82,203,->,82,204,->,82,205,->,82,206,->,82,207,->,82,208,->,82,209,->,82,210,->,82,211,->,82,212,->,82,213,->,82,214,->,82,215,->,82,216,->,82,217,->,82,218,->,82,219,->,82,220,->,82,221,->,82,222,->,82,223,->,82,224,->,82,225,->,82,226,->,82,227,->,82,228,->,82,229,->,82,230,->,82,231,->,82,232,->,82,233,->,82,234,->,82,235,->,82,236,->,82,237,->,82,238,->,82,239,->,82,240,->,82,241,->,82,242,->,82,243,->,82,244,->,82,245,->,82,246,->,82,247,->,82,248,->,82,249,->,82,250,->,82,251,->,82,252,->,82,253,->,82,254,->,82,255,->,82,256,->,82,257,->,82,258,->,82,259,->,82,260,->,82,261,->,82,262,->,82,263,->,82,264,->,82,265,->,82,266,->,82,267,->,82,268,->,82,269,->,82,270,->,82,271,->,82,272,->,82,273,->,82,274,->,82,275,->,82,276,->,82,277,->,82,278,->,82,279,->,82,280,->,82,281,->,82,282,->,82,283,->,82,284,->,82,285,->,82,286,->,82,287,->,82,288,->,82,289,->,82,290,->,82,291,->,82,292,->,82,293,->,82,294,->,82,295,->,82,296,->,82,297,->,82,298,->,82,299,->,82,300,->,82,301,->,82,302,->,82,303,->,83,0,->,83,1,->,83,2,->,83,3,->,83,4,->,83,5,->,83,6,->,83,7,->,83,8,->,83,9,->,83,10,->,83,15,->,83,16,->,83,20,->,83,21,->,83,25,->,83,26,->,83,28,->,83,30,->,83,33,->,83,34,->,83,36,->,83,38,->,83,39,->,83,40,->,83,41,->,83,43,->,83,45,->,83,46,->,83,47,->,83,49,->,83,50,->,83,51,->,83,56,->,83,57,->,83,58,->,83,59,->,83,60,->,83,66,->,83,67,->,83,68,->,83,69,->,83,70,->,83,71,->,83,73,->,83,74,->,83,75,->,83,76,->,83,79,->,83,80,->,83,81,->,83,82,->,83,83,->,83,84,->,83,85,->,83,86,->,83,87,->,83,88,->,83,89,->,83,90,->,83,91,->,83,92,->,83,93,->,83,94,->,83,95,->,83,96,->,83,97,->,83,98,->,83,99,->,83,136,->,83,146,->,83,147,->,83,148,->,83,149,->,83,150,->,83,151,->,83,152,->,83,153,->,83,154,->,83,155,->,83,156,->,83,157,->,83,158,->,83,159,->,83,160,->,83,161,->,83,162,->,83,163,->,83,164,->,83,165,->,83,166,->,83,167,->,83,168,->,83,169,->,83,170,->,83,171,->,83,172,->,83,173,->,83,174,->,83,175,->,83,176,->,83,177,->,83,178,->,83,179,->,83,180,->,83,181,->,83,182,->,83,183,->,83,184,->,83,185,->,83,186,->,83,187,->,83,188,->,83,189,->,83,190,->,83,191,->,83,192,->,83,193,->,83,194,->,83,195,->,83,196,->,83,197,->,83,198,->,83,199,->,83,200,->,83,201,->,83,202,->,83,203,->,83,204,->,83,205,->,83,206,->,83,207,->,83,208,->,83,209,->,83,210,->,83,211,->,83,212,->,83,213,->,83,214,->,83,215,->,83,216,->,83,217,->,83,218,->,83,219,->,83,220,->,83,221,->,83,222,->,83,223,->,83,224,->,83,225,->,83,226,->,83,227,->,83,228,->,83,229,->,83,230,->,83,231,->,83,232,->,83,233,->,83,234,->,83,235,->,83,236,->,83,237,->,83,238,->,83,239,->,83,240,->,83,241,->,83,242,->,83,243,->,83,244,->,83,245,->,83,246,->,83,247,->,83,248,->,83,249,->,83,250,->,83,251,->,83,252,->,83,253,->,83,254,->,83,255,->,83,256,->,83,257,->,83,258,->,83,259,->,83,260,->,83,261,->,83,262,->,83,263,->,83,264,->,83,265,->,83,266,->,83,267,->,83,268,->,83,269,->,83,270,->,83,271,->,83,272,->,83,273,->,83,274,->,83,275,->,83,276,->,83,277,->,83,278,->,83,279,->,83,280,->,83,281,->,83,282,->,83,283,->,83,284,->,83,285,->,83,286,->,83,287,->,83,288,->,83,289,->,83,290,->,83,291,->,83,292,->,83,293,->,83,294,->,83,295,->,83,296,->,83,297,->,83,298,->,83,299,->,83,300,->,83,301,->,83,302,->,83,303,->,84,0,->,84,1,->,84,2,->,84,3,->,84,4,->,84,5,->,84,6,->,84,7,->,84,10,->,84,13,->,84,18,->,84,21,->,84,22,->,84,23,->,84,25,->,84,26,->,84,28,->,84,32,->,84,33,->,84,36,->,84,37,->,84,39,->,84,41,->,84,42,->,84,44,->,84,45,->,84,46,->,84,48,->,84,50,->,84,53,->,84,56,->,84,57,->,84,58,->,84,59,->,84,66,->,84,67,->,84,70,->,84,73,->,84,75,->,84,78,->,84,82,->,84,83,->,84,84,->,84,85,->,84,86,->,84,87,->,84,88,->,84,89,->,84,90,->,84,91,->,84,92,->,84,93,->,84,94,->,84,95,->,84,96,->,84,97,->,84,98,->,84,99,->,84,100,->,84,136,->,84,137,->,84,146,->,84,147,->,84,148,->,84,149,->,84,150,->,84,151,->,84,152,->,84,153,->,84,154,->,84,155,->,84,156,->,84,157,->,84,158,->,84,159,->,84,160,->,84,161,->,84,162,->,84,163,->,84,164,->,84,165,->,84,166,->,84,167,->,84,168,->,84,169,->,84,170,->,84,171,->,84,172,->,84,173,->,84,174,->,84,175,->,84,176,->,84,177,->,84,178,->,84,179,->,84,180,->,84,181,->,84,182,->,84,183,->,84,184,->,84,185,->,84,186,->,84,187,->,84,188,->,84,189,->,84,190,->,84,191,->,84,192,->,84,193,->,84,194,->,84,195,->,84,196,->,84,197,->,84,198,->,84,199,->,84,200,->,84,201,->,84,202,->,84,203,->,84,204,->,84,205,->,84,206,->,84,207,->,84,208,->,84,209,->,84,210,->,84,211,->,84,212,->,84,213,->,84,214,->,84,215,->,84,216,->,84,217,->,84,218,->,84,219,->,84,220,->,84,221,->,84,222,->,84,223,->,84,224,->,84,225,->,84,226,->,84,227,->,84,228,->,84,229,->,84,230,->,84,231,->,84,232,->,84,233,->,84,234,->,84,235,->,84,236,->,84,237,->,84,238,->,84,239,->,84,240,->,84,241,->,84,242,->,84,243,->,84,244,->,84,245,->,84,246,->,84,247,->,84,248,->,84,249,->,84,250,->,84,251,->,84,252,->,84,253,->,84,254,->,84,255,->,84,256,->,84,257,->,84,258,->,84,259,->,84,260,->,84,261,->,84,262,->,84,263,->,84,264,->,84,265,->,84,266,->,84,267,->,84,268,->,84,269,->,84,270,->,84,271,->,84,272,->,84,273,->,84,274,->,84,275,->,84,276,->,84,277,->,84,278,->,84,279,->,84,280,->,84,281,->,84,282,->,84,283,->,84,284,->,84,285,->,84,286,->,84,287,->,84,288,->,84,289,->,84,290,->,84,291,->,84,292,->,84,293,->,84,294,->,84,295,->,84,296,->,84,297,->,84,298,->,84,299,->,84,300,->,84,301,->,84,302,->,84,303,->,85,0,->,85,1,->,85,2,->,85,3,->,85,4,->,85,5,->,85,6,->,85,8,->,85,12,->,85,13,->,85,14,->,85,19,->,85,21,->,85,22,->,85,27,->,85,28,->,85,30,->,85,32,->,85,33,->,85,34,->,85,39,->,85,40,->,85,41,->,85,42,->,85,43,->,85,46,->,85,47,->,85,48,->,85,49,->,85,50,->,85,51,->,85,53,->,85,56,->,85,58,->,85,59,->,85,60,->,85,63,->,85,65,->,85,70,->,85,71,->,85,80,->,85,81,->,85,82,->,85,83,->,85,84,->,85,85,->,85,86,->,85,87,->,85,88,->,85,89,->,85,90,->,85,91,->,85,92,->,85,93,->,85,94,->,85,95,->,85,96,->,85,97,->,85,98,->,85,99,->,85,100,->,85,101,->,85,144,->,85,145,->,85,146,->,85,147,->,85,148,->,85,149,->,85,150,->,85,151,->,85,152,->,85,153,->,85,154,->,85,155,->,85,156,->,85,157,->,85,158,->,85,159,->,85,160,->,85,161,->,85,162,->,85,163,->,85,164,->,85,165,->,85,166,->,85,167,->,85,168,->,85,169,->,85,170,->,85,171,->,85,172,->,85,173,->,85,174,->,85,175,->,85,176,->,85,177,->,85,178,->,85,179,->,85,180,->,85,181,->,85,182,->,85,183,->,85,184,->,85,185,->,85,186,->,85,187,->,85,188,->,85,189,->,85,190,->,85,191,->,85,192,->,85,193,->,85,194,->,85,195,->,85,196,->,85,197,->,85,198,->,85,199,->,85,200,->,85,201,->,85,202,->,85,203,->,85,204,->,85,205,->,85,206,->,85,207,->,85,208,->,85,209,->,85,210,->,85,211,->,85,212,->,85,213,->,85,214,->,85,215,->,85,216,->,85,217,->,85,218,->,85,219,->,85,220,->,85,221,->,85,222,->,85,223,->,85,224,->,85,225,->,85,226,->,85,227,->,85,228,->,85,229,->,85,230,->,85,231,->,85,232,->,85,233,->,85,234,->,85,235,->,85,236,->,85,237,->,85,238,->,85,239,->,85,240,->,85,241,->,85,242,->,85,243,->,85,244,->,85,245,->,85,246,->,85,247,->,85,248,->,85,249,->,85,250,->,85,251,->,85,252,->,85,253,->,85,254,->,85,255,->,85,256,->,85,257,->,85,258,->,85,259,->,85,260,->,85,261,->,85,262,->,85,263,->,85,264,->,85,265,->,85,266,->,85,267,->,85,268,->,85,269,->,85,270,->,85,271,->,85,272,->,85,273,->,85,274,->,85,275,->,85,276,->,85,277,->,85,278,->,85,279,->,85,280,->,85,281,->,85,282,->,85,283,->,85,284,->,85,285,->,85,286,->,85,287,->,85,288,->,85,289,->,85,290,->,85,291,->,85,292,->,85,293,->,85,294,->,85,295,->,85,296,->,85,297,->,85,298,->,85,299,->,85,300,->,85,301,->,85,302,->,85,303,->,86,0,->,86,1,->,86,2,->,86,3,->,86,4,->,86,5,->,86,9,->,86,10,->,86,11,->,86,13,->,86,14,->,86,15,->,86,16,->,86,19,->,86,21,->,86,22,->,86,25,->,86,26,->,86,27,->,86,29,->,86,31,->,86,34,->,86,37,->,86,38,->,86,40,->,86,41,->,86,42,->,86,43,->,86,44,->,86,46,->,86,50,->,86,52,->,86,53,->,86,54,->,86,56,->,86,57,->,86,58,->,86,59,->,86,60,->,86,61,->,86,66,->,86,73,->,86,80,->,86,81,->,86,82,->,86,83,->,86,84,->,86,85,->,86,86,->,86,87,->,86,88,->,86,89,->,86,90,->,86,91,->,86,92,->,86,93,->,86,94,->,86,95,->,86,96,->,86,97,->,86,98,->,86,99,->,86,100,->,86,101,->,86,144,->,86,145,->,86,146,->,86,147,->,86,148,->,86,149,->,86,150,->,86,151,->,86,152,->,86,153,->,86,154,->,86,155,->,86,156,->,86,157,->,86,158,->,86,159,->,86,160,->,86,161,->,86,162,->,86,163,->,86,164,->,86,165,->,86,166,->,86,167,->,86,168,->,86,169,->,86,170,->,86,171,->,86,172,->,86,173,->,86,174,->,86,175,->,86,176,->,86,177,->,86,178,->,86,179,->,86,180,->,86,181,->,86,182,->,86,183,->,86,184,->,86,185,->,86,186,->,86,187,->,86,188,->,86,189,->,86,190,->,86,191,->,86,192,->,86,193,->,86,194,->,86,195,->,86,196,->,86,197,->,86,198,->,86,199,->,86,200,->,86,201,->,86,202,->,86,203,->,86,204,->,86,205,->,86,206,->,86,207,->,86,208,->,86,209,->,86,210,->,86,211,->,86,212,->,86,213,->,86,214,->,86,215,->,86,216,->,86,217,->,86,218,->,86,219,->,86,220,->,86,221,->,86,222,->,86,223,->,86,224,->,86,225,->,86,226,->,86,227,->,86,228,->,86,229,->,86,230,->,86,231,->,86,232,->,86,233,->,86,234,->,86,235,->,86,236,->,86,237,->,86,238,->,86,239,->,86,240,->,86,241,->,86,242,->,86,243,->,86,244,->,86,245,->,86,246,->,86,247,->,86,248,->,86,249,->,86,250,->,86,251,->,86,252,->,86,253,->,86,254,->,86,255,->,86,256,->,86,257,->,86,258,->,86,259,->,86,260,->,86,261,->,86,262,->,86,263,->,86,264,->,86,265,->,86,266,->,86,267,->,86,268,->,86,269,->,86,270,->,86,271,->,86,272,->,86,273,->,86,274,->,86,275,->,86,276,->,86,277,->,86,278,->,86,279,->,86,280,->,86,281,->,86,282,->,86,283,->,86,284,->,86,285,->,86,286,->,86,287,->,86,288,->,86,289,->,86,290,->,86,291,->,86,292,->,86,293,->,86,294,->,86,295,->,86,296,->,86,297,->,86,298,->,86,299,->,86,300,->,86,301,->,86,302,->,86,303,->,87,0,->,87,1,->,87,2,->,87,3,->,87,4,->,87,5,->,87,12,->,87,13,->,87,14,->,87,16,->,87,17,->,87,22,->,87,24,->,87,25,->,87,26,->,87,29,->,87,32,->,87,33,->,87,37,->,87,41,->,87,42,->,87,43,->,87,44,->,87,45,->,87,46,->,87,47,->,87,49,->,87,50,->,87,52,->,87,53,->,87,54,->,87,55,->,87,56,->,87,57,->,87,60,->,87,62,->,87,63,->,87,64,->,87,67,->,87,74,->,87,77,->,87,80,->,87,81,->,87,82,->,87,83,->,87,84,->,87,85,->,87,86,->,87,87,->,87,88,->,87,89,->,87,90,->,87,91,->,87,92,->,87,93,->,87,94,->,87,95,->,87,96,->,87,97,->,87,98,->,87,99,->,87,100,->,87,101,->,87,136,->,87,144,->,87,145,->,87,146,->,87,147,->,87,148,->,87,149,->,87,150,->,87,151,->,87,152,->,87,153,->,87,154,->,87,155,->,87,156,->,87,157,->,87,158,->,87,159,->,87,160,->,87,161,->,87,162,->,87,163,->,87,164,->,87,165,->,87,166,->,87,167,->,87,168,->,87,169,->,87,170,->,87,171,->,87,172,->,87,173,->,87,174,->,87,175,->,87,176,->,87,177,->,87,178,->,87,179,->,87,180,->,87,181,->,87,182,->,87,183,->,87,184,->,87,185,->,87,186,->,87,187,->,87,188,->,87,189,->,87,190,->,87,191,->,87,192,->,87,193,->,87,194,->,87,195,->,87,196,->,87,197,->,87,198,->,87,199,->,87,200,->,87,201,->,87,202,->,87,203,->,87,204,->,87,205,->,87,206,->,87,207,->,87,208,->,87,209,->,87,210,->,87,211,->,87,212,->,87,213,->,87,214,->,87,215,->,87,216,->,87,217,->,87,218,->,87,219,->,87,220,->,87,221,->,87,222,->,87,223,->,87,224,->,87,225,->,87,226,->,87,227,->,87,228,->,87,229,->,87,230,->,87,231,->,87,232,->,87,233,->,87,234,->,87,235,->,87,236,->,87,237,->,87,238,->,87,239,->,87,240,->,87,241,->,87,242,->,87,243,->,87,244,->,87,245,->,87,246,->,87,247,->,87,248,->,87,249,->,87,250,->,87,251,->,87,252,->,87,253,->,87,254,->,87,255,->,87,256,->,87,257,->,87,258,->,87,259,->,87,260,->,87,261,->,87,262,->,87,263,->,87,264,->,87,265,->,87,266,->,87,267,->,87,268,->,87,269,->,87,270,->,87,271,->,87,272,->,87,273,->,87,274,->,87,275,->,87,276,->,87,277,->,87,278,->,87,279,->,87,280,->,87,281,->,87,282,->,87,283,->,87,284,->,87,285,->,87,286,->,87,287,->,87,288,->,87,289,->,87,290,->,87,291,->,87,292,->,87,293,->,87,294,->,87,295,->,87,296,->,87,297,->,87,298,->,87,299,->,87,300,->,87,301,->,87,302,->,87,303,->,88,0,->,88,1,->,88,2,->,88,3,->,88,4,->,88,12,->,88,20,->,88,23,->,88,25,->,88,26,->,88,27,->,88,28,->,88,32,->,88,33,->,88,35,->,88,36,->,88,37,->,88,43,->,88,44,->,88,45,->,88,48,->,88,49,->,88,50,->,88,51,->,88,53,->,88,54,->,88,58,->,88,60,->,88,61,->,88,62,->,88,63,->,88,64,->,88,65,->,88,80,->,88,81,->,88,82,->,88,83,->,88,84,->,88,85,->,88,86,->,88,87,->,88,88,->,88,89,->,88,90,->,88,91,->,88,92,->,88,93,->,88,94,->,88,95,->,88,96,->,88,97,->,88,98,->,88,99,->,88,100,->,88,101,->,88,102,->,88,143,->,88,144,->,88,145,->,88,146,->,88,147,->,88,148,->,88,149,->,88,150,->,88,151,->,88,152,->,88,153,->,88,154,->,88,155,->,88,156,->,88,157,->,88,158,->,88,159,->,88,160,->,88,161,->,88,162,->,88,163,->,88,164,->,88,165,->,88,166,->,88,167,->,88,168,->,88,169,->,88,170,->,88,171,->,88,172,->,88,173,->,88,174,->,88,175,->,88,176,->,88,177,->,88,178,->,88,179,->,88,180,->,88,181,->,88,182,->,88,183,->,88,184,->,88,185,->,88,186,->,88,187,->,88,188,->,88,189,->,88,190,->,88,191,->,88,192,->,88,193,->,88,194,->,88,195,->,88,196,->,88,197,->,88,198,->,88,199,->,88,200,->,88,201,->,88,202,->,88,203,->,88,204,->,88,205,->,88,206,->,88,207,->,88,208,->,88,209,->,88,210,->,88,211,->,88,212,->,88,213,->,88,214,->,88,215,->,88,216,->,88,217,->,88,218,->,88,219,->,88,220,->,88,221,->,88,222,->,88,223,->,88,224,->,88,225,->,88,226,->,88,227,->,88,228,->,88,229,->,88,230,->,88,231,->,88,232,->,88,233,->,88,234,->,88,235,->,88,236,->,88,237,->,88,238,->,88,239,->,88,240,->,88,241,->,88,242,->,88,243,->,88,244,->,88,245,->,88,246,->,88,247,->,88,248,->,88,249,->,88,250,->,88,251,->,88,252,->,88,253,->,88,254,->,88,255,->,88,256,->,88,257,->,88,258,->,88,259,->,88,260,->,88,261,->,88,262,->,88,263,->,88,264,->,88,265,->,88,266,->,88,267,->,88,268,->,88,269,->,88,270,->,88,271,->,88,272,->,88,273,->,88,274,->,88,275,->,88,276,->,88,277,->,88,278,->,88,279,->,88,280,->,88,281,->,88,282,->,88,283,->,88,284,->,88,285,->,88,286,->,88,287,->,88,288,->,88,289,->,88,290,->,88,291,->,88,292,->,88,293,->,88,294,->,88,295,->,88,296,->,88,297,->,88,298,->,88,299,->,88,300,->,88,301,->,88,302,->,88,303,->,89,0,->,89,1,->,89,2,->,89,3,->,89,4,->,89,8,->,89,10,->,89,11,->,89,12,->,89,13,->,89,14,->,89,15,->,89,17,->,89,18,->,89,19,->,89,20,->,89,21,->,89,22,->,89,24,->,89,27,->,89,32,->,89,34,->,89,36,->,89,40,->,89,41,->,89,44,->,89,46,->,89,49,->,89,50,->,89,51,->,89,52,->,89,54,->,89,55,->,89,56,->,89,57,->,89,58,->,89,59,->,89,60,->,89,61,->,89,63,->,89,65,->,89,66,->,89,69,->,89,73,->,89,74,->,89,78,->,89,79,->,89,80,->,89,81,->,89,82,->,89,83,->,89,84,->,89,85,->,89,86,->,89,87,->,89,88,->,89,89,->,89,90,->,89,91,->,89,92,->,89,93,->,89,94,->,89,95,->,89,96,->,89,97,->,89,98,->,89,99,->,89,100,->,89,101,->,89,102,->,89,142,->,89,143,->,89,144,->,89,145,->,89,146,->,89,147,->,89,148,->,89,149,->,89,150,->,89,151,->,89,152,->,89,153,->,89,154,->,89,155,->,89,156,->,89,157,->,89,158,->,89,159,->,89,160,->,89,161,->,89,162,->,89,163,->,89,164,->,89,165,->,89,166,->,89,167,->,89,168,->,89,169,->,89,170,->,89,171,->,89,172,->,89,173,->,89,174,->,89,175,->,89,176,->,89,177,->,89,178,->,89,179,->,89,180,->,89,181,->,89,182,->,89,183,->,89,184,->,89,185,->,89,186,->,89,187,->,89,188,->,89,189,->,89,190,->,89,191,->,89,192,->,89,193,->,89,194,->,89,195,->,89,196,->,89,197,->,89,198,->,89,199,->,89,200,->,89,201,->,89,202,->,89,203,->,89,204,->,89,205,->,89,206,->,89,207,->,89,208,->,89,209,->,89,210,->,89,211,->,89,212,->,89,213,->,89,214,->,89,215,->,89,216,->,89,217,->,89,218,->,89,219,->,89,220,->,89,221,->,89,222,->,89,223,->,89,224,->,89,225,->,89,226,->,89,227,->,89,228,->,89,229,->,89,230,->,89,231,->,89,232,->,89,233,->,89,234,->,89,235,->,89,236,->,89,237,->,89,238,->,89,239,->,89,240,->,89,241,->,89,242,->,89,243,->,89,244,->,89,245,->,89,246,->,89,247,->,89,248,->,89,249,->,89,250,->,89,251,->,89,252,->,89,253,->,89,254,->,89,255,->,89,256,->,89,257,->,89,258,->,89,259,->,89,260,->,89,261,->,89,262,->,89,263,->,89,264,->,89,265,->,89,266,->,89,267,->,89,268,->,89,269,->,89,270,->,89,271,->,89,272,->,89,273,->,89,274,->,89,275,->,89,276,->,89,277,->,89,278,->,89,279,->,89,280,->,89,281,->,89,282,->,89,283,->,89,284,->,89,285,->,89,286,->,89,287,->,89,288,->,89,289,->,89,290,->,89,291,->,89,292,->,89,293,->,89,294,->,89,295,->,89,296,->,89,297,->,89,298,->,89,299,->,89,300,->,89,301,->,89,302,->,89,303,->,90,0,->,90,1,->,90,2,->,90,3,->,90,5,->,90,7,->,90,8,->,90,9,->,90,10,->,90,11,->,90,12,->,90,14,->,90,15,->,90,16,->,90,18,->,90,19,->,90,20,->,90,21,->,90,22,->,90,23,->,90,24,->,90,28,->,90,29,->,90,30,->,90,32,->,90,34,->,90,35,->,90,38,->,90,39,->,90,40,->,90,41,->,90,42,->,90,43,->,90,45,->,90,46,->,90,47,->,90,49,->,90,50,->,90,52,->,90,55,->,90,56,->,90,57,->,90,58,->,90,59,->,90,60,->,90,61,->,90,64,->,90,65,->,90,67,->,90,68,->,90,73,->,90,78,->,90,79,->,90,80,->,90,81,->,90,82,->,90,83,->,90,84,->,90,85,->,90,86,->,90,87,->,90,88,->,90,89,->,90,90,->,90,91,->,90,92,->,90,93,->,90,94,->,90,95,->,90,96,->,90,97,->,90,98,->,90,99,->,90,100,->,90,101,->,90,102,->,90,140,->,90,141,->,90,142,->,90,143,->,90,144,->,90,145,->,90,146,->,90,147,->,90,148,->,90,149,->,90,150,->,90,151,->,90,152,->,90,153,->,90,154,->,90,155,->,90,156,->,90,157,->,90,158,->,90,159,->,90,160,->,90,161,->,90,162,->,90,163,->,90,164,->,90,165,->,90,166,->,90,167,->,90,168,->,90,169,->,90,170,->,90,171,->,90,172,->,90,173,->,90,174,->,90,175,->,90,176,->,90,177,->,90,178,->,90,179,->,90,180,->,90,181,->,90,182,->,90,183,->,90,184,->,90,185,->,90,186,->,90,187,->,90,188,->,90,189,->,90,190,->,90,191,->,90,192,->,90,193,->,90,194,->,90,195,->,90,196,->,90,197,->,90,198,->,90,199,->,90,200,->,90,201,->,90,202,->,90,203,->,90,204,->,90,205,->,90,206,->,90,207,->,90,208,->,90,209,->,90,210,->,90,211,->,90,212,->,90,213,->,90,214,->,90,215,->,90,216,->,90,217,->,90,218,->,90,219,->,90,220,->,90,221,->,90,222,->,90,223,->,90,224,->,90,225,->,90,226,->,90,227,->,90,228,->,90,229,->,90,230,->,90,231,->,90,232,->,90,233,->,90,234,->,90,235,->,90,236,->,90,237,->,90,238,->,90,239,->,90,240,->,90,241,->,90,242,->,90,243,->,90,244,->,90,245,->,90,246,->,90,247,->,90,248,->,90,249,->,90,250,->,90,251,->,90,252,->,90,253,->,90,254,->,90,255,->,90,256,->,90,257,->,90,258,->,90,259,->,90,260,->,90,261,->,90,262,->,90,263,->,90,264,->,90,265,->,90,266,->,90,267,->,90,268,->,90,269,->,90,270,->,90,271,->,90,272,->,90,273,->,90,274,->,90,275,->,90,276,->,90,277,->,90,278,->,90,279,->,90,280,->,90,281,->,90,282,->,90,283,->,90,284,->,90,285,->,90,286,->,90,287,->,90,288,->,90,289,->,90,290,->,90,291,->,90,292,->,90,293,->,90,294,->,90,295,->,90,296,->,90,297,->,90,298,->,90,299,->,90,300,->,90,301,->,90,302,->,90,303,->,91,0,->,91,1,->,91,2,->,91,3,->,91,7,->,91,8,->,91,9,->,91,10,->,91,11,->,91,12,->,91,16,->,91,17,->,91,19,->,91,20,->,91,21,->,91,22,->,91,24,->,91,26,->,91,28,->,91,29,->,91,30,->,91,35,->,91,36,->,91,38,->,91,39,->,91,41,->,91,42,->,91,43,->,91,44,->,91,45,->,91,47,->,91,48,->,91,49,->,91,53,->,91,54,->,91,57,->,91,58,->,91,60,->,91,61,->,91,62,->,91,63,->,91,65,->,91,67,->,91,68,->,91,74,->,91,77,->,91,78,->,91,79,->,91,80,->,91,81,->,91,82,->,91,83,->,91,84,->,91,85,->,91,86,->,91,87,->,91,88,->,91,89,->,91,90,->,91,91,->,91,92,->,91,93,->,91,94,->,91,95,->,91,96,->,91,97,->,91,98,->,91,99,->,91,100,->,91,101,->,91,102,->,91,139,->,91,140,->,91,141,->,91,142,->,91,143,->,91,144,->,91,145,->,91,146,->,91,147,->,91,148,->,91,149,->,91,150,->,91,151,->,91,152,->,91,153,->,91,154,->,91,155,->,91,156,->,91,157,->,91,158,->,91,159,->,91,160,->,91,161,->,91,162,->,91,163,->,91,164,->,91,165,->,91,166,->,91,167,->,91,168,->,91,169,->,91,170,->,91,171,->,91,172,->,91,173,->,91,174,->,91,175,->,91,176,->,91,177,->,91,178,->,91,179,->,91,180,->,91,181,->,91,182,->,91,183,->,91,184,->,91,185,->,91,186,->,91,187,->,91,188,->,91,189,->,91,190,->,91,191,->,91,192,->,91,193,->,91,194,->,91,195,->,91,196,->,91,197,->,91,198,->,91,199,->,91,200,->,91,201,->,91,202,->,91,203,->,91,204,->,91,205,->,91,206,->,91,207,->,91,208,->,91,209,->,91,210,->,91,211,->,91,212,->,91,213,->,91,214,->,91,215,->,91,216,->,91,217,->,91,218,->,91,219,->,91,220,->,91,221,->,91,222,->,91,223,->,91,224,->,91,225,->,91,226,->,91,227,->,91,228,->,91,229,->,91,230,->,91,231,->,91,232,->,91,233,->,91,234,->,91,235,->,91,236,->,91,237,->,91,238,->,91,239,->,91,240,->,91,241,->,91,242,->,91,243,->,91,244,->,91,245,->,91,246,->,91,247,->,91,248,->,91,249,->,91,250,->,91,251,->,91,252,->,91,253,->,91,254,->,91,255,->,91,256,->,91,257,->,91,258,->,91,259,->,91,260,->,91,261,->,91,262,->,91,263,->,91,264,->,91,265,->,91,266,->,91,267,->,91,268,->,91,269,->,91,270,->,91,271,->,91,272,->,91,273,->,91,274,->,91,275,->,91,276,->,91,277,->,91,278,->,91,279,->,91,280,->,91,281,->,91,282,->,91,283,->,91,284,->,91,285,->,91,286,->,91,287,->,91,288,->,91,289,->,91,290,->,91,291,->,91,292,->,91,293,->,91,294,->,91,295,->,91,296,->,91,297,->,91,298,->,91,299,->,91,300,->,91,301,->,91,302,->,91,303,->,92,0,->,92,1,->,92,4,->,92,6,->,92,8,->,92,9,->,92,10,->,92,11,->,92,12,->,92,14,->,92,16,->,92,18,->,92,19,->,92,20,->,92,21,->,92,22,->,92,23,->,92,24,->,92,25,->,92,26,->,92,27,->,92,31,->,92,34,->,92,38,->,92,39,->,92,40,->,92,41,->,92,43,->,92,44,->,92,45,->,92,48,->,92,49,->,92,50,->,92,53,->,92,54,->,92,55,->,92,58,->,92,59,->,92,60,->,92,62,->,92,63,->,92,64,->,92,65,->,92,66,->,92,68,->,92,76,->,92,77,->,92,78,->,92,79,->,92,80,->,92,81,->,92,82,->,92,83,->,92,84,->,92,85,->,92,86,->,92,87,->,92,88,->,92,89,->,92,90,->,92,91,->,92,92,->,92,93,->,92,94,->,92,95,->,92,96,->,92,97,->,92,98,->,92,99,->,92,100,->,92,101,->,92,102,->,92,139,->,92,140,->,92,141,->,92,142,->,92,143,->,92,144,->,92,145,->,92,146,->,92,147,->,92,148,->,92,149,->,92,150,->,92,151,->,92,152,->,92,153,->,92,154,->,92,155,->,92,156,->,92,157,->,92,158,->,92,159,->,92,160,->,92,161,->,92,162,->,92,163,->,92,164,->,92,165,->,92,166,->,92,167,->,92,168,->,92,169,->,92,170,->,92,171,->,92,172,->,92,173,->,92,174,->,92,175,->,92,176,->,92,177,->,92,178,->,92,179,->,92,180,->,92,181,->,92,182,->,92,183,->,92,184,->,92,185,->,92,186,->,92,187,->,92,188,->,92,189,->,92,190,->,92,191,->,92,192,->,92,193,->,92,194,->,92,195,->,92,196,->,92,197,->,92,198,->,92,199,->,92,200,->,92,201,->,92,202,->,92,203,->,92,204,->,92,205,->,92,206,->,92,207,->,92,208,->,92,209,->,92,210,->,92,211,->,92,212,->,92,213,->,92,214,->,92,215,->,92,216,->,92,217,->,92,218,->,92,219,->,92,220,->,92,221,->,92,222,->,92,223,->,92,224,->,92,225,->,92,226,->,92,227,->,92,228,->,92,229,->,92,230,->,92,231,->,92,232,->,92,233,->,92,234,->,92,235,->,92,236,->,92,237,->,92,238,->,92,239,->,92,240,->,92,241,->,92,242,->,92,243,->,92,244,->,92,245,->,92,246,->,92,247,->,92,248,->,92,249,->,92,250,->,92,251,->,92,252,->,92,253,->,92,254,->,92,255,->,92,256,->,92,257,->,92,258,->,92,259,->,92,260,->,92,261,->,92,262,->,92,263,->,92,264,->,92,265,->,92,266,->,92,267,->,92,268,->,92,269,->,92,270,->,92,271,->,92,272,->,92,273,->,92,274,->,92,275,->,92,276,->,92,277,->,92,278,->,92,279,->,92,280,->,92,281,->,92,282,->,92,283,->,92,284,->,92,285,->,92,286,->,92,287,->,92,288,->,92,289,->,92,290,->,92,291,->,92,292,->,92,293,->,92,294,->,92,295,->,92,296,->,92,297,->,92,298,->,92,299,->,92,300,->,92,301,->,92,302,->,92,303,->,93,0,->,93,1,->,93,2,->,93,5,->,93,7,->,93,9,->,93,10,->,93,13,->,93,15,->,93,16,->,93,17,->,93,18,->,93,19,->,93,20,->,93,21,->,93,22,->,93,23,->,93,25,->,93,26,->,93,28,->,93,29,->,93,30,->,93,31,->,93,33,->,93,34,->,93,36,->,93,38,->,93,39,->,93,40,->,93,42,->,93,46,->,93,47,->,93,49,->,93,50,->,93,51,->,93,53,->,93,54,->,93,55,->,93,58,->,93,59,->,93,61,->,93,62,->,93,63,->,93,66,->,93,67,->,93,73,->,93,79,->,93,80,->,93,81,->,93,82,->,93,83,->,93,84,->,93,85,->,93,86,->,93,87,->,93,88,->,93,89,->,93,90,->,93,91,->,93,92,->,93,93,->,93,94,->,93,95,->,93,96,->,93,97,->,93,98,->,93,99,->,93,100,->,93,101,->,93,102,->,93,138,->,93,139,->,93,140,->,93,141,->,93,142,->,93,143,->,93,144,->,93,145,->,93,146,->,93,147,->,93,148,->,93,149,->,93,150,->,93,151,->,93,152,->,93,153,->,93,154,->,93,155,->,93,156,->,93,157,->,93,158,->,93,159,->,93,160,->,93,161,->,93,162,->,93,163,->,93,164,->,93,165,->,93,166,->,93,167,->,93,168,->,93,169,->,93,170,->,93,171,->,93,172,->,93,173,->,93,174,->,93,175,->,93,176,->,93,177,->,93,178,->,93,179,->,93,180,->,93,181,->,93,182,->,93,183,->,93,184,->,93,185,->,93,186,->,93,187,->,93,188,->,93,189,->,93,190,->,93,191,->,93,192,->,93,193,->,93,194,->,93,195,->,93,196,->,93,197,->,93,198,->,93,199,->,93,200,->,93,201,->,93,202,->,93,203,->,93,204,->,93,205,->,93,206,->,93,207,->,93,208,->,93,209,->,93,210,->,93,211,->,93,212,->,93,213,->,93,214,->,93,215,->,93,216,->,93,217,->,93,218,->,93,219,->,93,220,->,93,221,->,93,222,->,93,223,->,93,224,->,93,225,->,93,226,->,93,227,->,93,228,->,93,229,->,93,230,->,93,231,->,93,232,->,93,233,->,93,234,->,93,235,->,93,236,->,93,237,->,93,238,->,93,239,->,93,240,->,93,241,->,93,242,->,93,243,->,93,244,->,93,245,->,93,246,->,93,247,->,93,248,->,93,249,->,93,250,->,93,251,->,93,252,->,93,253,->,93,254,->,93,255,->,93,256,->,93,257,->,93,258,->,93,259,->,93,260,->,93,261,->,93,262,->,93,263,->,93,264,->,93,265,->,93,266,->,93,267,->,93,268,->,93,269,->,93,270,->,93,271,->,93,272,->,93,273,->,93,274,->,93,275,->,93,276,->,93,277,->,93,278,->,93,279,->,93,280,->,93,281,->,93,282,->,93,283,->,93,284,->,93,285,->,93,286,->,93,287,->,93,288,->,93,289,->,93,290,->,93,291,->,93,292,->,93,293,->,93,294,->,93,295,->,93,296,->,93,297,->,93,298,->,93,299,->,93,300,->,93,301,->,93,302,->,93,303,->,94,0,->,94,1,->,94,3,->,94,5,->,94,7,->,94,8,->,94,10,->,94,11,->,94,12,->,94,13,->,94,14,->,94,15,->,94,16,->,94,24,->,94,25,->,94,28,->,94,29,->,94,30,->,94,31,->,94,36,->,94,37,->,94,40,->,94,41,->,94,42,->,94,43,->,94,44,->,94,45,->,94,50,->,94,52,->,94,54,->,94,55,->,94,57,->,94,58,->,94,61,->,94,62,->,94,67,->,94,68,->,94,72,->,94,79,->,94,80,->,94,81,->,94,82,->,94,83,->,94,84,->,94,85,->,94,86,->,94,87,->,94,88,->,94,89,->,94,90,->,94,91,->,94,92,->,94,93,->,94,94,->,94,95,->,94,96,->,94,97,->,94,98,->,94,99,->,94,100,->,94,101,->,94,102,->,94,103,->,94,138,->,94,139,->,94,140,->,94,141,->,94,142,->,94,143,->,94,144,->,94,145,->,94,146,->,94,147,->,94,148,->,94,149,->,94,150,->,94,151,->,94,152,->,94,153,->,94,154,->,94,155,->,94,156,->,94,157,->,94,158,->,94,159,->,94,160,->,94,161,->,94,162,->,94,163,->,94,164,->,94,165,->,94,166,->,94,167,->,94,168,->,94,169,->,94,170,->,94,171,->,94,172,->,94,173,->,94,174,->,94,175,->,94,176,->,94,177,->,94,178,->,94,179,->,94,180,->,94,181,->,94,182,->,94,183,->,94,184,->,94,185,->,94,186,->,94,187,->,94,188,->,94,189,->,94,190,->,94,191,->,94,192,->,94,193,->,94,194,->,94,195,->,94,196,->,94,197,->,94,198,->,94,199,->,94,200,->,94,201,->,94,202,->,94,203,->,94,204,->,94,205,->,94,206,->,94,207,->,94,208,->,94,209,->,94,210,->,94,211,->,94,212,->,94,213,->,94,214,->,94,215,->,94,216,->,94,217,->,94,218,->,94,219,->,94,220,->,94,221,->,94,222,->,94,223,->,94,224,->,94,225,->,94,226,->,94,227,->,94,228,->,94,229,->,94,230,->,94,231,->,94,232,->,94,233,->,94,234,->,94,235,->,94,236,->,94,237,->,94,238,->,94,239,->,94,240,->,94,241,->,94,242,->,94,243,->,94,244,->,94,245,->,94,246,->,94,247,->,94,248,->,94,249,->,94,250,->,94,251,->,94,252,->,94,253,->,94,254,->,94,255,->,94,256,->,94,257,->,94,258,->,94,259,->,94,260,->,94,261,->,94,262,->,94,263,->,94,264,->,94,265,->,94,266,->,94,267,->,94,268,->,94,269,->,94,270,->,94,271,->,94,272,->,94,273,->,94,274,->,94,275,->,94,276,->,94,277,->,94,278,->,94,279,->,94,280,->,94,281,->,94,282,->,94,283,->,94,284,->,94,285,->,94,286,->,94,287,->,94,288,->,94,289,->,94,290,->,94,291,->,94,292,->,94,293,->,94,294,->,94,295,->,94,296,->,94,297,->,94,298,->,94,299,->,94,300,->,94,301,->,94,302,->,94,303,->,95,1,->,95,2,->,95,5,->,95,7,->,95,8,->,95,13,->,95,14,->,95,15,->,95,19,->,95,20,->,95,23,->,95,24,->,95,25,->,95,26,->,95,27,->,95,28,->,95,31,->,95,32,->,95,35,->,95,38,->,95,39,->,95,42,->,95,43,->,95,44,->,95,45,->,95,47,->,95,50,->,95,53,->,95,55,->,95,57,->,95,58,->,95,59,->,95,62,->,95,64,->,95,65,->,95,67,->,95,68,->,95,79,->,95,80,->,95,81,->,95,82,->,95,83,->,95,84,->,95,85,->,95,86,->,95,87,->,95,88,->,95,89,->,95,90,->,95,91,->,95,92,->,95,93,->,95,94,->,95,95,->,95,96,->,95,97,->,95,98,->,95,99,->,95,100,->,95,101,->,95,102,->,95,103,->,95,137,->,95,138,->,95,139,->,95,140,->,95,141,->,95,142,->,95,143,->,95,144,->,95,145,->,95,146,->,95,147,->,95,148,->,95,149,->,95,150,->,95,151,->,95,152,->,95,153,->,95,154,->,95,155,->,95,156,->,95,157,->,95,158,->,95,159,->,95,160,->,95,161,->,95,162,->,95,163,->,95,164,->,95,165,->,95,166,->,95,167,->,95,168,->,95,169,->,95,170,->,95,171,->,95,172,->,95,173,->,95,174,->,95,175,->,95,176,->,95,177,->,95,178,->,95,179,->,95,180,->,95,181,->,95,182,->,95,183,->,95,184,->,95,185,->,95,186,->,95,187,->,95,188,->,95,189,->,95,190,->,95,191,->,95,192,->,95,193,->,95,194,->,95,195,->,95,196,->,95,197,->,95,198,->,95,199,->,95,200,->,95,201,->,95,202,->,95,203,->,95,204,->,95,205,->,95,206,->,95,207,->,95,208,->,95,209,->,95,210,->,95,211,->,95,212,->,95,213,->,95,214,->,95,215,->,95,216,->,95,217,->,95,218,->,95,219,->,95,220,->,95,221,->,95,222,->,95,223,->,95,224,->,95,225,->,95,226,->,95,227,->,95,228,->,95,229,->,95,230,->,95,231,->,95,232,->,95,233,->,95,234,->,95,235,->,95,236,->,95,237,->,95,238,->,95,239,->,95,240,->,95,241,->,95,242,->,95,243,->,95,244,->,95,245,->,95,246,->,95,247,->,95,248,->,95,249,->,95,250,->,95,251,->,95,252,->,95,253,->,95,254,->,95,255,->,95,256,->,95,257,->,95,258,->,95,259,->,95,260,->,95,261,->,95,262,->,95,263,->,95,264,->,95,265,->,95,266,->,95,267,->,95,268,->,95,269,->,95,270,->,95,271,->,95,272,->,95,273,->,95,274,->,95,275,->,95,276,->,95,277,->,95,278,->,95,279,->,95,280,->,95,281,->,95,282,->,95,283,->,95,284,->,95,285,->,95,286,->,95,287,->,95,288,->,95,289,->,95,290,->,95,291,->,95,292,->,95,293,->,95,294,->,95,295,->,95,296,->,95,297,->,95,298,->,95,299,->,95,300,->,95,301,->,95,302,->,95,303,->,96,0,->,96,1,->,96,2,->,96,4,->,96,5,->,96,7,->,96,10,->,96,14,->,96,15,->,96,18,->,96,20,->,96,23,->,96,25,->,96,28,->,96,29,->,96,34,->,96,37,->,96,38,->,96,39,->,96,41,->,96,42,->,96,43,->,96,44,->,96,45,->,96,48,->,96,49,->,96,51,->,96,52,->,96,54,->,96,56,->,96,57,->,96,58,->,96,61,->,96,62,->,96,64,->,96,65,->,96,66,->,96,70,->,96,74,->,96,76,->,96,79,->,96,80,->,96,81,->,96,82,->,96,83,->,96,84,->,96,85,->,96,86,->,96,87,->,96,88,->,96,89,->,96,90,->,96,91,->,96,92,->,96,93,->,96,94,->,96,95,->,96,96,->,96,97,->,96,98,->,96,99,->,96,100,->,96,101,->,96,102,->,96,136,->,96,137,->,96,138,->,96,139,->,96,140,->,96,141,->,96,142,->,96,143,->,96,144,->,96,145,->,96,146,->,96,147,->,96,148,->,96,149,->,96,150,->,96,151,->,96,152,->,96,153,->,96,154,->,96,155,->,96,156,->,96,157,->,96,158,->,96,159,->,96,160,->,96,161,->,96,162,->,96,163,->,96,164,->,96,165,->,96,166,->,96,167,->,96,168,->,96,169,->,96,170,->,96,171,->,96,172,->,96,173,->,96,174,->,96,175,->,96,176,->,96,177,->,96,178,->,96,179,->,96,180,->,96,181,->,96,182,->,96,183,->,96,184,->,96,185,->,96,186,->,96,187,->,96,188,->,96,189,->,96,190,->,96,191,->,96,192,->,96,193,->,96,194,->,96,195,->,96,196,->,96,197,->,96,198,->,96,199,->,96,200,->,96,201,->,96,202,->,96,203,->,96,204,->,96,205,->,96,206,->,96,207,->,96,208,->,96,209,->,96,210,->,96,211,->,96,212,->,96,213,->,96,214,->,96,215,->,96,216,->,96,217,->,96,218,->,96,219,->,96,220,->,96,221,->,96,222,->,96,223,->,96,224,->,96,225,->,96,226,->,96,227,->,96,228,->,96,229,->,96,230,->,96,231,->,96,232,->,96,233,->,96,234,->,96,235,->,96,236,->,96,237,->,96,238,->,96,239,->,96,240,->,96,241,->,96,242,->,96,243,->,96,244,->,96,245,->,96,246,->,96,247,->,96,248,->,96,249,->,96,250,->,96,251,->,96,252,->,96,253,->,96,254,->,96,255,->,96,256,->,96,257,->,96,258,->,96,259,->,96,260,->,96,261,->,96,262,->,96,263,->,96,264,->,96,265,->,96,266,->,96,267,->,96,268,->,96,269,->,96,270,->,96,271,->,96,272,->,96,273,->,96,274,->,96,275,->,96,276,->,96,277,->,96,278,->,96,279,->,96,280,->,96,281,->,96,282,->,96,283,->,96,284,->,96,285,->,96,286,->,96,287,->,96,288,->,96,289,->,96,290,->,96,291,->,96,292,->,96,293,->,96,294,->,96,295,->,96,296,->,96,297,->,96,298,->,96,299,->,96,300,->,96,301,->,96,302,->,96,303,->,97,1,->,97,3,->,97,4,->,97,5,->,97,8,->,97,9,->,97,10,->,97,13,->,97,14,->,97,16,->,97,20,->,97,22,->,97,26,->,97,28,->,97,29,->,97,32,->,97,34,->,97,35,->,97,39,->,97,42,->,97,44,->,97,47,->,97,48,->,97,51,->,97,53,->,97,54,->,97,59,->,97,60,->,97,61,->,97,64,->,97,65,->,97,66,->,97,67,->,97,68,->,97,72,->,97,73,->,97,74,->,97,75,->,97,76,->,97,77,->,97,79,->,97,80,->,97,81,->,97,82,->,97,83,->,97,84,->,97,85,->,97,86,->,97,87,->,97,88,->,97,89,->,97,90,->,97,91,->,97,92,->,97,93,->,97,94,->,97,95,->,97,96,->,97,97,->,97,98,->,97,99,->,97,100,->,97,101,->,97,102,->,97,135,->,97,136,->,97,137,->,97,138,->,97,139,->,97,140,->,97,141,->,97,142,->,97,143,->,97,144,->,97,145,->,97,146,->,97,147,->,97,148,->,97,149,->,97,150,->,97,151,->,97,152,->,97,153,->,97,154,->,97,155,->,97,156,->,97,157,->,97,158,->,97,159,->,97,160,->,97,161,->,97,162,->,97,163,->,97,164,->,97,165,->,97,166,->,97,167,->,97,168,->,97,169,->,97,170,->,97,171,->,97,172,->,97,173,->,97,174,->,97,175,->,97,176,->,97,177,->,97,178,->,97,179,->,97,180,->,97,181,->,97,182,->,97,183,->,97,184,->,97,185,->,97,186,->,97,187,->,97,188,->,97,189,->,97,190,->,97,191,->,97,192,->,97,193,->,97,194,->,97,195,->,97,196,->,97,197,->,97,198,->,97,199,->,97,200,->,97,201,->,97,202,->,97,203,->,97,204,->,97,205,->,97,206,->,97,207,->,97,208,->,97,209,->,97,210,->,97,211,->,97,212,->,97,213,->,97,214,->,97,215,->,97,216,->,97,217,->,97,218,->,97,219,->,97,220,->,97,221,->,97,222,->,97,223,->,97,224,->,97,225,->,97,226,->,97,227,->,97,228,->,97,229,->,97,230,->,97,231,->,97,232,->,97,233,->,97,234,->,97,235,->,97,236,->,97,237,->,97,238,->,97,239,->,97,240,->,97,241,->,97,242,->,97,243,->,97,244,->,97,245,->,97,246,->,97,247,->,97,248,->,97,249,->,97,250,->,97,251,->,97,252,->,97,253,->,97,254,->,97,255,->,97,256,->,97,257,->,97,258,->,97,259,->,97,260,->,97,261,->,97,262,->,97,263,->,97,264,->,97,265,->,97,266,->,97,267,->,97,268,->,97,269,->,97,270,->,97,271,->,97,272,->,97,273,->,97,274,->,97,275,->,97,276,->,97,277,->,97,278,->,97,279,->,97,280,->,97,281,->,97,282,->,97,283,->,97,284,->,97,285,->,97,286,->,97,287,->,97,288,->,97,289,->,97,290,->,97,291,->,97,292,->,97,293,->,97,294,->,97,295,->,97,296,->,97,297,->,97,298,->,97,299,->,97,300,->,97,301,->,97,302,->,97,303,->,98,0,->,98,2,->,98,3,->,98,4,->,98,6,->,98,8,->,98,13,->,98,14,->,98,15,->,98,17,->,98,20,->,98,22,->,98,25,->,98,28,->,98,29,->,98,30,->,98,31,->,98,32,->,98,33,->,98,36,->,98,37,->,98,38,->,98,40,->,98,42,->,98,47,->,98,49,->,98,50,->,98,52,->,98,53,->,98,54,->,98,55,->,98,56,->,98,60,->,98,61,->,98,63,->,98,66,->,98,67,->,98,68,->,98,70,->,98,71,->,98,72,->,98,73,->,98,74,->,98,75,->,98,76,->,98,79,->,98,80,->,98,81,->,98,82,->,98,83,->,98,84,->,98,85,->,98,86,->,98,87,->,98,88,->,98,89,->,98,90,->,98,91,->,98,92,->,98,93,->,98,94,->,98,95,->,98,96,->,98,97,->,98,98,->,98,99,->,98,100,->,98,101,->,98,102,->,98,135,->,98,136,->,98,137,->,98,138,->,98,139,->,98,140,->,98,141,->,98,142,->,98,143,->,98,144,->,98,145,->,98,146,->,98,147,->,98,148,->,98,149,->,98,150,->,98,151,->,98,152,->,98,153,->,98,154,->,98,155,->,98,156,->,98,157,->,98,158,->,98,159,->,98,160,->,98,161,->,98,162,->,98,163,->,98,164,->,98,165,->,98,166,->,98,167,->,98,168,->,98,169,->,98,170,->,98,171,->,98,172,->,98,173,->,98,174,->,98,175,->,98,176,->,98,177,->,98,178,->,98,179,->,98,180,->,98,181,->,98,182,->,98,183,->,98,184,->,98,185,->,98,186,->,98,187,->,98,188,->,98,189,->,98,190,->,98,191,->,98,192,->,98,193,->,98,194,->,98,195,->,98,196,->,98,197,->,98,198,->,98,199,->,98,200,->,98,201,->,98,202,->,98,203,->,98,204,->,98,205,->,98,206,->,98,207,->,98,208,->,98,209,->,98,210,->,98,211,->,98,212,->,98,213,->,98,214,->,98,215,->,98,216,->,98,217,->,98,218,->,98,219,->,98,220,->,98,221,->,98,222,->,98,223,->,98,224,->,98,225,->,98,226,->,98,227,->,98,228,->,98,229,->,98,230,->,98,231,->,98,232,->,98,233,->,98,234,->,98,235,->,98,236,->,98,237,->,98,238,->,98,239,->,98,240,->,98,241,->,98,242,->,98,243,->,98,244,->,98,245,->,98,246,->,98,247,->,98,248,->,98,249,->,98,250,->,98,251,->,98,252,->,98,253,->,98,254,->,98,255,->,98,256,->,98,257,->,98,258,->,98,259,->,98,260,->,98,261,->,98,262,->,98,263,->,98,264,->,98,265,->,98,266,->,98,267,->,98,268,->,98,269,->,98,270,->,98,271,->,98,272,->,98,273,->,98,274,->,98,275,->,98,276,->,98,277,->,98,278,->,98,279,->,98,280,->,98,281,->,98,282,->,98,283,->,98,284,->,98,285,->,98,286,->,98,287,->,98,288,->,98,289,->,98,290,->,98,291,->,98,292,->,98,293,->,98,294,->,98,295,->,98,296,->,98,297,->,98,298,->,98,299,->,98,300,->,98,301,->,98,302,->,98,303,->,99,0,->,99,1,->,99,3,->,99,4,->,99,5,->,99,6,->,99,8,->,99,9,->,99,10,->,99,11,->,99,12,->,99,15,->,99,16,->,99,17,->,99,19,->,99,24,->,99,26,->,99,27,->,99,28,->,99,30,->,99,32,->,99,33,->,99,34,->,99,36,->,99,38,->,99,39,->,99,43,->,99,46,->,99,47,->,99,48,->,99,49,->,99,51,->,99,52,->,99,53,->,99,57,->,99,59,->,99,60,->,99,62,->,99,64,->,99,65,->,99,68,->,99,69,->,99,70,->,99,71,->,99,72,->,99,73,->,99,74,->,99,75,->,99,76,->,99,77,->,99,78,->,99,79,->,99,80,->,99,81,->,99,82,->,99,83,->,99,84,->,99,85,->,99,86,->,99,87,->,99,88,->,99,89,->,99,90,->,99,91,->,99,92,->,99,93,->,99,94,->,99,95,->,99,96,->,99,97,->,99,98,->,99,99,->,99,100,->,99,101,->,99,102,->,99,126,->,99,127,->,99,128,->,99,129,->,99,130,->,99,131,->,99,132,->,99,133,->,99,134,->,99,135,->,99,136,->,99,137,->,99,138,->,99,139,->,99,140,->,99,141,->,99,142,->,99,143,->,99,144,->,99,145,->,99,146,->,99,147,->,99,148,->,99,149,->,99,150,->,99,151,->,99,152,->,99,153,->,99,154,->,99,155,->,99,156,->,99,157,->,99,158,->,99,159,->,99,160,->,99,161,->,99,162,->,99,163,->,99,164,->,99,165,->,99,166,->,99,167,->,99,168,->,99,169,->,99,170,->,99,171,->,99,172,->,99,173,->,99,174,->,99,175,->,99,176,->,99,177,->,99,178,->,99,179,->,99,180,->,99,181,->,99,182,->,99,183,->,99,184,->,99,185,->,99,186,->,99,187,->,99,188,->,99,189,->,99,190,->,99,191,->,99,192,->,99,193,->,99,194,->,99,195,->,99,196,->,99,197,->,99,198,->,99,199,->,99,200,->,99,201,->,99,202,->,99,203,->,99,204,->,99,205,->,99,206,->,99,207,->,99,208,->,99,209,->,99,210,->,99,211,->,99,212,->,99,213,->,99,214,->,99,215,->,99,216,->,99,217,->,99,218,->,99,219,->,99,220,->,99,221,->,99,222,->,99,223,->,99,224,->,99,225,->,99,226,->,99,227,->,99,228,->,99,229,->,99,230,->,99,231,->,99,232,->,99,233,->,99,234,->,99,235,->,99,236,->,99,237,->,99,238,->,99,239,->,99,240,->,99,241,->,99,242,->,99,243,->,99,244,->,99,245,->,99,246,->,99,247,->,99,248,->,99,249,->,99,250,->,99,251,->,99,252,->,99,253,->,99,254,->,99,255,->,99,256,->,99,257,->,99,258,->,99,259,->,99,260,->,99,261,->,99,262,->,99,263,->,99,264,->,99,265,->,99,266,->,99,267,->,99,268,->,99,269,->,99,270,->,99,271,->,99,272,->,99,273,->,99,274,->,99,275,->,99,276,->,99,277,->,99,278,->,99,279,->,99,280,->,99,281,->,99,282,->,99,283,->,99,284,->,99,285,->,99,286,->,99,287,->,99,288,->,99,289,->,99,290,->,99,291,->,99,292,->,99,293,->,99,294,->,99,295,->,99,296,->,99,297,->,99,298,->,99,299,->,99,300,->,99,301,->,99,302,->,99,303,->,100,1,->,100,3,->,100,5,->,100,9,->,100,11,->,100,12,->,100,17,->,100,19,->,100,20,->,100,21,->,100,23,->,100,24,->,100,25,->,100,27,->,100,29,->,100,31,->,100,32,->,100,33,->,100,35,->,100,40,->,100,41,->,100,43,->,100,47,->,100,48,->,100,49,->,100,50,->,100,51,->,100,52,->,100,53,->,100,54,->,100,55,->,100,57,->,100,58,->,100,59,->,100,60,->,100,66,->,100,68,->,100,69,->,100,70,->,100,71,->,100,72,->,100,73,->,100,74,->,100,75,->,100,76,->,100,77,->,100,78,->,100,79,->,100,80,->,100,81,->,100,82,->,100,83,->,100,84,->,100,85,->,100,86,->,100,87,->,100,88,->,100,89,->,100,90,->,100,91,->,100,92,->,100,93,->,100,94,->,100,95,->,100,96,->,100,97,->,100,98,->,100,99,->,100,100,->,100,101,->,100,102,->,100,113,->,100,114,->,100,115,->,100,116,->,100,121,->,100,122,->,100,123,->,100,124,->,100,125,->,100,126,->,100,127,->,100,128,->,100,129,->,100,130,->,100,131,->,100,132,->,100,133,->,100,134,->,100,135,->,100,136,->,100,137,->,100,138,->,100,139,->,100,140,->,100,141,->,100,142,->,100,143,->,100,144,->,100,145,->,100,146,->,100,147,->,100,148,->,100,149,->,100,150,->,100,151,->,100,152,->,100,153,->,100,154,->,100,155,->,100,156,->,100,157,->,100,158,->,100,159,->,100,160,->,100,161,->,100,162,->,100,163,->,100,164,->,100,165,->,100,166,->,100,167,->,100,168,->,100,169,->,100,170,->,100,171,->,100,172,->,100,173,->,100,174,->,100,175,->,100,176,->,100,177,->,100,178,->,100,179,->,100,180,->,100,181,->,100,182,->,100,183,->,100,184,->,100,185,->,100,186,->,100,187,->,100,188,->,100,189,->,100,190,->,100,191,->,100,192,->,100,193,->,100,194,->,100,195,->,100,196,->,100,197,->,100,198,->,100,199,->,100,200,->,100,201,->,100,202,->,100,203,->,100,204,->,100,205,->,100,206,->,100,207,->,100,208,->,100,209,->,100,210,->,100,211,->,100,212,->,100,213,->,100,214,->,100,215,->,100,216,->,100,217,->,100,218,->,100,219,->,100,220,->,100,221,->,100,222,->,100,223,->,100,224,->,100,225,->,100,226,->,100,227,->,100,228,->,100,229,->,100,230,->,100,231,->,100,232,->,100,233,->,100,234,->,100,235,->,100,236,->,100,237,->,100,238,->,100,239,->,100,240,->,100,241,->,100,242,->,100,243,->,100,244,->,100,245,->,100,246,->,100,247,->,100,248,->,100,249,->,100,250,->,100,251,->,100,252,->,100,253,->,100,254,->,100,255,->,100,256,->,100,257,->,100,258,->,100,259,->,100,260,->,100,261,->,100,262,->,100,263,->,100,264,->,100,265,->,100,266,->,100,267,->,100,268,->,100,269,->,100,270,->,100,271,->,100,272,->,100,273,->,100,274,->,100,275,->,100,276,->,100,277,->,100,278,->,100,279,->,100,280,->,100,281,->,100,282,->,100,283,->,100,284,->,100,285,->,100,286,->,100,287,->,100,288,->,100,289,->,100,290,->,100,291,->,100,292,->,100,293,->,100,294,->,100,295,->,100,296,->,100,297,->,100,298,->,100,299,->,100,300,->,100,301,->,100,302,->,100,303,->,101,2,->,101,3,->,101,6,->,101,7,->,101,11,->,101,18,->,101,19,->,101,20,->,101,22,->,101,24,->,101,25,->,101,29,->,101,35,->,101,37,->,101,39,->,101,44,->,101,45,->,101,46,->,101,48,->,101,49,->,101,50,->,101,51,->,101,52,->,101,53,->,101,54,->,101,55,->,101,59,->,101,60,->,101,62,->,101,64,->,101,65,->,101,66,->,101,67,->,101,68,->,101,69,->,101,70,->,101,71,->,101,72,->,101,73,->,101,74,->,101,75,->,101,76,->,101,77,->,101,78,->,101,79,->,101,80,->,101,81,->,101,82,->,101,83,->,101,84,->,101,85,->,101,86,->,101,87,->,101,88,->,101,89,->,101,90,->,101,91,->,101,92,->,101,93,->,101,94,->,101,95,->,101,96,->,101,97,->,101,98,->,101,99,->,101,100,->,101,101,->,101,102,->,101,108,->,101,109,->,101,110,->,101,111,->,101,112,->,101,113,->,101,114,->,101,115,->,101,116,->,101,120,->,101,121,->,101,122,->,101,123,->,101,124,->,101,125,->,101,126,->,101,127,->,101,128,->,101,129,->,101,130,->,101,131,->,101,132,->,101,133,->,101,134,->,101,135,->,101,136,->,101,137,->,101,138,->,101,139,->,101,140,->,101,141,->,101,142,->,101,143,->,101,144,->,101,145,->,101,146,->,101,147,->,101,148,->,101,149,->,101,150,->,101,151,->,101,152,->,101,153,->,101,154,->,101,155,->,101,156,->,101,157,->,101,158,->,101,159,->,101,160,->,101,161,->,101,162,->,101,163,->,101,164,->,101,165,->,101,166,->,101,167,->,101,168,->,101,169,->,101,170,->,101,171,->,101,172,->,101,173,->,101,174,->,101,175,->,101,176,->,101,177,->,101,178,->,101,179,->,101,180,->,101,181,->,101,182,->,101,183,->,101,184,->,101,185,->,101,186,->,101,187,->,101,188,->,101,189,->,101,190,->,101,191,->,101,192,->,101,193,->,101,194,->,101,195,->,101,196,->,101,197,->,101,198,->,101,199,->,101,200,->,101,201,->,101,202,->,101,203,->,101,204,->,101,205,->,101,206,->,101,207,->,101,208,->,101,209,->,101,210,->,101,211,->,101,212,->,101,213,->,101,214,->,101,215,->,101,216,->,101,217,->,101,218,->,101,219,->,101,220,->,101,221,->,101,222,->,101,223,->,101,224,->,101,225,->,101,226,->,101,227,->,101,228,->,101,229,->,101,230,->,101,231,->,101,232,->,101,233,->,101,234,->,101,235,->,101,236,->,101,237,->,101,238,->,101,239,->,101,240,->,101,241,->,101,242,->,101,243,->,101,244,->,101,245,->,101,246,->,101,247,->,101,248,->,101,249,->,101,250,->,101,251,->,101,252,->,101,253,->,101,254,->,101,255,->,101,256,->,101,257,->,101,258,->,101,259,->,101,260,->,101,261,->,101,262,->,101,263,->,101,264,->,101,265,->,101,266,->,101,267,->,101,268,->,101,269,->,101,270,->,101,271,->,101,272,->,101,273,->,101,274,->,101,275,->,101,276,->,101,277,->,101,278,->,101,279,->,101,280,->,101,281,->,101,282,->,101,283,->,101,284,->,101,285,->,101,286,->,101,287,->,101,288,->,101,289,->,101,290,->,101,291,->,101,292,->,101,293,->,101,294,->,101,295,->,101,296,->,101,297,->,101,298,->,101,299,->,101,300,->,101,301,->,101,302,->,101,303,->,102,0,->,102,2,->,102,3,->,102,6,->,102,8,->,102,9,->,102,13,->,102,14,->,102,16,->,102,18,->,102,21,->,102,23,->,102,24,->,102,25,->,102,27,->,102,29,->,102,30,->,102,31,->,102,32,->,102,37,->,102,38,->,102,39,->,102,40,->,102,44,->,102,48,->,102,49,->,102,50,->,102,51,->,102,52,->,102,53,->,102,54,->,102,56,->,102,58,->,102,60,->,102,63,->,102,64,->,102,65,->,102,66,->,102,67,->,102,69,->,102,70,->,102,71,->,102,72,->,102,73,->,102,74,->,102,76,->,102,77,->,102,79,->,102,80,->,102,81,->,102,82,->,102,83,->,102,84,->,102,85,->,102,86,->,102,87,->,102,88,->,102,89,->,102,90,->,102,91,->,102,92,->,102,93,->,102,94,->,102,95,->,102,96,->,102,97,->,102,98,->,102,99,->,102,100,->,102,107,->,102,108,->,102,109,->,102,110,->,102,111,->,102,112,->,102,113,->,102,114,->,102,115,->,102,116,->,102,117,->,102,118,->,102,119,->,102,120,->,102,121,->,102,122,->,102,123,->,102,124,->,102,125,->,102,126,->,102,127,->,102,128,->,102,129,->,102,130,->,102,131,->,102,132,->,102,133,->,102,134,->,102,135,->,102,136,->,102,137,->,102,138,->,102,139,->,102,140,->,102,141,->,102,142,->,102,143,->,102,144,->,102,145,->,102,146,->,102,147,->,102,148,->,102,149,->,102,150,->,102,151,->,102,152,->,102,153,->,102,154,->,102,155,->,102,156,->,102,157,->,102,158,->,102,159,->,102,160,->,102,161,->,102,162,->,102,163,->,102,164,->,102,165,->,102,166,->,102,167,->,102,168,->,102,169,->,102,170,->,102,171,->,102,172,->,102,173,->,102,174,->,102,175,->,102,176,->,102,177,->,102,178,->,102,179,->,102,180,->,102,181,->,102,182,->,102,183,->,102,184,->,102,185,->,102,186,->,102,187,->,102,188,->,102,189,->,102,190,->,102,191,->,102,192,->,102,193,->,102,194,->,102,195,->,102,196,->,102,197,->,102,198,->,102,199,->,102,200,->,102,201,->,102,202,->,102,203,->,102,204,->,102,205,->,102,206,->,102,207,->,102,208,->,102,209,->,102,210,->,102,211,->,102,212,->,102,213,->,102,214,->,102,215,->,102,216,->,102,217,->,102,218,->,102,219,->,102,220,->,102,221,->,102,222,->,102,223,->,102,224,->,102,225,->,102,226,->,102,227,->,102,228,->,102,229,->,102,230,->,102,231,->,102,232,->,102,233,->,102,234,->,102,235,->,102,236,->,102,237,->,102,238,->,102,239,->,102,240,->,102,241,->,102,242,->,102,243,->,102,244,->,102,245,->,102,246,->,102,247,->,102,248,->,102,249,->,102,250,->,102,251,->,102,252,->,102,253,->,102,254,->,102,255,->,102,256,->,102,257,->,102,258,->,102,259,->,102,260,->,102,261,->,102,262,->,102,263,->,102,264,->,102,265,->,102,266,->,102,267,->,102,268,->,102,269,->,102,270,->,102,271,->,102,272,->,102,273,->,102,274,->,102,275,->,102,276,->,102,277,->,102,278,->,102,279,->,102,280,->,102,281,->,102,282,->,102,283,->,102,284,->,102,285,->,102,286,->,102,287,->,102,288,->,102,289,->,102,290,->,102,291,->,102,292,->,102,293,->,102,294,->,102,295,->,102,296,->,102,297,->,102,298,->,102,299,->,102,300,->,102,301,->,102,302,->,102,303,->,103,0,->,103,1,->,103,2,->,103,3,->,103,4,->,103,7,->,103,10,->,103,11,->,103,12,->,103,17,->,103,18,->,103,19,->,103,21,->,103,22,->,103,23,->,103,24,->,103,27,->,103,28,->,103,29,->,103,30,->,103,31,->,103,39,->,103,41,->,103,42,->,103,43,->,103,45,->,103,46,->,103,48,->,103,49,->,103,50,->,103,51,->,103,52,->,103,53,->,103,54,->,103,56,->,103,59,->,103,60,->,103,62,->,103,65,->,103,67,->,103,68,->,103,69,->,103,70,->,103,71,->,103,72,->,103,73,->,103,74,->,103,77,->,103,79,->,103,80,->,103,81,->,103,82,->,103,83,->,103,84,->,103,85,->,103,86,->,103,87,->,103,88,->,103,89,->,103,90,->,103,91,->,103,92,->,103,93,->,103,94,->,103,95,->,103,96,->,103,97,->,103,98,->,103,99,->,103,106,->,103,107,->,103,108,->,103,109,->,103,110,->,103,111,->,103,112,->,103,113,->,103,114,->,103,115,->,103,116,->,103,117,->,103,118,->,103,119,->,103,120,->,103,121,->,103,122,->,103,123,->,103,124,->,103,125,->,103,126,->,103,127,->,103,128,->,103,129,->,103,130,->,103,131,->,103,132,->,103,133,->,103,134,->,103,135,->,103,136,->,103,137,->,103,138,->,103,139,->,103,140,->,103,141,->,103,142,->,103,143,->,103,144,->,103,145,->,103,146,->,103,147,->,103,148,->,103,149,->,103,150,->,103,151,->,103,152,->,103,153,->,103,154,->,103,155,->,103,156,->,103,157,->,103,158,->,103,159,->,103,160,->,103,161,->,103,162,->,103,163,->,103,164,->,103,165,->,103,166,->,103,167,->,103,168,->,103,169,->,103,170,->,103,171,->,103,172,->,103,173,->,103,174,->,103,175,->,103,176,->,103,177,->,103,178,->,103,179,->,103,180,->,103,181,->,103,182,->,103,183,->,103,184,->,103,185,->,103,186,->,103,187,->,103,188,->,103,189,->,103,190,->,103,191,->,103,192,->,103,193,->,103,194,->,103,195,->,103,196,->,103,197,->,103,198,->,103,199,->,103,200,->,103,201,->,103,202,->,103,203,->,103,204,->,103,205,->,103,206,->,103,207,->,103,208,->,103,209,->,103,210,->,103,211,->,103,212,->,103,213,->,103,214,->,103,215,->,103,216,->,103,217,->,103,218,->,103,219,->,103,220,->,103,221,->,103,222,->,103,223,->,103,224,->,103,225,->,103,226,->,103,227,->,103,228,->,103,229,->,103,230,->,103,231,->,103,232,->,103,233,->,103,234,->,103,235,->,103,236,->,103,237,->,103,238,->,103,239,->,103,240,->,103,241,->,103,242,->,103,243,->,103,244,->,103,245,->,103,246,->,103,247,->,103,248,->,103,249,->,103,250,->,103,251,->,103,252,->,103,253,->,103,254,->,103,255,->,103,256,->,103,257,->,103,258,->,103,259,->,103,260,->,103,261,->,103,262,->,103,263,->,103,264,->,103,265,->,103,266,->,103,267,->,103,268,->,103,269,->,103,270,->,103,271,->,103,272,->,103,273,->,103,274,->,103,275,->,103,276,->,103,277,->,103,278,->,103,279,->,103,280,->,103,281,->,103,282,->,103,283,->,103,284,->,103,285,->,103,286,->,103,287,->,103,288,->,103,289,->,103,290,->,103,291,->,103,292,->,103,293,->,103,294,->,103,295,->,103,296,->,103,297,->,103,298,->,103,299,->,103,300,->,103,301,->,103,302,->,103,303,->,104,0,->,104,1,->,104,2,->,104,3,->,104,7,->,104,10,->,104,11,->,104,12,->,104,14,->,104,20,->,104,21,->,104,22,->,104,23,->,104,24,->,104,25,->,104,27,->,104,28,->,104,30,->,104,31,->,104,33,->,104,37,->,104,38,->,104,40,->,104,41,->,104,42,->,104,45,->,104,47,->,104,48,->,104,49,->,104,50,->,104,51,->,104,52,->,104,53,->,104,54,->,104,55,->,104,56,->,104,57,->,104,58,->,104,60,->,104,62,->,104,63,->,104,64,->,104,65,->,104,67,->,104,68,->,104,71,->,104,72,->,104,73,->,104,77,->,104,79,->,104,80,->,104,81,->,104,82,->,104,83,->,104,84,->,104,85,->,104,86,->,104,87,->,104,88,->,104,89,->,104,90,->,104,91,->,104,92,->,104,93,->,104,94,->,104,95,->,104,96,->,104,97,->,104,98,->,104,99,->,104,100,->,104,105,->,104,106,->,104,107,->,104,108,->,104,109,->,104,110,->,104,111,->,104,112,->,104,113,->,104,114,->,104,115,->,104,116,->,104,117,->,104,118,->,104,119,->,104,120,->,104,121,->,104,122,->,104,123,->,104,124,->,104,125,->,104,126,->,104,127,->,104,128,->,104,129,->,104,130,->,104,131,->,104,132,->,104,133,->,104,134,->,104,135,->,104,136,->,104,137,->,104,138,->,104,139,->,104,140,->,104,141,->,104,142,->,104,143,->,104,144,->,104,145,->,104,146,->,104,147,->,104,148,->,104,149,->,104,150,->,104,151,->,104,152,->,104,153,->,104,154,->,104,155,->,104,156,->,104,157,->,104,158,->,104,159,->,104,160,->,104,161,->,104,162,->,104,163,->,104,164,->,104,165,->,104,166,->,104,167,->,104,168,->,104,169,->,104,170,->,104,171,->,104,172,->,104,173,->,104,174,->,104,175,->,104,176,->,104,177,->,104,178,->,104,179,->,104,180,->,104,181,->,104,182,->,104,183,->,104,184,->,104,185,->,104,186,->,104,187,->,104,188,->,104,189,->,104,190,->,104,191,->,104,192,->,104,193,->,104,194,->,104,195,->,104,196,->,104,197,->,104,198,->,104,199,->,104,200,->,104,201,->,104,202,->,104,203,->,104,204,->,104,205,->,104,206,->,104,207,->,104,208,->,104,209,->,104,210,->,104,211,->,104,212,->,104,213,->,104,214,->,104,215,->,104,216,->,104,217,->,104,218,->,104,219,->,104,220,->,104,221,->,104,222,->,104,223,->,104,224,->,104,225,->,104,226,->,104,227,->,104,228,->,104,229,->,104,230,->,104,231,->,104,232,->,104,233,->,104,234,->,104,235,->,104,236,->,104,237,->,104,238,->,104,239,->,104,240,->,104,241,->,104,242,->,104,243,->,104,244,->,104,245,->,104,246,->,104,247,->,104,248,->,104,249,->,104,250,->,104,251,->,104,252,->,104,253,->,104,254,->,104,255,->,104,256,->,104,257,->,104,258,->,104,259,->,104,260,->,104,261,->,104,262,->,104,263,->,104,264,->,104,265,->,104,266,->,104,267,->,104,268,->,104,269,->,104,270,->,104,271,->,104,272,->,104,273,->,104,274,->,104,275,->,104,276,->,104,277,->,104,278,->,104,279,->,104,280,->,104,281,->,104,282,->,104,283,->,104,284,->,104,285,->,104,286,->,104,287,->,104,288,->,104,289,->,104,290,->,104,291,->,104,292,->,104,293,->,104,294,->,104,295,->,104,296,->,104,297,->,104,298,->,104,299,->,104,300,->,104,301,->,104,302,->,104,303,->,105,0,->,105,1,->,105,2,->,105,4,->,105,5,->,105,8,->,105,11,->,105,12,->,105,13,->,105,15,->,105,20,->,105,21,->,105,24,->,105,25,->,105,28,->,105,32,->,105,33,->,105,34,->,105,38,->,105,39,->,105,41,->,105,44,->,105,45,->,105,46,->,105,48,->,105,49,->,105,50,->,105,51,->,105,52,->,105,53,->,105,55,->,105,56,->,105,59,->,105,60,->,105,62,->,105,65,->,105,66,->,105,67,->,105,68,->,105,71,->,105,80,->,105,81,->,105,82,->,105,83,->,105,84,->,105,85,->,105,86,->,105,87,->,105,88,->,105,89,->,105,90,->,105,91,->,105,92,->,105,93,->,105,94,->,105,95,->,105,96,->,105,97,->,105,98,->,105,99,->,105,105,->,105,106,->,105,107,->,105,108,->,105,109,->,105,110,->,105,111,->,105,112,->,105,113,->,105,114,->,105,115,->,105,116,->,105,117,->,105,118,->,105,119,->,105,120,->,105,121,->,105,122,->,105,123,->,105,124,->,105,125,->,105,126,->,105,127,->,105,128,->,105,129,->,105,130,->,105,131,->,105,132,->,105,133,->,105,134,->,105,135,->,105,136,->,105,137,->,105,138,->,105,139,->,105,140,->,105,141,->,105,142,->,105,143,->,105,144,->,105,145,->,105,146,->,105,147,->,105,148,->,105,149,->,105,150,->,105,151,->,105,152,->,105,153,->,105,154,->,105,155,->,105,156,->,105,157,->,105,158,->,105,159,->,105,160,->,105,161,->,105,162,->,105,163,->,105,164,->,105,165,->,105,166,->,105,167,->,105,168,->,105,169,->,105,170,->,105,171,->,105,172,->,105,173,->,105,174,->,105,175,->,105,176,->,105,177,->,105,178,->,105,179,->,105,180,->,105,181,->,105,182,->,105,183,->,105,184,->,105,185,->,105,186,->,105,187,->,105,188,->,105,189,->,105,190,->,105,191,->,105,192,->,105,193,->,105,194,->,105,195,->,105,196,->,105,197,->,105,198,->,105,199,->,105,200,->,105,201,->,105,202,->,105,203,->,105,204,->,105,205,->,105,206,->,105,207,->,105,208,->,105,209,->,105,210,->,105,211,->,105,212,->,105,213,->,105,214,->,105,215,->,105,216,->,105,217,->,105,218,->,105,219,->,105,220,->,105,221,->,105,222,->,105,223,->,105,224,->,105,225,->,105,226,->,105,227,->,105,228,->,105,229,->,105,230,->,105,231,->,105,232,->,105,233,->,105,234,->,105,235,->,105,236,->,105,237,->,105,238,->,105,239,->,105,240,->,105,241,->,105,242,->,105,243,->,105,244,->,105,245,->,105,246,->,105,247,->,105,248,->,105,249,->,105,250,->,105,251,->,105,252,->,105,253,->,105,254,->,105,255,->,105,256,->,105,257,->,105,258,->,105,259,->,105,260,->,105,261,->,105,262,->,105,263,->,105,264,->,105,265,->,105,266,->,105,267,->,105,268,->,105,269,->,105,270,->,105,271,->,105,272,->,105,273,->,105,274,->,105,275,->,105,276,->,105,277,->,105,278,->,105,279,->,105,280,->,105,281,->,105,282,->,105,283,->,105,284,->,105,285,->,105,286,->,105,287,->,105,288,->,105,289,->,105,290,->,105,291,->,105,292,->,105,293,->,105,294,->,105,295,->,105,296,->,105,297,->,105,298,->,105,299,->,105,300,->,105,301,->,105,302,->,105,303,->,106,0,->,106,4,->,106,5,->,106,7,->,106,14,->,106,15,->,106,16,->,106,21,->,106,22,->,106,23,->,106,24,->,106,25,->,106,26,->,106,27,->,106,28,->,106,29,->,106,30,->,106,31,->,106,32,->,106,33,->,106,34,->,106,35,->,106,36,->,106,37,->,106,38,->,106,39,->,106,40,->,106,41,->,106,43,->,106,44,->,106,45,->,106,49,->,106,50,->,106,51,->,106,53,->,106,54,->,106,55,->,106,56,->,106,58,->,106,59,->,106,60,->,106,61,->,106,63,->,106,64,->,106,66,->,106,67,->,106,71,->,106,72,->,106,77,->,106,81,->,106,82,->,106,83,->,106,84,->,106,85,->,106,86,->,106,87,->,106,88,->,106,89,->,106,90,->,106,91,->,106,92,->,106,93,->,106,94,->,106,95,->,106,96,->,106,97,->,106,98,->,106,99,->,106,104,->,106,105,->,106,106,->,106,107,->,106,108,->,106,109,->,106,110,->,106,111,->,106,112,->,106,113,->,106,114,->,106,115,->,106,116,->,106,117,->,106,118,->,106,119,->,106,120,->,106,121,->,106,122,->,106,123,->,106,124,->,106,125,->,106,126,->,106,127,->,106,128,->,106,129,->,106,130,->,106,131,->,106,132,->,106,133,->,106,134,->,106,135,->,106,136,->,106,137,->,106,138,->,106,139,->,106,140,->,106,141,->,106,142,->,106,143,->,106,144,->,106,145,->,106,146,->,106,147,->,106,148,->,106,149,->,106,150,->,106,151,->,106,152,->,106,153,->,106,154,->,106,155,->,106,156,->,106,157,->,106,158,->,106,159,->,106,160,->,106,161,->,106,162,->,106,163,->,106,164,->,106,165,->,106,166,->,106,167,->,106,168,->,106,169,->,106,170,->,106,171,->,106,172,->,106,173,->,106,174,->,106,175,->,106,176,->,106,177,->,106,178,->,106,179,->,106,180,->,106,181,->,106,182,->,106,183,->,106,184,->,106,185,->,106,186,->,106,187,->,106,188,->,106,189,->,106,190,->,106,191,->,106,192,->,106,193,->,106,194,->,106,195,->,106,196,->,106,197,->,106,198,->,106,199,->,106,200,->,106,201,->,106,202,->,106,203,->,106,204,->,106,205,->,106,206,->,106,207,->,106,208,->,106,209,->,106,210,->,106,211,->,106,212,->,106,213,->,106,214,->,106,215,->,106,216,->,106,217,->,106,218,->,106,219,->,106,220,->,106,221,->,106,222,->,106,223,->,106,224,->,106,225,->,106,226,->,106,227,->,106,228,->,106,229,->,106,230,->,106,231,->,106,232,->,106,233,->,106,234,->,106,235,->,106,236,->,106,237,->,106,238,->,106,239,->,106,240,->,106,241,->,106,242,->,106,243,->,106,244,->,106,245,->,106,246,->,106,247,->,106,248,->,106,249,->,106,250,->,106,251,->,106,252,->,106,253,->,106,254,->,106,255,->,106,256,->,106,257,->,106,258,->,106,259,->,106,260,->,106,261,->,106,262,->,106,263,->,106,264,->,106,265,->,106,266,->,106,267,->,106,268,->,106,269,->,106,270,->,106,271,->,106,272,->,106,273,->,106,274,->,106,275,->,106,276,->,106,277,->,106,278,->,106,279,->,106,280,->,106,281,->,106,282,->,106,283,->,106,284,->,106,285,->,106,286,->,106,287,->,106,288,->,106,289,->,106,290,->,106,291,->,106,292,->,106,293,->,106,294,->,106,295,->,106,296,->,106,297,->,106,298,->,106,299,->,106,300,->,106,301,->,106,302,->,106,303,->,107,0,->,107,1,->,107,2,->,107,5,->,107,6,->,107,7,->,107,9,->,107,12,->,107,17,->,107,24,->,107,27,->,107,28,->,107,30,->,107,31,->,107,32,->,107,33,->,107,34,->,107,35,->,107,36,->,107,37,->,107,38,->,107,39,->,107,40,->,107,41,->,107,43,->,107,46,->,107,49,->,107,50,->,107,52,->,107,53,->,107,58,->,107,59,->,107,62,->,107,64,->,107,66,->,107,68,->,107,70,->,107,71,->,107,72,->,107,73,->,107,81,->,107,82,->,107,83,->,107,84,->,107,85,->,107,86,->,107,87,->,107,88,->,107,89,->,107,90,->,107,91,->,107,92,->,107,93,->,107,94,->,107,95,->,107,96,->,107,97,->,107,98,->,107,104,->,107,105,->,107,106,->,107,107,->,107,108,->,107,109,->,107,110,->,107,111,->,107,112,->,107,113,->,107,114,->,107,115,->,107,116,->,107,117,->,107,118,->,107,119,->,107,120,->,107,121,->,107,122,->,107,123,->,107,124,->,107,125,->,107,126,->,107,127,->,107,128,->,107,129,->,107,130,->,107,131,->,107,132,->,107,133,->,107,134,->,107,135,->,107,136,->,107,137,->,107,138,->,107,139,->,107,140,->,107,141,->,107,142,->,107,143,->,107,144,->,107,145,->,107,146,->,107,147,->,107,148,->,107,149,->,107,150,->,107,151,->,107,152,->,107,153,->,107,154,->,107,155,->,107,156,->,107,157,->,107,158,->,107,159,->,107,160,->,107,161,->,107,162,->,107,163,->,107,164,->,107,165,->,107,166,->,107,167,->,107,168,->,107,169,->,107,170,->,107,171,->,107,172,->,107,173,->,107,174,->,107,175,->,107,176,->,107,177,->,107,178,->,107,179,->,107,180,->,107,181,->,107,182,->,107,183,->,107,184,->,107,185,->,107,186,->,107,187,->,107,188,->,107,189,->,107,190,->,107,191,->,107,192,->,107,193,->,107,194,->,107,195,->,107,196,->,107,197,->,107,198,->,107,199,->,107,200,->,107,201,->,107,202,->,107,203,->,107,204,->,107,205,->,107,206,->,107,207,->,107,208,->,107,209,->,107,210,->,107,211,->,107,212,->,107,213,->,107,214,->,107,215,->,107,216,->,107,217,->,107,218,->,107,219,->,107,220,->,107,221,->,107,222,->,107,223,->,107,224,->,107,225,->,107,226,->,107,227,->,107,228,->,107,229,->,107,230,->,107,231,->,107,232,->,107,233,->,107,234,->,107,235,->,107,236,->,107,237,->,107,238,->,107,239,->,107,240,->,107,241,->,107,242,->,107,243,->,107,244,->,107,245,->,107,246,->,107,247,->,107,248,->,107,249,->,107,250,->,107,251,->,107,252,->,107,253,->,107,254,->,107,255,->,107,256,->,107,257,->,107,258,->,107,259,->,107,260,->,107,261,->,107,262,->,107,263,->,107,264,->,107,265,->,107,266,->,107,267,->,107,268,->,107,269,->,107,270,->,107,271,->,107,272,->,107,273,->,107,274,->,107,275,->,107,276,->,107,277,->,107,278,->,107,279,->,107,280,->,107,281,->,107,282,->,107,283,->,107,284,->,107,285,->,107,286,->,107,287,->,107,288,->,107,289,->,107,290,->,107,291,->,107,292,->,107,293,->,107,294,->,107,295,->,107,296,->,107,297,->,107,298,->,107,299,->,107,300,->,107,301,->,107,302,->,107,303,->,108,0,->,108,1,->,108,3,->,108,5,->,108,8,->,108,9,->,108,12,->,108,13,->,108,15,->,108,17,->,108,18,->,108,20,->,108,21,->,108,26,->,108,31,->,108,32,->,108,33,->,108,34,->,108,35,->,108,36,->,108,37,->,108,39,->,108,41,->,108,42,->,108,44,->,108,45,->,108,50,->,108,51,->,108,57,->,108,58,->,108,59,->,108,61,->,108,63,->,108,64,->,108,66,->,108,67,->,108,68,->,108,70,->,108,71,->,108,73,->,108,82,->,108,83,->,108,84,->,108,85,->,108,86,->,108,87,->,108,88,->,108,89,->,108,90,->,108,91,->,108,92,->,108,93,->,108,94,->,108,95,->,108,96,->,108,97,->,108,98,->,108,104,->,108,105,->,108,106,->,108,107,->,108,108,->,108,109,->,108,110,->,108,111,->,108,112,->,108,113,->,108,114,->,108,115,->,108,116,->,108,117,->,108,118,->,108,119,->,108,120,->,108,121,->,108,122,->,108,123,->,108,124,->,108,125,->,108,126,->,108,127,->,108,128,->,108,129,->,108,130,->,108,131,->,108,132,->,108,133,->,108,134,->,108,135,->,108,136,->,108,137,->,108,138,->,108,139,->,108,140,->,108,141,->,108,142,->,108,143,->,108,144,->,108,145,->,108,146,->,108,147,->,108,148,->,108,149,->,108,150,->,108,151,->,108,152,->,108,153,->,108,154,->,108,155,->,108,156,->,108,157,->,108,158,->,108,159,->,108,160,->,108,161,->,108,162,->,108,163,->,108,164,->,108,165,->,108,166,->,108,167,->,108,168,->,108,169,->,108,170,->,108,171,->,108,172,->,108,173,->,108,174,->,108,175,->,108,176,->,108,177,->,108,178,->,108,179,->,108,180,->,108,181,->,108,182,->,108,183,->,108,184,->,108,185,->,108,186,->,108,187,->,108,188,->,108,189,->,108,190,->,108,191,->,108,192,->,108,193,->,108,194,->,108,195,->,108,196,->,108,197,->,108,198,->,108,199,->,108,200,->,108,201,->,108,202,->,108,203,->,108,204,->,108,205,->,108,206,->,108,207,->,108,208,->,108,209,->,108,210,->,108,211,->,108,212,->,108,213,->,108,214,->,108,215,->,108,216,->,108,217,->,108,218,->,108,219,->,108,220,->,108,221,->,108,222,->,108,223,->,108,224,->,108,225,->,108,226,->,108,227,->,108,228,->,108,229,->,108,230,->,108,231,->,108,232,->,108,233,->,108,234,->,108,235,->,108,236,->,108,237,->,108,238,->,108,239,->,108,240,->,108,241,->,108,242,->,108,243,->,108,244,->,108,245,->,108,246,->,108,247,->,108,248,->,108,249,->,108,250,->,108,251,->,108,252,->,108,253,->,108,254,->,108,255,->,108,256,->,108,257,->,108,258,->,108,259,->,108,260,->,108,261,->,108,262,->,108,263,->,108,264,->,108,265,->,108,266,->,108,267,->,108,268,->,108,269,->,108,270,->,108,271,->,108,272,->,108,273,->,108,274,->,108,275,->,108,276,->,108,277,->,108,278,->,108,279,->,108,280,->,108,281,->,108,282,->,108,283,->,108,284,->,108,285,->,108,286,->,108,287,->,108,288,->,108,289,->,108,290,->,108,291,->,108,292,->,108,293,->,108,294,->,108,295,->,108,296,->,108,297,->,108,298,->,108,299,->,108,300,->,108,301,->,108,302,->,108,303,->,109,2,->,109,4,->,109,6,->,109,11,->,109,12,->,109,14,->,109,17,->,109,19,->,109,20,->,109,21,->,109,22,->,109,23,->,109,25,->,109,27,->,109,28,->,109,29,->,109,31,->,109,32,->,109,33,->,109,34,->,109,35,->,109,36,->,109,37,->,109,38,->,109,39,->,109,40,->,109,41,->,109,42,->,109,43,->,109,46,->,109,47,->,109,49,->,109,50,->,109,52,->,109,53,->,109,54,->,109,57,->,109,58,->,109,59,->,109,61,->,109,62,->,109,63,->,109,64,->,109,67,->,109,70,->,109,71,->,109,72,->,109,75,->,109,82,->,109,83,->,109,84,->,109,85,->,109,86,->,109,87,->,109,88,->,109,89,->,109,90,->,109,91,->,109,92,->,109,93,->,109,94,->,109,95,->,109,96,->,109,97,->,109,104,->,109,105,->,109,106,->,109,107,->,109,108,->,109,109,->,109,110,->,109,111,->,109,112,->,109,113,->,109,114,->,109,115,->,109,116,->,109,117,->,109,118,->,109,119,->,109,120,->,109,121,->,109,122,->,109,123,->,109,124,->,109,125,->,109,126,->,109,127,->,109,128,->,109,129,->,109,130,->,109,131,->,109,132,->,109,133,->,109,134,->,109,135,->,109,136,->,109,137,->,109,138,->,109,139,->,109,140,->,109,141,->,109,142,->,109,143,->,109,144,->,109,145,->,109,146,->,109,147,->,109,148,->,109,149,->,109,150,->,109,151,->,109,152,->,109,153,->,109,154,->,109,155,->,109,156,->,109,157,->,109,158,->,109,159,->,109,160,->,109,161,->,109,162,->,109,163,->,109,164,->,109,165,->,109,166,->,109,167,->,109,168,->,109,169,->,109,170,->,109,171,->,109,172,->,109,173,->,109,174,->,109,175,->,109,176,->,109,177,->,109,178,->,109,179,->,109,180,->,109,181,->,109,182,->,109,183,->,109,184,->,109,185,->,109,186,->,109,187,->,109,188,->,109,189,->,109,190,->,109,191,->,109,192,->,109,193,->,109,194,->,109,195,->,109,196,->,109,197,->,109,198,->,109,199,->,109,200,->,109,201,->,109,202,->,109,203,->,109,204,->,109,205,->,109,206,->,109,207,->,109,208,->,109,209,->,109,210,->,109,211,->,109,212,->,109,213,->,109,214,->,109,215,->,109,216,->,109,217,->,109,218,->,109,219,->,109,220,->,109,221,->,109,222,->,109,223,->,109,224,->,109,225,->,109,226,->,109,227,->,109,228,->,109,229,->,109,230,->,109,231,->,109,232,->,109,233,->,109,234,->,109,235,->,109,236,->,109,237,->,109,238,->,109,239,->,109,240,->,109,241,->,109,242,->,109,243,->,109,244,->,109,245,->,109,246,->,109,247,->,109,248,->,109,249,->,109,250,->,109,251,->,109,252,->,109,253,->,109,254,->,109,255,->,109,256,->,109,257,->,109,258,->,109,259,->,109,260,->,109,261,->,109,262,->,109,263,->,109,264,->,109,265,->,109,266,->,109,267,->,109,268,->,109,269,->,109,270,->,109,271,->,109,272,->,109,273,->,109,274,->,109,275,->,109,276,->,109,277,->,109,278,->,109,279,->,109,280,->,109,281,->,109,282,->,109,283,->,109,284,->,109,285,->,109,286,->,109,287,->,109,288,->,109,289,->,109,290,->,109,291,->,109,292,->,109,293,->,109,294,->,109,295,->,109,296,->,109,297,->,109,298,->,109,299,->,109,300,->,109,301,->,109,302,->,109,303,->,110,0,->,110,1,->,110,2,->,110,7,->,110,12,->,110,13,->,110,19,->,110,20,->,110,21,->,110,22,->,110,23,->,110,25,->,110,26,->,110,27,->,110,28,->,110,30,->,110,31,->,110,32,->,110,33,->,110,34,->,110,35,->,110,36,->,110,37,->,110,38,->,110,39,->,110,40,->,110,41,->,110,42,->,110,43,->,110,44,->,110,45,->,110,46,->,110,48,->,110,53,->,110,54,->,110,55,->,110,56,->,110,57,->,110,58,->,110,59,->,110,60,->,110,61,->,110,62,->,110,63,->,110,64,->,110,65,->,110,68,->,110,71,->,110,72,->,110,74,->,110,75,->,110,77,->,110,78,->,110,83,->,110,84,->,110,85,->,110,86,->,110,87,->,110,88,->,110,89,->,110,90,->,110,91,->,110,92,->,110,93,->,110,94,->,110,95,->,110,96,->,110,97,->,110,104,->,110,105,->,110,106,->,110,107,->,110,108,->,110,109,->,110,110,->,110,111,->,110,112,->,110,113,->,110,114,->,110,115,->,110,116,->,110,117,->,110,118,->,110,119,->,110,120,->,110,121,->,110,122,->,110,123,->,110,124,->,110,125,->,110,126,->,110,127,->,110,128,->,110,129,->,110,130,->,110,131,->,110,132,->,110,133,->,110,134,->,110,135,->,110,136,->,110,137,->,110,138,->,110,139,->,110,140,->,110,141,->,110,142,->,110,143,->,110,144,->,110,145,->,110,146,->,110,147,->,110,148,->,110,149,->,110,150,->,110,151,->,110,152,->,110,153,->,110,154,->,110,155,->,110,156,->,110,157,->,110,158,->,110,159,->,110,160,->,110,161,->,110,162,->,110,163,->,110,164,->,110,165,->,110,166,->,110,167,->,110,168,->,110,169,->,110,170,->,110,171,->,110,172,->,110,173,->,110,174,->,110,175,->,110,176,->,110,177,->,110,178,->,110,179,->,110,180,->,110,181,->,110,182,->,110,183,->,110,184,->,110,185,->,110,186,->,110,187,->,110,188,->,110,189,->,110,190,->,110,191,->,110,192,->,110,193,->,110,194,->,110,195,->,110,196,->,110,197,->,110,198,->,110,199,->,110,200,->,110,201,->,110,202,->,110,203,->,110,204,->,110,205,->,110,206,->,110,207,->,110,208,->,110,209,->,110,210,->,110,211,->,110,212,->,110,213,->,110,214,->,110,215,->,110,216,->,110,217,->,110,218,->,110,219,->,110,220,->,110,221,->,110,222,->,110,223,->,110,224,->,110,225,->,110,226,->,110,227,->,110,228,->,110,229,->,110,230,->,110,231,->,110,232,->,110,233,->,110,234,->,110,235,->,110,236,->,110,237,->,110,238,->,110,239,->,110,240,->,110,241,->,110,242,->,110,243,->,110,244,->,110,245,->,110,246,->,110,247,->,110,248,->,110,249,->,110,250,->,110,251,->,110,252,->,110,253,->,110,254,->,110,255,->,110,256,->,110,257,->,110,258,->,110,259,->,110,260,->,110,261,->,110,262,->,110,263,->,110,264,->,110,265,->,110,266,->,110,267,->,110,268,->,110,269,->,110,270,->,110,271,->,110,272,->,110,273,->,110,274,->,110,275,->,110,276,->,110,277,->,110,278,->,110,279,->,110,280,->,110,281,->,110,282,->,110,283,->,110,284,->,110,285,->,110,286,->,110,287,->,110,288,->,110,289,->,110,290,->,110,291,->,110,292,->,110,293,->,110,294,->,110,295,->,110,296,->,110,297,->,110,298,->,110,299,->,110,300,->,110,301,->,110,302,->,110,303,->,111,1,->,111,2,->,111,3,->,111,4,->,111,8,->,111,10,->,111,11,->,111,13,->,111,14,->,111,15,->,111,16,->,111,19,->,111,20,->,111,24,->,111,25,->,111,26,->,111,28,->,111,29,->,111,30,->,111,31,->,111,32,->,111,33,->,111,34,->,111,35,->,111,36,->,111,37,->,111,40,->,111,41,->,111,43,->,111,44,->,111,46,->,111,47,->,111,49,->,111,50,->,111,51,->,111,52,->,111,53,->,111,54,->,111,56,->,111,57,->,111,58,->,111,59,->,111,60,->,111,61,->,111,63,->,111,64,->,111,65,->,111,67,->,111,70,->,111,71,->,111,73,->,111,74,->,111,75,->,111,77,->,111,78,->,111,79,->,111,83,->,111,84,->,111,85,->,111,86,->,111,87,->,111,88,->,111,89,->,111,90,->,111,91,->,111,92,->,111,93,->,111,94,->,111,95,->,111,96,->,111,105,->,111,106,->,111,107,->,111,108,->,111,109,->,111,110,->,111,111,->,111,112,->,111,113,->,111,114,->,111,115,->,111,116,->,111,117,->,111,118,->,111,119,->,111,120,->,111,121,->,111,122,->,111,123,->,111,124,->,111,125,->,111,126,->,111,127,->,111,128,->,111,129,->,111,130,->,111,131,->,111,132,->,111,133,->,111,134,->,111,135,->,111,136,->,111,137,->,111,138,->,111,139,->,111,140,->,111,141,->,111,142,->,111,143,->,111,144,->,111,145,->,111,146,->,111,147,->,111,148,->,111,149,->,111,150,->,111,151,->,111,152,->,111,153,->,111,154,->,111,155,->,111,156,->,111,157,->,111,158,->,111,159,->,111,160,->,111,161,->,111,162,->,111,163,->,111,164,->,111,165,->,111,166,->,111,167,->,111,168,->,111,169,->,111,170,->,111,171,->,111,172,->,111,173,->,111,174,->,111,175,->,111,176,->,111,177,->,111,178,->,111,179,->,111,180,->,111,181,->,111,182,->,111,183,->,111,184,->,111,185,->,111,186,->,111,187,->,111,188,->,111,189,->,111,190,->,111,191,->,111,192,->,111,193,->,111,194,->,111,195,->,111,196,->,111,197,->,111,198,->,111,199,->,111,200,->,111,201,->,111,202,->,111,203,->,111,204,->,111,205,->,111,206,->,111,207,->,111,208,->,111,209,->,111,210,->,111,211,->,111,212,->,111,213,->,111,214,->,111,215,->,111,216,->,111,217,->,111,218,->,111,219,->,111,220,->,111,221,->,111,222,->,111,223,->,111,224,->,111,225,->,111,226,->,111,227,->,111,228,->,111,229,->,111,230,->,111,231,->,111,232,->,111,233,->,111,234,->,111,235,->,111,236,->,111,237,->,111,238,->,111,239,->,111,240,->,111,241,->,111,242,->,111,243,->,111,244,->,111,245,->,111,246,->,111,247,->,111,248,->,111,249,->,111,250,->,111,251,->,111,252,->,111,253,->,111,254,->,111,255,->,111,256,->,111,257,->,111,258,->,111,259,->,111,260,->,111,261,->,111,262,->,111,263,->,111,264,->,111,265,->,111,266,->,111,267,->,111,268,->,111,269,->,111,270,->,111,271,->,111,272,->,111,273,->,111,274,->,111,275,->,111,276,->,111,277,->,111,278,->,111,279,->,111,280,->,111,281,->,111,282,->,111,283,->,111,284,->,111,285,->,111,286,->,111,287,->,111,288,->,111,289,->,111,290,->,111,291,->,111,292,->,111,293,->,111,294,->,111,295,->,111,296,->,111,297,->,111,298,->,111,299,->,111,300,->,111,301,->,111,302,->,111,303,->,112,1,->,112,2,->,112,3,->,112,4,->,112,5,->,112,8,->,112,9,->,112,10,->,112,12,->,112,15,->,112,16,->,112,17,->,112,18,->,112,19,->,112,20,->,112,21,->,112,24,->,112,26,->,112,27,->,112,30,->,112,31,->,112,32,->,112,33,->,112,35,->,112,36,->,112,37,->,112,39,->,112,40,->,112,41,->,112,42,->,112,43,->,112,46,->,112,50,->,112,51,->,112,54,->,112,55,->,112,56,->,112,57,->,112,62,->,112,63,->,112,69,->,112,70,->,112,71,->,112,72,->,112,73,->,112,74,->,112,77,->,112,78,->,112,79,->,112,83,->,112,84,->,112,85,->,112,86,->,112,87,->,112,88,->,112,89,->,112,90,->,112,91,->,112,92,->,112,93,->,112,94,->,112,95,->,112,96,->,112,97,->,112,105,->,112,106,->,112,107,->,112,108,->,112,109,->,112,110,->,112,111,->,112,112,->,112,113,->,112,114,->,112,115,->,112,116,->,112,117,->,112,118,->,112,119,->,112,120,->,112,121,->,112,122,->,112,123,->,112,124,->,112,125,->,112,126,->,112,127,->,112,128,->,112,129,->,112,130,->,112,131,->,112,132,->,112,133,->,112,134,->,112,135,->,112,136,->,112,137,->,112,138,->,112,139,->,112,140,->,112,141,->,112,142,->,112,143,->,112,144,->,112,145,->,112,146,->,112,147,->,112,148,->,112,149,->,112,150,->,112,151,->,112,152,->,112,153,->,112,154,->,112,155,->,112,156,->,112,157,->,112,158,->,112,159,->,112,160,->,112,161,->,112,162,->,112,163,->,112,164,->,112,165,->,112,166,->,112,167,->,112,168,->,112,169,->,112,170,->,112,171,->,112,172,->,112,173,->,112,174,->,112,175,->,112,176,->,112,177,->,112,178,->,112,179,->,112,180,->,112,181,->,112,182,->,112,183,->,112,184,->,112,185,->,112,186,->,112,187,->,112,188,->,112,189,->,112,190,->,112,191,->,112,192,->,112,193,->,112,194,->,112,195,->,112,196,->,112,197,->,112,198,->,112,199,->,112,200,->,112,201,->,112,202,->,112,203,->,112,204,->,112,205,->,112,206,->,112,207,->,112,208,->,112,209,->,112,210,->,112,211,->,112,212,->,112,213,->,112,214,->,112,215,->,112,216,->,112,217,->,112,218,->,112,219,->,112,220,->,112,221,->,112,222,->,112,223,->,112,224,->,112,225,->,112,226,->,112,227,->,112,228,->,112,229,->,112,230,->,112,231,->,112,232,->,112,233,->,112,234,->,112,235,->,112,236,->,112,237,->,112,238,->,112,239,->,112,240,->,112,241,->,112,242,->,112,243,->,112,244,->,112,245,->,112,246,->,112,247,->,112,248,->,112,249,->,112,250,->,112,251,->,112,252,->,112,253,->,112,254,->,112,255,->,112,256,->,112,257,->,112,258,->,112,259,->,112,260,->,112,261,->,112,262,->,112,263,->,112,264,->,112,265,->,112,266,->,112,267,->,112,268,->,112,269,->,112,270,->,112,271,->,112,272,->,112,273,->,112,274,->,112,275,->,112,276,->,112,277,->,112,278,->,112,279,->,112,280,->,112,281,->,112,282,->,112,283,->,112,284,->,112,285,->,112,286,->,112,287,->,112,288,->,112,289,->,112,290,->,112,291,->,112,292,->,112,293,->,112,294,->,112,295,->,112,296,->,112,297,->,112,298,->,112,299,->,112,300,->,112,301,->,112,302,->,112,303,->,113,0,->,113,1,->,113,4,->,113,8,->,113,10,->,113,11,->,113,12,->,113,14,->,113,15,->,113,16,->,113,17,->,113,18,->,113,23,->,113,28,->,113,31,->,113,32,->,113,33,->,113,34,->,113,35,->,113,36,->,113,37,->,113,39,->,113,40,->,113,41,->,113,43,->,113,44,->,113,47,->,113,50,->,113,51,->,113,52,->,113,53,->,113,55,->,113,56,->,113,57,->,113,58,->,113,61,->,113,63,->,113,68,->,113,70,->,113,72,->,113,73,->,113,74,->,113,76,->,113,77,->,113,78,->,113,79,->,113,80,->,113,81,->,113,82,->,113,83,->,113,84,->,113,85,->,113,86,->,113,87,->,113,88,->,113,89,->,113,90,->,113,91,->,113,92,->,113,93,->,113,94,->,113,95,->,113,96,->,113,105,->,113,106,->,113,107,->,113,108,->,113,109,->,113,110,->,113,111,->,113,112,->,113,113,->,113,114,->,113,115,->,113,116,->,113,117,->,113,118,->,113,119,->,113,120,->,113,121,->,113,122,->,113,123,->,113,124,->,113,125,->,113,126,->,113,127,->,113,128,->,113,129,->,113,130,->,113,131,->,113,132,->,113,133,->,113,134,->,113,135,->,113,136,->,113,137,->,113,138,->,113,139,->,113,140,->,113,141,->,113,142,->,113,143,->,113,144,->,113,145,->,113,146,->,113,147,->,113,148,->,113,149,->,113,150,->,113,151,->,113,152,->,113,153,->,113,154,->,113,155,->,113,156,->,113,157,->,113,158,->,113,159,->,113,160,->,113,161,->,113,162,->,113,163,->,113,164,->,113,165,->,113,166,->,113,167,->,113,168,->,113,169,->,113,170,->,113,171,->,113,172,->,113,173,->,113,174,->,113,175,->,113,176,->,113,177,->,113,178,->,113,179,->,113,180,->,113,181,->,113,182,->,113,183,->,113,184,->,113,185,->,113,186,->,113,187,->,113,188,->,113,189,->,113,190,->,113,191,->,113,192,->,113,193,->,113,194,->,113,195,->,113,196,->,113,197,->,113,198,->,113,199,->,113,200,->,113,201,->,113,202,->,113,203,->,113,204,->,113,205,->,113,206,->,113,207,->,113,208,->,113,209,->,113,210,->,113,211,->,113,212,->,113,213,->,113,214,->,113,215,->,113,216,->,113,217,->,113,218,->,113,219,->,113,220,->,113,221,->,113,222,->,113,223,->,113,224,->,113,225,->,113,226,->,113,227,->,113,228,->,113,229,->,113,230,->,113,231,->,113,232,->,113,233,->,113,234,->,113,235,->,113,236,->,113,237,->,113,238,->,113,239,->,113,240,->,113,241,->,113,242,->,113,243,->,113,244,->,113,245,->,113,246,->,113,247,->,113,248,->,113,249,->,113,250,->,113,251,->,113,252,->,113,253,->,113,254,->,113,255,->,113,256,->,113,257,->,113,258,->,113,259,->,113,260,->,113,261,->,113,262,->,113,263,->,113,264,->,113,265,->,113,266,->,113,267,->,113,268,->,113,269,->,113,270,->,113,271,->,113,272,->,113,273,->,113,274,->,113,275,->,113,276,->,113,277,->,113,278,->,113,279,->,113,280,->,113,281,->,113,282,->,113,283,->,113,284,->,113,285,->,113,286,->,113,287,->,113,288,->,113,289,->,113,290,->,113,291,->,113,292,->,113,293,->,113,294,->,113,295,->,113,296,->,113,297,->,113,298,->,113,299,->,113,300,->,113,301,->,113,302,->,113,303,->,114,0,->,114,2,->,114,9,->,114,10,->,114,11,->,114,15,->,114,16,->,114,17,->,114,21,->,114,22,->,114,24,->,114,25,->,114,26,->,114,27,->,114,28,->,114,29,->,114,30,->,114,31,->,114,32,->,114,33,->,114,34,->,114,35,->,114,36,->,114,38,->,114,39,->,114,40,->,114,41,->,114,42,->,114,43,->,114,44,->,114,45,->,114,47,->,114,49,->,114,50,->,114,51,->,114,52,->,114,59,->,114,61,->,114,63,->,114,65,->,114,66,->,114,68,->,114,70,->,114,71,->,114,72,->,114,73,->,114,74,->,114,75,->,114,79,->,114,80,->,114,81,->,114,82,->,114,83,->,114,84,->,114,85,->,114,86,->,114,87,->,114,88,->,114,89,->,114,90,->,114,91,->,114,92,->,114,93,->,114,94,->,114,95,->,114,96,->,114,97,->,114,105,->,114,106,->,114,107,->,114,108,->,114,109,->,114,110,->,114,111,->,114,112,->,114,113,->,114,114,->,114,115,->,114,116,->,114,117,->,114,118,->,114,119,->,114,120,->,114,121,->,114,122,->,114,123,->,114,124,->,114,125,->,114,126,->,114,127,->,114,128,->,114,129,->,114,130,->,114,131,->,114,132,->,114,133,->,114,134,->,114,135,->,114,136,->,114,137,->,114,138,->,114,139,->,114,140,->,114,141,->,114,142,->,114,143,->,114,144,->,114,145,->,114,146,->,114,147,->,114,148,->,114,149,->,114,150,->,114,151,->,114,152,->,114,153,->,114,154,->,114,155,->,114,156,->,114,157,->,114,158,->,114,159,->,114,160,->,114,161,->,114,162,->,114,163,->,114,164,->,114,165,->,114,166,->,114,167,->,114,168,->,114,169,->,114,170,->,114,171,->,114,172,->,114,173,->,114,174,->,114,175,->,114,176,->,114,177,->,114,178,->,114,179,->,114,180,->,114,181,->,114,182,->,114,183,->,114,184,->,114,185,->,114,186,->,114,187,->,114,188,->,114,189,->,114,190,->,114,191,->,114,192,->,114,193,->,114,194,->,114,195,->,114,196,->,114,197,->,114,198,->,114,199,->,114,200,->,114,201,->,114,202,->,114,203,->,114,204,->,114,205,->,114,206,->,114,207,->,114,208,->,114,209,->,114,210,->,114,211,->,114,212,->,114,213,->,114,214,->,114,215,->,114,216,->,114,217,->,114,218,->,114,219,->,114,220,->,114,221,->,114,222,->,114,223,->,114,224,->,114,225,->,114,226,->,114,227,->,114,228,->,114,229,->,114,230,->,114,231,->,114,232,->,114,233,->,114,234,->,114,235,->,114,236,->,114,237,->,114,238,->,114,239,->,114,240,->,114,241,->,114,242,->,114,243,->,114,244,->,114,245,->,114,246,->,114,247,->,114,248,->,114,249,->,114,250,->,114,251,->,114,252,->,114,253,->,114,254,->,114,255,->,114,256,->,114,257,->,114,258,->,114,259,->,114,260,->,114,261,->,114,262,->,114,263,->,114,264,->,114,265,->,114,266,->,114,267,->,114,268,->,114,269,->,114,270,->,114,271,->,114,272,->,114,273,->,114,274,->,114,275,->,114,276,->,114,277,->,114,278,->,114,279,->,114,280,->,114,281,->,114,282,->,114,283,->,114,284,->,114,285,->,114,286,->,114,287,->,114,288,->,114,289,->,114,290,->,114,291,->,114,292,->,114,293,->,114,294,->,114,295,->,114,296,->,114,297,->,114,298,->,114,299,->,114,300,->,114,301,->,114,302,->,114,303,->,115,0,->,115,1,->,115,4,->,115,5,->,115,6,->,115,8,->,115,9,->,115,10,->,115,11,->,115,13,->,115,18,->,115,22,->,115,23,->,115,25,->,115,26,->,115,27,->,115,28,->,115,29,->,115,30,->,115,31,->,115,34,->,115,35,->,115,36,->,115,37,->,115,40,->,115,42,->,115,43,->,115,44,->,115,45,->,115,47,->,115,48,->,115,53,->,115,54,->,115,60,->,115,61,->,115,64,->,115,65,->,115,66,->,115,68,->,115,72,->,115,74,->,115,75,->,115,76,->,115,77,->,115,78,->,115,79,->,115,80,->,115,81,->,115,82,->,115,83,->,115,84,->,115,85,->,115,86,->,115,87,->,115,88,->,115,89,->,115,90,->,115,91,->,115,92,->,115,93,->,115,94,->,115,95,->,115,96,->,115,97,->,115,98,->,115,99,->,115,100,->,115,101,->,115,105,->,115,106,->,115,107,->,115,108,->,115,109,->,115,110,->,115,111,->,115,112,->,115,113,->,115,114,->,115,115,->,115,116,->,115,117,->,115,118,->,115,119,->,115,120,->,115,121,->,115,122,->,115,123,->,115,124,->,115,125,->,115,126,->,115,127,->,115,128,->,115,129,->,115,130,->,115,131,->,115,132,->,115,133,->,115,134,->,115,135,->,115,136,->,115,137,->,115,138,->,115,139,->,115,140,->,115,141,->,115,142,->,115,143,->,115,144,->,115,145,->,115,146,->,115,147,->,115,148,->,115,149,->,115,150,->,115,151,->,115,152,->,115,153,->,115,154,->,115,155,->,115,156,->,115,157,->,115,158,->,115,159,->,115,160,->,115,161,->,115,162,->,115,163,->,115,164,->,115,165,->,115,166,->,115,167,->,115,168,->,115,169,->,115,170,->,115,171,->,115,172,->,115,173,->,115,174,->,115,175,->,115,176,->,115,177,->,115,178,->,115,179,->,115,180,->,115,181,->,115,182,->,115,183,->,115,184,->,115,185,->,115,186,->,115,187,->,115,188,->,115,189,->,115,190,->,115,191,->,115,192,->,115,193,->,115,194,->,115,195,->,115,196,->,115,197,->,115,198,->,115,199,->,115,200,->,115,201,->,115,202,->,115,203,->,115,204,->,115,205,->,115,206,->,115,207,->,115,208,->,115,209,->,115,210,->,115,211,->,115,212,->,115,213,->,115,214,->,115,215,->,115,216,->,115,217,->,115,218,->,115,219,->,115,220,->,115,221,->,115,222,->,115,223,->,115,224,->,115,225,->,115,226,->,115,227,->,115,228,->,115,229,->,115,230,->,115,231,->,115,232,->,115,233,->,115,234,->,115,235,->,115,236,->,115,237,->,115,238,->,115,239,->,115,240,->,115,241,->,115,242,->,115,243,->,115,244,->,115,245,->,115,246,->,115,247,->,115,248,->,115,249,->,115,250,->,115,251,->,115,252,->,115,253,->,115,254,->,115,255,->,115,256,->,115,257,->,115,258,->,115,259,->,115,260,->,115,261,->,115,262,->,115,263,->,115,264,->,115,265,->,115,266,->,115,267,->,115,268,->,115,269,->,115,270,->,115,271,->,115,272,->,115,273,->,115,274,->,115,275,->,115,276,->,115,277,->,115,278,->,115,279,->,115,280,->,115,281,->,115,282,->,115,283,->,115,284,->,115,285,->,115,286,->,115,287,->,115,288,->,115,289,->,115,290,->,115,291,->,115,292,->,115,293,->,115,294,->,115,295,->,115,296,->,115,297,->,115,298,->,115,299,->,115,300,->,115,301,->,115,302,->,115,303,->,116,0,->,116,1,->,116,2,->,116,4,->,116,5,->,116,6,->,116,7,->,116,9,->,116,10,->,116,11,->,116,13,->,116,15,->,116,18,->,116,19,->,116,21,->,116,22,->,116,23,->,116,24,->,116,25,->,116,26,->,116,27,->,116,28,->,116,29,->,116,30,->,116,31,->,116,32,->,116,33,->,116,37,->,116,38,->,116,39,->,116,40,->,116,41,->,116,42,->,116,43,->,116,44,->,116,48,->,116,49,->,116,50,->,116,53,->,116,54,->,116,55,->,116,56,->,116,57,->,116,59,->,116,60,->,116,64,->,116,65,->,116,67,->,116,69,->,116,70,->,116,71,->,116,72,->,116,73,->,116,74,->,116,75,->,116,76,->,116,77,->,116,78,->,116,79,->,116,80,->,116,81,->,116,82,->,116,83,->,116,84,->,116,85,->,116,86,->,116,87,->,116,88,->,116,89,->,116,90,->,116,91,->,116,92,->,116,93,->,116,94,->,116,95,->,116,96,->,116,97,->,116,98,->,116,99,->,116,100,->,116,101,->,116,105,->,116,106,->,116,107,->,116,108,->,116,109,->,116,110,->,116,111,->,116,112,->,116,113,->,116,114,->,116,115,->,116,116,->,116,117,->,116,118,->,116,119,->,116,120,->,116,121,->,116,122,->,116,123,->,116,124,->,116,125,->,116,126,->,116,127,->,116,128,->,116,129,->,116,130,->,116,131,->,116,132,->,116,133,->,116,134,->,116,135,->,116,136,->,116,137,->,116,138,->,116,139,->,116,140,->,116,141,->,116,142,->,116,143,->,116,144,->,116,145,->,116,146,->,116,147,->,116,148,->,116,149,->,116,150,->,116,151,->,116,152,->,116,153,->,116,154,->,116,155,->,116,156,->,116,157,->,116,158,->,116,159,->,116,160,->,116,161,->,116,162,->,116,163,->,116,164,->,116,165,->,116,166,->,116,167,->,116,168,->,116,169,->,116,170,->,116,171,->,116,172,->,116,173,->,116,174,->,116,175,->,116,176,->,116,177,->,116,178,->,116,179,->,116,180,->,116,181,->,116,182,->,116,183,->,116,184,->,116,185,->,116,186,->,116,187,->,116,188,->,116,189,->,116,190,->,116,191,->,116,192,->,116,193,->,116,194,->,116,195,->,116,196,->,116,197,->,116,198,->,116,199,->,116,200,->,116,201,->,116,202,->,116,203,->,116,204,->,116,205,->,116,206,->,116,207,->,116,208,->,116,209,->,116,210,->,116,211,->,116,212,->,116,213,->,116,214,->,116,215,->,116,216,->,116,217,->,116,218,->,116,219,->,116,220,->,116,221,->,116,222,->,116,223,->,116,224,->,116,225,->,116,226,->,116,227,->,116,228,->,116,229,->,116,230,->,116,231,->,116,232,->,116,233,->,116,234,->,116,235,->,116,236,->,116,237,->,116,238,->,116,239,->,116,240,->,116,241,->,116,242,->,116,243,->,116,244,->,116,245,->,116,246,->,116,247,->,116,248,->,116,249,->,116,250,->,116,251,->,116,252,->,116,253,->,116,254,->,116,255,->,116,256,->,116,257,->,116,258,->,116,259,->,116,260,->,116,261,->,116,262,->,116,263,->,116,264,->,116,265,->,116,266,->,116,267,->,116,268,->,116,269,->,116,270,->,116,271,->,116,272,->,116,273,->,116,274,->,116,275,->,116,276,->,116,277,->,116,278,->,116,279,->,116,280,->,116,281,->,116,282,->,116,283,->,116,284,->,116,285,->,116,286,->,116,287,->,116,288,->,116,289,->,116,290,->,116,291,->,116,292,->,116,293,->,116,294,->,116,295,->,116,296,->,116,297,->,116,298,->,116,299,->,116,300,->,116,301,->,116,302,->,116,303,->,117,1,->,117,2,->,117,3,->,117,4,->,117,5,->,117,6,->,117,8,->,117,10,->,117,12,->,117,16,->,117,18,->,117,21,->,117,22,->,117,23,->,117,24,->,117,25,->,117,26,->,117,27,->,117,28,->,117,29,->,117,30,->,117,31,->,117,32,->,117,33,->,117,37,->,117,38,->,117,39,->,117,40,->,117,42,->,117,45,->,117,46,->,117,47,->,117,48,->,117,50,->,117,51,->,117,52,->,117,54,->,117,56,->,117,57,->,117,58,->,117,59,->,117,60,->,117,61,->,117,65,->,117,66,->,117,67,->,117,69,->,117,70,->,117,71,->,117,72,->,117,73,->,117,74,->,117,75,->,117,76,->,117,77,->,117,78,->,117,79,->,117,80,->,117,81,->,117,82,->,117,83,->,117,84,->,117,85,->,117,86,->,117,87,->,117,88,->,117,89,->,117,90,->,117,91,->,117,92,->,117,93,->,117,94,->,117,95,->,117,96,->,117,97,->,117,98,->,117,99,->,117,100,->,117,101,->,117,102,->,117,103,->,117,104,->,117,105,->,117,106,->,117,107,->,117,108,->,117,109,->,117,110,->,117,111,->,117,112,->,117,113,->,117,114,->,117,115,->,117,116,->,117,117,->,117,118,->,117,119,->,117,120,->,117,121,->,117,122,->,117,123,->,117,124,->,117,125,->,117,126,->,117,127,->,117,128,->,117,129,->,117,130,->,117,131,->,117,132,->,117,133,->,117,134,->,117,135,->,117,136,->,117,137,->,117,138,->,117,139,->,117,140,->,117,141,->,117,142,->,117,143,->,117,144,->,117,145,->,117,146,->,117,147,->,117,148,->,117,149,->,117,150,->,117,151,->,117,152,->,117,153,->,117,154,->,117,155,->,117,156,->,117,157,->,117,158,->,117,159,->,117,160,->,117,161,->,117,162,->,117,163,->,117,164,->,117,165,->,117,166,->,117,167,->,117,168,->,117,169,->,117,170,->,117,171,->,117,172,->,117,173,->,117,174,->,117,175,->,117,176,->,117,177,->,117,178,->,117,179,->,117,180,->,117,181,->,117,182,->,117,183,->,117,184,->,117,185,->,117,186,->,117,187,->,117,188,->,117,189,->,117,190,->,117,191,->,117,192,->,117,193,->,117,194,->,117,195,->,117,196,->,117,197,->,117,198,->,117,199,->,117,200,->,117,201,->,117,202,->,117,203,->,117,204,->,117,205,->,117,206,->,117,207,->,117,208,->,117,209,->,117,210,->,117,211,->,117,212,->,117,213,->,117,214,->,117,215,->,117,216,->,117,217,->,117,218,->,117,219,->,117,220,->,117,221,->,117,222,->,117,223,->,117,224,->,117,225,->,117,226,->,117,227,->,117,228,->,117,229,->,117,230,->,117,231,->,117,232,->,117,233,->,117,234,->,117,235,->,117,236,->,117,237,->,117,238,->,117,239,->,117,240,->,117,241,->,117,242,->,117,243,->,117,244,->,117,245,->,117,246,->,117,247,->,117,248,->,117,249,->,117,250,->,117,251,->,117,252,->,117,253,->,117,254,->,117,255,->,117,256,->,117,257,->,117,258,->,117,259,->,117,260,->,117,261,->,117,262,->,117,263,->,117,264,->,117,265,->,117,266,->,117,267,->,117,268,->,117,269,->,117,270,->,117,271,->,117,272,->,117,273,->,117,274,->,117,275,->,117,276,->,117,277,->,117,278,->,117,279,->,117,280,->,117,281,->,117,282,->,117,283,->,117,284,->,117,285,->,117,286,->,117,287,->,117,288,->,117,289,->,117,290,->,117,291,->,117,292,->,117,293,->,117,294,->,117,295,->,117,296,->,117,297,->,117,298,->,117,299,->,117,300,->,117,301,->,117,302,->,117,303,->,118,0,->,118,1,->,118,2,->,118,3,->,118,4,->,118,5,->,118,6,->,118,7,->,118,8,->,118,10,->,118,20,->,118,23,->,118,24,->,118,25,->,118,26,->,118,27,->,118,28,->,118,29,->,118,30,->,118,31,->,118,33,->,118,34,->,118,36,->,118,37,->,118,38,->,118,39,->,118,40,->,118,44,->,118,45,->,118,47,->,118,50,->,118,53,->,118,54,->,118,57,->,118,58,->,118,60,->,118,63,->,118,64,->,118,68,->,118,69,->,118,70,->,118,71,->,118,72,->,118,73,->,118,74,->,118,75,->,118,76,->,118,77,->,118,78,->,118,79,->,118,80,->,118,81,->,118,82,->,118,83,->,118,84,->,118,85,->,118,86,->,118,87,->,118,88,->,118,89,->,118,90,->,118,91,->,118,92,->,118,93,->,118,94,->,118,95,->,118,96,->,118,97,->,118,98,->,118,99,->,118,100,->,118,101,->,118,102,->,118,103,->,118,104,->,118,105,->,118,106,->,118,107,->,118,108,->,118,109,->,118,110,->,118,111,->,118,112,->,118,113,->,118,114,->,118,115,->,118,116,->,118,117,->,118,118,->,118,119,->,118,120,->,118,121,->,118,122,->,118,123,->,118,124,->,118,125,->,118,126,->,118,127,->,118,128,->,118,129,->,118,130,->,118,131,->,118,132,->,118,133,->,118,134,->,118,135,->,118,136,->,118,137,->,118,138,->,118,139,->,118,140,->,118,141,->,118,142,->,118,143,->,118,144,->,118,145,->,118,146,->,118,147,->,118,148,->,118,149,->,118,150,->,118,151,->,118,152,->,118,153,->,118,154,->,118,155,->,118,156,->,118,157,->,118,158,->,118,159,->,118,160,->,118,161,->,118,162,->,118,163,->,118,164,->,118,165,->,118,166,->,118,167,->,118,168,->,118,169,->,118,170,->,118,171,->,118,172,->,118,173,->,118,174,->,118,175,->,118,176,->,118,177,->,118,178,->,118,179,->,118,180,->,118,181,->,118,182,->,118,183,->,118,184,->,118,185,->,118,186,->,118,187,->,118,188,->,118,189,->,118,190,->,118,191,->,118,192,->,118,193,->,118,194,->,118,195,->,118,196,->,118,197,->,118,198,->,118,199,->,118,200,->,118,201,->,118,202,->,118,203,->,118,204,->,118,205,->,118,206,->,118,207,->,118,208,->,118,209,->,118,210,->,118,211,->,118,212,->,118,213,->,118,214,->,118,215,->,118,216,->,118,217,->,118,218,->,118,219,->,118,220,->,118,221,->,118,222,->,118,223,->,118,224,->,118,225,->,118,226,->,118,227,->,118,228,->,118,229,->,118,230,->,118,231,->,118,232,->,118,233,->,118,234,->,118,235,->,118,236,->,118,237,->,118,238,->,118,239,->,118,240,->,118,241,->,118,242,->,118,243,->,118,244,->,118,245,->,118,246,->,118,247,->,118,248,->,118,249,->,118,250,->,118,251,->,118,252,->,118,253,->,118,254,->,118,255,->,118,256,->,118,257,->,118,258,->,118,259,->,118,260,->,118,261,->,118,262,->,118,263,->,118,264,->,118,265,->,118,266,->,118,267,->,118,268,->,118,269,->,118,270,->,118,271,->,118,272,->,118,273,->,118,274,->,118,275,->,118,276,->,118,277,->,118,278,->,118,279,->,118,280,->,118,281,->,118,282,->,118,283,->,118,284,->,118,285,->,118,286,->,118,287,->,118,288,->,118,289,->,118,290,->,118,291,->,118,292,->,118,293,->,118,294,->,118,295,->,118,296,->,118,297,->,118,298,->,118,299,->,118,300,->,118,301,->,118,302,->,118,303,->,119,0,->,119,4,->,119,5,->,119,6,->,119,7,->,119,8,->,119,9,->,119,10,->,119,13,->,119,14,->,119,15,->,119,19,->,119,21,->,119,22,->,119,23,->,119,24,->,119,25,->,119,26,->,119,27,->,119,28,->,119,29,->,119,30,->,119,32,->,119,33,->,119,34,->,119,36,->,119,38,->,119,39,->,119,40,->,119,42,->,119,43,->,119,44,->,119,46,->,119,47,->,119,48,->,119,49,->,119,51,->,119,52,->,119,55,->,119,56,->,119,57,->,119,58,->,119,60,->,119,63,->,119,65,->,119,67,->,119,68,->,119,69,->,119,70,->,119,71,->,119,72,->,119,73,->,119,76,->,119,77,->,119,78,->,119,79,->,119,80,->,119,81,->,119,82,->,119,83,->,119,84,->,119,85,->,119,86,->,119,87,->,119,88,->,119,89,->,119,90,->,119,91,->,119,92,->,119,93,->,119,94,->,119,95,->,119,96,->,119,97,->,119,98,->,119,99,->,119,100,->,119,101,->,119,102,->,119,103,->,119,104,->,119,105,->,119,106,->,119,107,->,119,108,->,119,109,->,119,110,->,119,111,->,119,112,->,119,113,->,119,114,->,119,115,->,119,116,->,119,117,->,119,118,->,119,119,->,119,120,->,119,121,->,119,122,->,119,123,->,119,124,->,119,125,->,119,126,->,119,127,->,119,128,->,119,129,->,119,130,->,119,131,->,119,132,->,119,133,->,119,134,->,119,135,->,119,136,->,119,137,->,119,138,->,119,139,->,119,140,->,119,141,->,119,142,->,119,143,->,119,144,->,119,145,->,119,146,->,119,147,->,119,148,->,119,149,->,119,150,->,119,151,->,119,152,->,119,153,->,119,154,->,119,155,->,119,156,->,119,157,->,119,158,->,119,159,->,119,160,->,119,161,->,119,162,->,119,163,->,119,164,->,119,165,->,119,166,->,119,167,->,119,168,->,119,169,->,119,170,->,119,171,->,119,172,->,119,173,->,119,174,->,119,175,->,119,176,->,119,177,->,119,178,->,119,179,->,119,180,->,119,181,->,119,182,->,119,183,->,119,184,->,119,185,->,119,186,->,119,187,->,119,188,->,119,189,->,119,190,->,119,191,->,119,192,->,119,193,->,119,194,->,119,195,->,119,196,->,119,197,->,119,198,->,119,199,->,119,200,->,119,201,->,119,202,->,119,203,->,119,204,->,119,205,->,119,206,->,119,207,->,119,208,->,119,209,->,119,210,->,119,211,->,119,212,->,119,213,->,119,214,->,119,215,->,119,216,->,119,217,->,119,218,->,119,219,->,119,220,->,119,221,->,119,222,->,119,223,->,119,224,->,119,225,->,119,226,->,119,227,->,119,228,->,119,229,->,119,230,->,119,231,->,119,232,->,119,233,->,119,234,->,119,235,->,119,236,->,119,237,->,119,238,->,119,239,->,119,240,->,119,241,->,119,242,->,119,243,->,119,244,->,119,245,->,119,246,->,119,247,->,119,248,->,119,249,->,119,250,->,119,251,->,119,252,->,119,253,->,119,254,->,119,255,->,119,256,->,119,257,->,119,258,->,119,259,->,119,260,->,119,261,->,119,262,->,119,263,->,119,264,->,119,265,->,119,266,->,119,267,->,119,268,->,119,269,->,119,270,->,119,271,->,119,272,->,119,273,->,119,274,->,119,275,->,119,276,->,119,277,->,119,278,->,119,279,->,119,280,->,119,281,->,119,282,->,119,283,->,119,284,->,119,285,->,119,286,->,119,287,->,119,288,->,119,289,->,119,290,->,119,291,->,119,292,->,119,293,->,119,294,->,119,295,->,119,296,->,119,297,->,119,298,->,119,299,->,119,300,->,119,301,->,119,302,->,119,303,->,120,0,->,120,1,->,120,2,->,120,3,->,120,5,->,120,6,->,120,8,->,120,9,->,120,10,->,120,11,->,120,15,->,120,19,->,120,20,->,120,21,->,120,22,->,120,23,->,120,24,->,120,25,->,120,26,->,120,27,->,120,28,->,120,29,->,120,30,->,120,31,->,120,33,->,120,37,->,120,39,->,120,40,->,120,42,->,120,44,->,120,47,->,120,49,->,120,50,->,120,51,->,120,52,->,120,53,->,120,55,->,120,56,->,120,57,->,120,59,->,120,60,->,120,61,->,120,62,->,120,63,->,120,64,->,120,65,->,120,67,->,120,68,->,120,69,->,120,70,->,120,71,->,120,72,->,120,73,->,120,74,->,120,75,->,120,76,->,120,77,->,120,78,->,120,79,->,120,80,->,120,81,->,120,82,->,120,83,->,120,84,->,120,85,->,120,86,->,120,87,->,120,88,->,120,89,->,120,90,->,120,91,->,120,92,->,120,93,->,120,94,->,120,95,->,120,96,->,120,97,->,120,98,->,120,99,->,120,100,->,120,101,->,120,102,->,120,103,->,120,104,->,120,105,->,120,106,->,120,107,->,120,108,->,120,109,->,120,110,->,120,111,->,120,112,->,120,113,->,120,114,->,120,115,->,120,116,->,120,117,->,120,118,->,120,119,->,120,120,->,120,121,->,120,122,->,120,123,->,120,124,->,120,125,->,120,126,->,120,127,->,120,128,->,120,129,->,120,130,->,120,131,->,120,132,->,120,133,->,120,134,->,120,135,->,120,136,->,120,137,->,120,138,->,120,139,->,120,140,->,120,141,->,120,142,->,120,143,->,120,144,->,120,145,->,120,146,->,120,147,->,120,148,->,120,149,->,120,150,->,120,151,->,120,152,->,120,153,->,120,154,->,120,155,->,120,156,->,120,157,->,120,158,->,120,159,->,120,160,->,120,161,->,120,162,->,120,163,->,120,164,->,120,165,->,120,166,->,120,167,->,120,168,->,120,169,->,120,170,->,120,171,->,120,172,->,120,173,->,120,174,->,120,175,->,120,176,->,120,177,->,120,178,->,120,179,->,120,180,->,120,181,->,120,182,->,120,183,->,120,184,->,120,185,->,120,186,->,120,187,->,120,188,->,120,189,->,120,190,->,120,191,->,120,192,->,120,193,->,120,194,->,120,195,->,120,196,->,120,197,->,120,198,->,120,199,->,120,200,->,120,201,->,120,202,->,120,203,->,120,204,->,120,205,->,120,206,->,120,207,->,120,208,->,120,209,->,120,210,->,120,211,->,120,212,->,120,213,->,120,214,->,120,215,->,120,216,->,120,217,->,120,218,->,120,219,->,120,220,->,120,221,->,120,222,->,120,223,->,120,224,->,120,225,->,120,226,->,120,227,->,120,228,->,120,229,->,120,230,->,120,231,->,120,232,->,120,233,->,120,234,->,120,235,->,120,236,->,120,237,->,120,238,->,120,239,->,120,240,->,120,241,->,120,242,->,120,243,->,120,244,->,120,245,->,120,246,->,120,247,->,120,248,->,120,249,->,120,250,->,120,251,->,120,252,->,120,253,->,120,254,->,120,255,->,120,256,->,120,257,->,120,258,->,120,259,->,120,260,->,120,261,->,120,262,->,120,263,->,120,264,->,120,265,->,120,266,->,120,267,->,120,268,->,120,269,->,120,270,->,120,271,->,120,272,->,120,273,->,120,274,->,120,275,->,120,276,->,120,277,->,120,278,->,120,279,->,120,280,->,120,281,->,120,282,->,120,283,->,120,284,->,120,285,->,120,286,->,120,287,->,120,288,->,120,289,->,120,290,->,120,291,->,120,292,->,120,293,->,120,294,->,120,295,->,120,296,->,120,297,->,120,298,->,120,299,->,120,300,->,120,301,->,120,302,->,120,303,->,121,0,->,121,1,->,121,3,->,121,5,->,121,9,->,121,10,->,121,16,->,121,17,->,121,19,->,121,21,->,121,22,->,121,23,->,121,24,->,121,25,->,121,26,->,121,27,->,121,28,->,121,29,->,121,30,->,121,31,->,121,32,->,121,39,->,121,41,->,121,45,->,121,48,->,121,49,->,121,50,->,121,51,->,121,53,->,121,57,->,121,58,->,121,62,->,121,63,->,121,66,->,121,67,->,121,68,->,121,69,->,121,70,->,121,71,->,121,72,->,121,73,->,121,74,->,121,75,->,121,76,->,121,77,->,121,78,->,121,79,->,121,80,->,121,81,->,121,82,->,121,83,->,121,84,->,121,85,->,121,86,->,121,87,->,121,88,->,121,89,->,121,90,->,121,91,->,121,92,->,121,93,->,121,94,->,121,95,->,121,96,->,121,97,->,121,98,->,121,99,->,121,100,->,121,101,->,121,102,->,121,103,->,121,104,->,121,105,->,121,106,->,121,107,->,121,108,->,121,109,->,121,110,->,121,111,->,121,112,->,121,113,->,121,114,->,121,115,->,121,116,->,121,117,->,121,118,->,121,119,->,121,120,->,121,121,->,121,122,->,121,123,->,121,124,->,121,125,->,121,126,->,121,127,->,121,128,->,121,129,->,121,130,->,121,131,->,121,132,->,121,133,->,121,134,->,121,135,->,121,136,->,121,137,->,121,138,->,121,139,->,121,140,->,121,141,->,121,142,->,121,143,->,121,144,->,121,145,->,121,146,->,121,147,->,121,148,->,121,149,->,121,150,->,121,151,->,121,152,->,121,153,->,121,154,->,121,155,->,121,156,->,121,157,->,121,158,->,121,159,->,121,160,->,121,161,->,121,162,->,121,163,->,121,164,->,121,165,->,121,166,->,121,167,->,121,168,->,121,169,->,121,170,->,121,171,->,121,172,->,121,173,->,121,174,->,121,175,->,121,176,->,121,177,->,121,178,->,121,179,->,121,180,->,121,181,->,121,182,->,121,183,->,121,184,->,121,185,->,121,186,->,121,187,->,121,188,->,121,189,->,121,190,->,121,191,->,121,192,->,121,193,->,121,194,->,121,195,->,121,196,->,121,197,->,121,198,->,121,199,->,121,200,->,121,201,->,121,202,->,121,203,->,121,204,->,121,205,->,121,206,->,121,207,->,121,208,->,121,209,->,121,210,->,121,211,->,121,212,->,121,213,->,121,214,->,121,215,->,121,216,->,121,217,->,121,218,->,121,219,->,121,220,->,121,221,->,121,222,->,121,223,->,121,224,->,121,225,->,121,226,->,121,227,->,121,228,->,121,229,->,121,230,->,121,231,->,121,232,->,121,233,->,121,234,->,121,235,->,121,236,->,121,237,->,121,238,->,121,239,->,121,240,->,121,241,->,121,242,->,121,243,->,121,244,->,121,245,->,121,246,->,121,247,->,121,248,->,121,249,->,121,250,->,121,251,->,121,252,->,121,253,->,121,254,->,121,255,->,121,256,->,121,257,->,121,258,->,121,259,->,121,260,->,121,261,->,121,262,->,121,263,->,121,264,->,121,265,->,121,266,->,121,267,->,121,268,->,121,269,->,121,270,->,121,271,->,121,272,->,121,273,->,121,274,->,121,275,->,121,276,->,121,277,->,121,278,->,121,279,->,121,280,->,121,281,->,121,282,->,121,283,->,121,284,->,121,285,->,121,286,->,121,287,->,121,288,->,121,289,->,121,290,->,121,291,->,121,292,->,121,293,->,121,294,->,121,295,->,121,296,->,121,297,->,121,298,->,121,299,->,121,300,->,121,301,->,121,302,->,121,303,->,122,0,->,122,3,->,122,5,->,122,8,->,122,9,->,122,10,->,122,11,->,122,12,->,122,13,->,122,16,->,122,17,->,122,18,->,122,19,->,122,20,->,122,21,->,122,22,->,122,23,->,122,24,->,122,25,->,122,26,->,122,27,->,122,30,->,122,31,->,122,32,->,122,35,->,122,36,->,122,37,->,122,38,->,122,41,->,122,45,->,122,47,->,122,49,->,122,50,->,122,51,->,122,52,->,122,53,->,122,54,->,122,55,->,122,56,->,122,60,->,122,66,->,122,67,->,122,68,->,122,70,->,122,71,->,122,72,->,122,73,->,122,74,->,122,75,->,122,76,->,122,77,->,122,78,->,122,79,->,122,80,->,122,81,->,122,82,->,122,83,->,122,84,->,122,85,->,122,86,->,122,87,->,122,88,->,122,89,->,122,90,->,122,91,->,122,92,->,122,93,->,122,94,->,122,95,->,122,96,->,122,97,->,122,98,->,122,99,->,122,100,->,122,101,->,122,102,->,122,103,->,122,104,->,122,105,->,122,106,->,122,107,->,122,108,->,122,109,->,122,110,->,122,111,->,122,112,->,122,113,->,122,114,->,122,115,->,122,116,->,122,117,->,122,118,->,122,119,->,122,120,->,122,121,->,122,122,->,122,123,->,122,124,->,122,125,->,122,126,->,122,127,->,122,128,->,122,129,->,122,130,->,122,131,->,122,132,->,122,133,->,122,134,->,122,135,->,122,136,->,122,137,->,122,138,->,122,139,->,122,140,->,122,141,->,122,142,->,122,143,->,122,144,->,122,145,->,122,146,->,122,147,->,122,148,->,122,149,->,122,150,->,122,151,->,122,152,->,122,153,->,122,154,->,122,155,->,122,156,->,122,157,->,122,158,->,122,159,->,122,160,->,122,161,->,122,162,->,122,163,->,122,164,->,122,165,->,122,166,->,122,167,->,122,168,->,122,169,->,122,170,->,122,171,->,122,172,->,122,173,->,122,174,->,122,175,->,122,176,->,122,177,->,122,178,->,122,179,->,122,180,->,122,181,->,122,182,->,122,183,->,122,184,->,122,185,->,122,186,->,122,187,->,122,188,->,122,189,->,122,190,->,122,191,->,122,192,->,122,193,->,122,194,->,122,195,->,122,196,->,122,197,->,122,198,->,122,199,->,122,200,->,122,201,->,122,202,->,122,203,->,122,204,->,122,205,->,122,206,->,122,207,->,122,208,->,122,209,->,122,210,->,122,211,->,122,212,->,122,213,->,122,214,->,122,215,->,122,216,->,122,217,->,122,218,->,122,219,->,122,220,->,122,221,->,122,222,->,122,223,->,122,224,->,122,225,->,122,226,->,122,227,->,122,228,->,122,229,->,122,230,->,122,231,->,122,232,->,122,233,->,122,234,->,122,235,->,122,236,->,122,237,->,122,238,->,122,239,->,122,240,->,122,241,->,122,242,->,122,243,->,122,244,->,122,245,->,122,246,->,122,247,->,122,248,->,122,249,->,122,250,->,122,251,->,122,252,->,122,253,->,122,254,->,122,255,->,122,256,->,122,257,->,122,258,->,122,259,->,122,260,->,122,261,->,122,262,->,122,263,->,122,264,->,122,265,->,122,266,->,122,267,->,122,268,->,122,269,->,122,270,->,122,271,->,122,272,->,122,273,->,122,274,->,122,275,->,122,276,->,122,277,->,122,278,->,122,279,->,122,280,->,122,281,->,122,282,->,122,283,->,122,284,->,122,285,->,122,286,->,122,287,->,122,288,->,122,289,->,122,290,->,122,291,->,122,292,->,122,293,->,122,294,->,122,295,->,122,296,->,122,297,->,122,298,->,122,299,->,122,300,->,122,301,->,122,302,->,122,303,->,123,1,->,123,4,->,123,9,->,123,10,->,123,12,->,123,13,->,123,14,->,123,15,->,123,17,->,123,18,->,123,19,->,123,20,->,123,21,->,123,22,->,123,23,->,123,24,->,123,25,->,123,26,->,123,27,->,123,31,->,123,32,->,123,33,->,123,34,->,123,35,->,123,36,->,123,39,->,123,41,->,123,42,->,123,45,->,123,47,->,123,48,->,123,49,->,123,50,->,123,51,->,123,53,->,123,60,->,123,62,->,123,63,->,123,64,->,123,65,->,123,66,->,123,67,->,123,68,->,123,69,->,123,71,->,123,72,->,123,73,->,123,74,->,123,75,->,123,76,->,123,77,->,123,78,->,123,79,->,123,80,->,123,81,->,123,82,->,123,83,->,123,84,->,123,85,->,123,86,->,123,87,->,123,88,->,123,89,->,123,90,->,123,91,->,123,92,->,123,93,->,123,94,->,123,95,->,123,96,->,123,97,->,123,98,->,123,99,->,123,100,->,123,101,->,123,102,->,123,103,->,123,104,->,123,105,->,123,106,->,123,107,->,123,108,->,123,109,->,123,110,->,123,111,->,123,112,->,123,113,->,123,114,->,123,115,->,123,116,->,123,117,->,123,118,->,123,119,->,123,120,->,123,121,->,123,122,->,123,123,->,123,124,->,123,125,->,123,126,->,123,127,->,123,128,->,123,129,->,123,130,->,123,131,->,123,132,->,123,133,->,123,134,->,123,135,->,123,136,->,123,137,->,123,138,->,123,139,->,123,140,->,123,141,->,123,142,->,123,143,->,123,144,->,123,145,->,123,146,->,123,147,->,123,148,->,123,149,->,123,150,->,123,151,->,123,152,->,123,153,->,123,154,->,123,155,->,123,156,->,123,157,->,123,158,->,123,159,->,123,160,->,123,161,->,123,162,->,123,163,->,123,164,->,123,165,->,123,166,->,123,167,->,123,168,->,123,169,->,123,170,->,123,171,->,123,172,->,123,173,->,123,174,->,123,175,->,123,176,->,123,177,->,123,178,->,123,179,->,123,180,->,123,181,->,123,182,->,123,183,->,123,184,->,123,185,->,123,186,->,123,187,->,123,188,->,123,189,->,123,190,->,123,191,->,123,192,->,123,193,->,123,194,->,123,195,->,123,196,->,123,197,->,123,198,->,123,199,->,123,200,->,123,201,->,123,202,->,123,203,->,123,204,->,123,205,->,123,206,->,123,207,->,123,208,->,123,209,->,123,210,->,123,211,->,123,212,->,123,213,->,123,214,->,123,215,->,123,216,->,123,217,->,123,218,->,123,219,->,123,220,->,123,221,->,123,222,->,123,223,->,123,224,->,123,225,->,123,226,->,123,227,->,123,228,->,123,229,->,123,230,->,123,231,->,123,232,->,123,233,->,123,234,->,123,235,->,123,236,->,123,237,->,123,238,->,123,239,->,123,240,->,123,241,->,123,242,->,123,243,->,123,244,->,123,245,->,123,246,->,123,247,->,123,248,->,123,249,->,123,250,->,123,251,->,123,252,->,123,253,->,123,254,->,123,255,->,123,256,->,123,257,->,123,258,->,123,259,->,123,260,->,123,261,->,123,262,->,123,263,->,123,264,->,123,265,->,123,266,->,123,267,->,123,268,->,123,269,->,123,270,->,123,271,->,123,272,->,123,273,->,123,274,->,123,275,->,123,276,->,123,277,->,123,278,->,123,279,->,123,280,->,123,281,->,123,282,->,123,283,->,123,284,->,123,285,->,123,286,->,123,287,->,123,288,->,123,289,->,123,290,->,123,291,->,123,292,->,123,293,->,123,294,->,123,295,->,123,296,->,123,297,->,123,298,->,123,299,->,123,300,->,123,301,->,123,302,->,123,303,->,124,1,->,124,3,->,124,5,->,124,6,->,124,7,->,124,11,->,124,15,->,124,16,->,124,17,->,124,18,->,124,19,->,124,20,->,124,21,->,124,22,->,124,23,->,124,24,->,124,25,->,124,26,->,124,28,->,124,30,->,124,31,->,124,32,->,124,33,->,124,35,->,124,36,->,124,38,->,124,39,->,124,40,->,124,41,->,124,43,->,124,44,->,124,45,->,124,46,->,124,48,->,124,49,->,124,50,->,124,52,->,124,53,->,124,54,->,124,55,->,124,58,->,124,60,->,124,61,->,124,65,->,124,67,->,124,68,->,124,69,->,124,70,->,124,71,->,124,72,->,124,73,->,124,74,->,124,75,->,124,76,->,124,77,->,124,78,->,124,79,->,124,80,->,124,81,->,124,82,->,124,83,->,124,84,->,124,85,->,124,86,->,124,87,->,124,88,->,124,89,->,124,90,->,124,91,->,124,92,->,124,93,->,124,94,->,124,95,->,124,96,->,124,97,->,124,98,->,124,99,->,124,100,->,124,101,->,124,102,->,124,103,->,124,104,->,124,105,->,124,106,->,124,107,->,124,108,->,124,109,->,124,110,->,124,111,->,124,112,->,124,113,->,124,114,->,124,115,->,124,116,->,124,117,->,124,118,->,124,119,->,124,120,->,124,121,->,124,122,->,124,123,->,124,124,->,124,125,->,124,126,->,124,127,->,124,128,->,124,129,->,124,130,->,124,131,->,124,132,->,124,133,->,124,134,->,124,135,->,124,136,->,124,137,->,124,138,->,124,139,->,124,140,->,124,141,->,124,142,->,124,143,->,124,144,->,124,145,->,124,146,->,124,147,->,124,148,->,124,149,->,124,150,->,124,151,->,124,152,->,124,153,->,124,154,->,124,155,->,124,156,->,124,157,->,124,158,->,124,159,->,124,160,->,124,161,->,124,162,->,124,163,->,124,164,->,124,165,->,124,166,->,124,167,->,124,168,->,124,169,->,124,170,->,124,171,->,124,172,->,124,173,->,124,174,->,124,175,->,124,176,->,124,177,->,124,178,->,124,179,->,124,180,->,124,181,->,124,182,->,124,183,->,124,184,->,124,185,->,124,186,->,124,187,->,124,188,->,124,189,->,124,190,->,124,191,->,124,192,->,124,193,->,124,194,->,124,195,->,124,196,->,124,197,->,124,198,->,124,199,->,124,200,->,124,201,->,124,202,->,124,203,->,124,204,->,124,205,->,124,206,->,124,207,->,124,208,->,124,209,->,124,210,->,124,211,->,124,212,->,124,213,->,124,214,->,124,215,->,124,216,->,124,217,->,124,218,->,124,219,->,124,220,->,124,221,->,124,222,->,124,223,->,124,224,->,124,225,->,124,226,->,124,227,->,124,228,->,124,229,->,124,230,->,124,231,->,124,232,->,124,233,->,124,234,->,124,235,->,124,236,->,124,237,->,124,238,->,124,239,->,124,240,->,124,241,->,124,242,->,124,243,->,124,244,->,124,245,->,124,246,->,124,247,->,124,248,->,124,249,->,124,250,->,124,251,->,124,252,->,124,253,->,124,254,->,124,255,->,124,256,->,124,257,->,124,258,->,124,259,->,124,260,->,124,261,->,124,262,->,124,263,->,124,264,->,124,265,->,124,266,->,124,267,->,124,268,->,124,269,->,124,270,->,124,271,->,124,272,->,124,273,->,124,274,->,124,275,->,124,276,->,124,277,->,124,278,->,124,279,->,124,280,->,124,281,->,124,282,->,124,283,->,124,284,->,124,285,->,124,286,->,124,287,->,124,288,->,124,289,->,124,290,->,124,291,->,124,292,->,124,293,->,124,294,->,124,295,->,124,296,->,124,297,->,124,298,->,124,299,->,124,300,->,124,301,->,124,302,->,124,303,->,125,0,->,125,2,->,125,5,->,125,7,->,125,8,->,125,9,->,125,10,->,125,11,->,125,12,->,125,14,->,125,19,->,125,20,->,125,21,->,125,22,->,125,23,->,125,24,->,125,25,->,125,26,->,125,27,->,125,28,->,125,31,->,125,33,->,125,34,->,125,36,->,125,38,->,125,39,->,125,40,->,125,41,->,125,42,->,125,43,->,125,46,->,125,48,->,125,49,->,125,51,->,125,52,->,125,56,->,125,57,->,125,59,->,125,61,->,125,62,->,125,63,->,125,64,->,125,65,->,125,67,->,125,68,->,125,69,->,125,70,->,125,71,->,125,72,->,125,73,->,125,74,->,125,75,->,125,76,->,125,77,->,125,78,->,125,79,->,125,80,->,125,81,->,125,82,->,125,83,->,125,84,->,125,85,->,125,86,->,125,87,->,125,88,->,125,89,->,125,90,->,125,91,->,125,92,->,125,93,->,125,94,->,125,95,->,125,96,->,125,97,->,125,98,->,125,99,->,125,100,->,125,101,->,125,102,->,125,103,->,125,104,->,125,105,->,125,106,->,125,107,->,125,108,->,125,109,->,125,110,->,125,111,->,125,112,->,125,113,->,125,114,->,125,115,->,125,116,->,125,117,->,125,118,->,125,119,->,125,120,->,125,121,->,125,122,->,125,123,->,125,124,->,125,125,->,125,126,->,125,127,->,125,128,->,125,129,->,125,130,->,125,131,->,125,132,->,125,133,->,125,134,->,125,135,->,125,136,->,125,137,->,125,138,->,125,139,->,125,140,->,125,141,->,125,142,->,125,143,->,125,144,->,125,145,->,125,146,->,125,147,->,125,148,->,125,149,->,125,150,->,125,151,->,125,152,->,125,153,->,125,154,->,125,155,->,125,156,->,125,157,->,125,158,->,125,159,->,125,160,->,125,161,->,125,162,->,125,163,->,125,164,->,125,165,->,125,166,->,125,167,->,125,168,->,125,169,->,125,170,->,125,171,->,125,172,->,125,173,->,125,174,->,125,175,->,125,176,->,125,177,->,125,178,->,125,179,->,125,180,->,125,181,->,125,182,->,125,183,->,125,184,->,125,185,->,125,186,->,125,187,->,125,188,->,125,189,->,125,190,->,125,191,->,125,192,->,125,193,->,125,194,->,125,195,->,125,196,->,125,197,->,125,198,->,125,199,->,125,200,->,125,201,->,125,202,->,125,203,->,125,204,->,125,205,->,125,206,->,125,207,->,125,208,->,125,209,->,125,210,->,125,211,->,125,212,->,125,213,->,125,214,->,125,215,->,125,216,->,125,217,->,125,218,->,125,219,->,125,220,->,125,221,->,125,222,->,125,223,->,125,224,->,125,225,->,125,226,->,125,227,->,125,228,->,125,229,->,125,230,->,125,231,->,125,232,->,125,233,->,125,234,->,125,235,->,125,236,->,125,237,->,125,238,->,125,239,->,125,240,->,125,241,->,125,242,->,125,243,->,125,244,->,125,245,->,125,246,->,125,247,->,125,248,->,125,249,->,125,250,->,125,251,->,125,252,->,125,253,->,125,254,->,125,255,->,125,256,->,125,257,->,125,258,->,125,259,->,125,260,->,125,261,->,125,262,->,125,263,->,125,264,->,125,265,->,125,266,->,125,267,->,125,268,->,125,269,->,125,270,->,125,271,->,125,272,->,125,273,->,125,274,->,125,275,->,125,276,->,125,277,->,125,278,->,125,279,->,125,280,->,125,281,->,125,282,->,125,283,->,125,284,->,125,285,->,125,286,->,125,287,->,125,288,->,125,289,->,125,290,->,125,291,->,125,292,->,125,293,->,125,294,->,125,295,->,125,296,->,125,297,->,125,298,->,125,299,->,125,300,->,125,301,->,125,302,->,125,303,->,126,0,->,126,2,->,126,8,->,126,10,->,126,12,->,126,16,->,126,17,->,126,18,->,126,19,->,126,20,->,126,21,->,126,22,->,126,23,->,126,24,->,126,25,->,126,26,->,126,27,->,126,28,->,126,31,->,126,32,->,126,33,->,126,34,->,126,35,->,126,37,->,126,38,->,126,39,->,126,40,->,126,41,->,126,44,->,126,46,->,126,48,->,126,50,->,126,53,->,126,55,->,126,56,->,126,57,->,126,58,->,126,59,->,126,60,->,126,61,->,126,63,->,126,64,->,126,66,->,126,68,->,126,69,->,126,70,->,126,71,->,126,72,->,126,73,->,126,74,->,126,75,->,126,76,->,126,77,->,126,78,->,126,79,->,126,80,->,126,81,->,126,82,->,126,83,->,126,84,->,126,85,->,126,86,->,126,87,->,126,88,->,126,89,->,126,90,->,126,91,->,126,92,->,126,93,->,126,94,->,126,95,->,126,96,->,126,97,->,126,98,->,126,99,->,126,100,->,126,101,->,126,102,->,126,103,->,126,104,->,126,105,->,126,106,->,126,107,->,126,108,->,126,109,->,126,110,->,126,111,->,126,112,->,126,113,->,126,114,->,126,115,->,126,116,->,126,117,->,126,118,->,126,119,->,126,120,->,126,121,->,126,122,->,126,123,->,126,124,->,126,125,->,126,126,->,126,127,->,126,128,->,126,129,->,126,130,->,126,131,->,126,132,->,126,133,->,126,134,->,126,135,->,126,136,->,126,137,->,126,138,->,126,139,->,126,140,->,126,141,->,126,142,->,126,143,->,126,144,->,126,145,->,126,146,->,126,147,->,126,148,->,126,149,->,126,150,->,126,151,->,126,152,->,126,153,->,126,154,->,126,155,->,126,156,->,126,157,->,126,158,->,126,159,->,126,160,->,126,161,->,126,162,->,126,163,->,126,164,->,126,165,->,126,166,->,126,167,->,126,168,->,126,169,->,126,170,->,126,171,->,126,172,->,126,173,->,126,174,->,126,175,->,126,176,->,126,177,->,126,178,->,126,179,->,126,180,->,126,181,->,126,182,->,126,183,->,126,184,->,126,185,->,126,186,->,126,187,->,126,188,->,126,189,->,126,190,->,126,191,->,126,192,->,126,193,->,126,194,->,126,195,->,126,196,->,126,197,->,126,198,->,126,199,->,126,200,->,126,201,->,126,202,->,126,203,->,126,204,->,126,205,->,126,206,->,126,207,->,126,208,->,126,209,->,126,210,->,126,211,->,126,212,->,126,213,->,126,214,->,126,215,->,126,216,->,126,217,->,126,218,->,126,219,->,126,220,->,126,221,->,126,222,->,126,223,->,126,224,->,126,225,->,126,226,->,126,227,->,126,228,->,126,229,->,126,230,->,126,231,->,126,232,->,126,233,->,126,234,->,126,235,->,126,236,->,126,237,->,126,238,->,126,239,->,126,240,->,126,241,->,126,242,->,126,243,->,126,244,->,126,245,->,126,246,->,126,247,->,126,248,->,126,249,->,126,250,->,126,251,->,126,252,->,126,253,->,126,254,->,126,255,->,126,256,->,126,257,->,126,258,->,126,259,->,126,260,->,126,261,->,126,262,->,126,263,->,126,264,->,126,265,->,126,266,->,126,267,->,126,268,->,126,269,->,126,270,->,126,271,->,126,272,->,126,273,->,126,274,->,126,275,->,126,276,->,126,277,->,126,278,->,126,279,->,126,280,->,126,281,->,126,282,->,126,283,->,126,284,->,126,285,->,126,286,->,126,287,->,126,288,->,126,289,->,126,290,->,126,291,->,126,292,->,126,293,->,126,294,->,126,295,->,126,296,->,126,297,->,126,298,->,126,299,->,126,300,->,126,301,->,126,302,->,126,303,->,127,0,->,127,1,->,127,4,->,127,6,->,127,9,->,127,14,->,127,18,->,127,19,->,127,20,->,127,21,->,127,22,->,127,23,->,127,24,->,127,25,->,127,26,->,127,30,->,127,32,->,127,34,->,127,35,->,127,36,->,127,37,->,127,39,->,127,40,->,127,42,->,127,43,->,127,44,->,127,51,->,127,52,->,127,54,->,127,55,->,127,56,->,127,58,->,127,61,->,127,62,->,127,63,->,127,65,->,127,67,->,127,68,->,127,69,->,127,70,->,127,71,->,127,72,->,127,73,->,127,74,->,127,75,->,127,76,->,127,77,->,127,78,->,127,79,->,127,80,->,127,81,->,127,82,->,127,83,->,127,84,->,127,85,->,127,86,->,127,87,->,127,88,->,127,89,->,127,90,->,127,91,->,127,92,->,127,93,->,127,94,->,127,95,->,127,96,->,127,97,->,127,98,->,127,99,->,127,100,->,127,101,->,127,102,->,127,103,->,127,104,->,127,105,->,127,106,->,127,107,->,127,108,->,127,109,->,127,110,->,127,111,->,127,112,->,127,113,->,127,114,->,127,115,->,127,116,->,127,117,->,127,118,->,127,119,->,127,120,->,127,121,->,127,122,->,127,123,->,127,124,->,127,125,->,127,126,->,127,127,->,127,128,->,127,129,->,127,130,->,127,131,->,127,132,->,127,133,->,127,134,->,127,135,->,127,136,->,127,137,->,127,138,->,127,139,->,127,140,->,127,141,->,127,142,->,127,143,->,127,144,->,127,145,->,127,146,->,127,147,->,127,148,->,127,149,->,127,150,->,127,151,->,127,152,->,127,153,->,127,154,->,127,155,->,127,156,->,127,157,->,127,158,->,127,159,->,127,160,->,127,161,->,127,162,->,127,163,->,127,164,->,127,165,->,127,166,->,127,167,->,127,168,->,127,169,->,127,170,->,127,171,->,127,172,->,127,173,->,127,174,->,127,175,->,127,176,->,127,177,->,127,178,->,127,179,->,127,180,->,127,181,->,127,182,->,127,183,->,127,184,->,127,185,->,127,186,->,127,187,->,127,188,->,127,189,->,127,190,->,127,191,->,127,192,->,127,193,->,127,194,->,127,195,->,127,196,->,127,197,->,127,198,->,127,199,->,127,200,->,127,201,->,127,202,->,127,203,->,127,204,->,127,205,->,127,206,->,127,207,->,127,208,->,127,209,->,127,210,->,127,211,->,127,212,->,127,213,->,127,214,->,127,215,->,127,216,->,127,217,->,127,218,->,127,219,->,127,220,->,127,221,->,127,222,->,127,223,->,127,224,->,127,225,->,127,226,->,127,227,->,127,228,->,127,229,->,127,230,->,127,231,->,127,232,->,127,233,->,127,234,->,127,235,->,127,236,->,127,237,->,127,238,->,127,239,->,127,240,->,127,241,->,127,242,->,127,243,->,127,244,->,127,245,->,127,246,->,127,247,->,127,248,->,127,249,->,127,250,->,127,251,->,127,252,->,127,253,->,127,254,->,127,255,->,127,256,->,127,257,->,127,258,->,127,259,->,127,260,->,127,261,->,127,262,->,127,263,->,127,264,->,127,265,->,127,266,->,127,267,->,127,268,->,127,269,->,127,270,->,127,271,->,127,272,->,127,273,->,127,274,->,127,275,->,127,276,->,127,277,->,127,278,->,127,279,->,127,280,->,127,281,->,127,282,->,127,283,->,127,284,->,127,285,->,127,286,->,127,287,->,127,288,->,127,289,->,127,290,->,127,291,->,127,292,->,127,293,->,127,294,->,127,295,->,127,296,->,127,297,->,127,298,->,127,299,->,127,300,->,127,301,->,127,302,->,127,303,->,128,0,->,128,7,->,128,9,->,128,10,->,128,13,->,128,14,->,128,16,->,128,17,->,128,19,->,128,20,->,128,21,->,128,22,->,128,23,->,128,24,->,128,26,->,128,27,->,128,28,->,128,30,->,128,34,->,128,35,->,128,36,->,128,37,->,128,38,->,128,40,->,128,41,->,128,43,->,128,45,->,128,48,->,128,51,->,128,53,->,128,54,->,128,55,->,128,56,->,128,57,->,128,60,->,128,61,->,128,62,->,128,63,->,128,65,->,128,66,->,128,67,->,128,68,->,128,69,->,128,70,->,128,71,->,128,72,->,128,73,->,128,74,->,128,75,->,128,76,->,128,77,->,128,78,->,128,79,->,128,80,->,128,81,->,128,82,->,128,83,->,128,84,->,128,85,->,128,86,->,128,87,->,128,88,->,128,89,->,128,90,->,128,91,->,128,92,->,128,93,->,128,94,->,128,95,->,128,96,->,128,97,->,128,98,->,128,99,->,128,100,->,128,101,->,128,102,->,128,103,->,128,104,->,128,105,->,128,106,->,128,107,->,128,108,->,128,109,->,128,110,->,128,111,->,128,112,->,128,113,->,128,114,->,128,115,->,128,116,->,128,117,->,128,118,->,128,119,->,128,120,->,128,121,->,128,122,->,128,123,->,128,124,->,128,125,->,128,126,->,128,127,->,128,128,->,128,129,->,128,130,->,128,131,->,128,132,->,128,133,->,128,134,->,128,135,->,128,136,->,128,137,->,128,138,->,128,139,->,128,140,->,128,141,->,128,142,->,128,143,->,128,144,->,128,145,->,128,146,->,128,147,->,128,148,->,128,149,->,128,150,->,128,151,->,128,152,->,128,153,->,128,154,->,128,155,->,128,156,->,128,157,->,128,158,->,128,159,->,128,160,->,128,161,->,128,162,->,128,163,->,128,164,->,128,165,->,128,166,->,128,167,->,128,168,->,128,169,->,128,170,->,128,171,->,128,172,->,128,173,->,128,174,->,128,175,->,128,176,->,128,177,->,128,178,->,128,179,->,128,180,->,128,181,->,128,182,->,128,183,->,128,184,->,128,185,->,128,186,->,128,187,->,128,188,->,128,189,->,128,190,->,128,191,->,128,192,->,128,193,->,128,194,->,128,195,->,128,196,->,128,197,->,128,198,->,128,199,->,128,200,->,128,201,->,128,202,->,128,203,->,128,204,->,128,205,->,128,206,->,128,207,->,128,208,->,128,209,->,128,210,->,128,211,->,128,212,->,128,213,->,128,214,->,128,215,->,128,216,->,128,217,->,128,218,->,128,219,->,128,220,->,128,221,->,128,222,->,128,223,->,128,224,->,128,225,->,128,226,->,128,227,->,128,228,->,128,229,->,128,230,->,128,231,->,128,232,->,128,233,->,128,234,->,128,235,->,128,236,->,128,237,->,128,238,->,128,239,->,128,240,->,128,241,->,128,242,->,128,243,->,128,244,->,128,245,->,128,246,->,128,247,->,128,248,->,128,249,->,128,250,->,128,251,->,128,252,->,128,253,->,128,254,->,128,255,->,128,256,->,128,257,->,128,258,->,128,259,->,128,260,->,128,261,->,128,262,->,128,263,->,128,264,->,128,265,->,128,266,->,128,267,->,128,268,->,128,269,->,128,270,->,128,271,->,128,272,->,128,273,->,128,274,->,128,275,->,128,276,->,128,277,->,128,278,->,128,279,->,128,280,->,128,281,->,128,282,->,128,283,->,128,284,->,128,285,->,128,286,->,128,287,->,128,288,->,128,289,->,128,290,->,128,291,->,128,292,->,128,293,->,128,294,->,128,295,->,128,296,->,128,297,->,128,298,->,128,299,->,128,300,->,128,301,->,128,302,->,128,303,->,129,0,->,129,1,->,129,2,->,129,4,->,129,5,->,129,9,->,129,10,->,129,12,->,129,16,->,129,17,->,129,18,->,129,19,->,129,20,->,129,21,->,129,22,->,129,23,->,129,24,->,129,25,->,129,26,->,129,27,->,129,32,->,129,33,->,129,34,->,129,35,->,129,37,->,129,38,->,129,40,->,129,44,->,129,47,->,129,48,->,129,49,->,129,53,->,129,55,->,129,58,->,129,59,->,129,61,->,129,62,->,129,63,->,129,64,->,129,65,->,129,66,->,129,67,->,129,68,->,129,69,->,129,70,->,129,71,->,129,72,->,129,73,->,129,74,->,129,75,->,129,76,->,129,77,->,129,78,->,129,79,->,129,80,->,129,81,->,129,82,->,129,83,->,129,84,->,129,85,->,129,86,->,129,87,->,129,88,->,129,89,->,129,90,->,129,91,->,129,92,->,129,93,->,129,94,->,129,95,->,129,96,->,129,97,->,129,98,->,129,99,->,129,100,->,129,101,->,129,102,->,129,103,->,129,104,->,129,105,->,129,106,->,129,107,->,129,108,->,129,109,->,129,110,->,129,111,->,129,112,->,129,113,->,129,114,->,129,115,->,129,116,->,129,117,->,129,118,->,129,119,->,129,120,->,129,121,->,129,122,->,129,123,->,129,124,->,129,125,->,129,126,->,129,127,->,129,128,->,129,129,->,129,130,->,129,131,->,129,132,->,129,133,->,129,134,->,129,135,->,129,136,->,129,137,->,129,138,->,129,139,->,129,140,->,129,141,->,129,142,->,129,143,->,129,144,->,129,145,->,129,146,->,129,147,->,129,148,->,129,149,->,129,150,->,129,151,->,129,152,->,129,153,->,129,154,->,129,155,->,129,156,->,129,157,->,129,158,->,129,159,->,129,160,->,129,161,->,129,162,->,129,163,->,129,164,->,129,165,->,129,166,->,129,167,->,129,168,->,129,169,->,129,170,->,129,171,->,129,172,->,129,173,->,129,174,->,129,175,->,129,176,->,129,177,->,129,178,->,129,179,->,129,180,->,129,181,->,129,182,->,129,183,->,129,184,->,129,185,->,129,186,->,129,187,->,129,188,->,129,189,->,129,190,->,129,191,->,129,192,->,129,193,->,129,194,->,129,195,->,129,196,->,129,197,->,129,198,->,129,199,->,129,200,->,129,201,->,129,202,->,129,203,->,129,204,->,129,205,->,129,206,->,129,207,->,129,208,->,129,209,->,129,210,->,129,211,->,129,212,->,129,213,->,129,214,->,129,215,->,129,216,->,129,217,->,129,218,->,129,219,->,129,220,->,129,221,->,129,222,->,129,223,->,129,224,->,129,225,->,129,226,->,129,227,->,129,228,->,129,229,->,129,230,->,129,231,->,129,232,->,129,233,->,129,234,->,129,235,->,129,236,->,129,237,->,129,238,->,129,239,->,129,240,->,129,241,->,129,242,->,129,243,->,129,244,->,129,245,->,129,246,->,129,247,->,129,248,->,129,249,->,129,250,->,129,251,->,129,252,->,129,253,->,129,254,->,129,255,->,129,256,->,129,257,->,129,258,->,129,259,->,129,260,->,129,261,->,129,262,->,129,263,->,129,264,->,129,265,->,129,266,->,129,267,->,129,268,->,129,269,->,129,270,->,129,271,->,129,272,->,129,273,->,129,274,->,129,275,->,129,276,->,129,277,->,129,278,->,129,279,->,129,280,->,129,281,->,129,282,->,129,283,->,129,284,->,129,285,->,129,286,->,129,287,->,129,288,->,129,289,->,129,290,->,129,291,->,129,292,->,129,293,->,129,294,->,129,295,->,129,296,->,129,297,->,129,298,->,129,299,->,129,300,->,129,301,->,129,302,->,129,303,->,130,0,->,130,1,->,130,2,->,130,3,->,130,4,->,130,5,->,130,10,->,130,12,->,130,18,->,130,19,->,130,20,->,130,21,->,130,22,->,130,23,->,130,24,->,130,25,->,130,26,->,130,27,->,130,33,->,130,34,->,130,36,->,130,43,->,130,46,->,130,47,->,130,51,->,130,53,->,130,57,->,130,59,->,130,60,->,130,62,->,130,63,->,130,64,->,130,65,->,130,66,->,130,67,->,130,68,->,130,69,->,130,70,->,130,71,->,130,72,->,130,73,->,130,74,->,130,75,->,130,76,->,130,77,->,130,78,->,130,79,->,130,80,->,130,81,->,130,82,->,130,83,->,130,84,->,130,85,->,130,86,->,130,87,->,130,88,->,130,89,->,130,90,->,130,91,->,130,92,->,130,93,->,130,94,->,130,95,->,130,96,->,130,97,->,130,98,->,130,99,->,130,100,->,130,101,->,130,102,->,130,103,->,130,104,->,130,105,->,130,106,->,130,107,->,130,108,->,130,109,->,130,110,->,130,111,->,130,112,->,130,113,->,130,114,->,130,115,->,130,116,->,130,117,->,130,118,->,130,119,->,130,120,->,130,121,->,130,122,->,130,123,->,130,124,->,130,125,->,130,126,->,130,127,->,130,128,->,130,129,->,130,130,->,130,131,->,130,132,->,130,133,->,130,134,->,130,135,->,130,136,->,130,137,->,130,138,->,130,139,->,130,140,->,130,141,->,130,142,->,130,143,->,130,144,->,130,145,->,130,146,->,130,147,->,130,148,->,130,149,->,130,150,->,130,151,->,130,152,->,130,153,->,130,154,->,130,155,->,130,156,->,130,157,->,130,158,->,130,159,->,130,160,->,130,161,->,130,162,->,130,163,->,130,164,->,130,165,->,130,166,->,130,167,->,130,168,->,130,169,->,130,170,->,130,171,->,130,172,->,130,173,->,130,174,->,130,175,->,130,176,->,130,177,->,130,178,->,130,179,->,130,180,->,130,181,->,130,182,->,130,183,->,130,184,->,130,185,->,130,186,->,130,187,->,130,188,->,130,189,->,130,190,->,130,191,->,130,192,->,130,193,->,130,194,->,130,195,->,130,196,->,130,197,->,130,198,->,130,199,->,130,200,->,130,201,->,130,202,->,130,203,->,130,204,->,130,205,->,130,206,->,130,207,->,130,208,->,130,209,->,130,210,->,130,211,->,130,212,->,130,213,->,130,214,->,130,215,->,130,216,->,130,217,->,130,218,->,130,219,->,130,220,->,130,221,->,130,222,->,130,223,->,130,224,->,130,225,->,130,226,->,130,227,->,130,228,->,130,229,->,130,230,->,130,231,->,130,232,->,130,233,->,130,234,->,130,235,->,130,236,->,130,237,->,130,238,->,130,239,->,130,240,->,130,241,->,130,242,->,130,243,->,130,244,->,130,245,->,130,246,->,130,247,->,130,248,->,130,249,->,130,250,->,130,251,->,130,252,->,130,253,->,130,254,->,130,255,->,130,256,->,130,257,->,130,258,->,130,259,->,130,260,->,130,261,->,130,262,->,130,263,->,130,264,->,130,265,->,130,266,->,130,267,->,130,268,->,130,269,->,130,270,->,130,271,->,130,272,->,130,273,->,130,274,->,130,275,->,130,276,->,130,277,->,130,278,->,130,279,->,130,280,->,130,281,->,130,282,->,130,283,->,130,284,->,130,285,->,130,286,->,130,287,->,130,288,->,130,289,->,130,290,->,130,291,->,130,292,->,130,293,->,130,294,->,130,295,->,130,296,->,130,297,->,130,298,->,130,299,->,130,300,->,130,301,->,130,302,->,130,303,->,131,0,->,131,1,->,131,2,->,131,5,->,131,7,->,131,10,->,131,11,->,131,12,->,131,13,->,131,15,->,131,16,->,131,19,->,131,20,->,131,21,->,131,22,->,131,25,->,131,26,->,131,28,->,131,31,->,131,34,->,131,36,->,131,37,->,131,38,->,131,39,->,131,40,->,131,41,->,131,42,->,131,43,->,131,44,->,131,45,->,131,46,->,131,47,->,131,48,->,131,49,->,131,51,->,131,52,->,131,53,->,131,55,->,131,56,->,131,57,->,131,58,->,131,60,->,131,61,->,131,63,->,131,64,->,131,65,->,131,66,->,131,67,->,131,68,->,131,69,->,131,70,->,131,71,->,131,72,->,131,73,->,131,74,->,131,75,->,131,76,->,131,77,->,131,78,->,131,79,->,131,80,->,131,81,->,131,82,->,131,83,->,131,84,->,131,85,->,131,86,->,131,87,->,131,88,->,131,89,->,131,90,->,131,91,->,131,92,->,131,93,->,131,94,->,131,95,->,131,96,->,131,97,->,131,98,->,131,99,->,131,100,->,131,101,->,131,102,->,131,103,->,131,104,->,131,105,->,131,106,->,131,107,->,131,108,->,131,109,->,131,110,->,131,111,->,131,112,->,131,113,->,131,114,->,131,115,->,131,116,->,131,117,->,131,118,->,131,119,->,131,120,->,131,121,->,131,122,->,131,123,->,131,124,->,131,125,->,131,126,->,131,127,->,131,128,->,131,129,->,131,130,->,131,131,->,131,132,->,131,133,->,131,134,->,131,135,->,131,136,->,131,137,->,131,138,->,131,139,->,131,140,->,131,141,->,131,142,->,131,143,->,131,144,->,131,145,->,131,146,->,131,147,->,131,148,->,131,149,->,131,150,->,131,151,->,131,152,->,131,153,->,131,154,->,131,155,->,131,156,->,131,157,->,131,158,->,131,159,->,131,160,->,131,161,->,131,162,->,131,163,->,131,164,->,131,165,->,131,166,->,131,167,->,131,168,->,131,169,->,131,170,->,131,171,->,131,172,->,131,173,->,131,174,->,131,175,->,131,176,->,131,177,->,131,178,->,131,179,->,131,180,->,131,181,->,131,182,->,131,183,->,131,184,->,131,185,->,131,186,->,131,187,->,131,188,->,131,189,->,131,190,->,131,191,->,131,192,->,131,193,->,131,194,->,131,195,->,131,196,->,131,197,->,131,198,->,131,199,->,131,200,->,131,201,->,131,202,->,131,203,->,131,204,->,131,205,->,131,206,->,131,207,->,131,208,->,131,209,->,131,210,->,131,211,->,131,212,->,131,213,->,131,214,->,131,215,->,131,216,->,131,217,->,131,218,->,131,219,->,131,220,->,131,221,->,131,222,->,131,223,->,131,224,->,131,225,->,131,226,->,131,227,->,131,228,->,131,229,->,131,230,->,131,231,->,131,232,->,131,233,->,131,234,->,131,235,->,131,236,->,131,237,->,131,238,->,131,239,->,131,240,->,131,241,->,131,242,->,131,243,->,131,244,->,131,245,->,131,246,->,131,247,->,131,248,->,131,249,->,131,250,->,131,251,->,131,252,->,131,253,->,131,254,->,131,255,->,131,256,->,131,257,->,131,258,->,131,259,->,131,260,->,131,261,->,131,262,->,131,263,->,131,264,->,131,265,->,131,266,->,131,267,->,131,268,->,131,269,->,131,270,->,131,271,->,131,272,->,131,273,->,131,274,->,131,275,->,131,276,->,131,277,->,131,278,->,131,279,->,131,280,->,131,281,->,131,282,->,131,283,->,131,284,->,131,285,->,131,286,->,131,287,->,131,288,->,131,289,->,131,290,->,131,291,->,131,292,->,131,293,->,131,294,->,131,295,->,131,296,->,131,297,->,131,298,->,131,299,->,131,300,->,131,301,->,131,302,->,131,303,->,132,0,->,132,6,->,132,7,->,132,8,->,132,9,->,132,10,->,132,11,->,132,13,->,132,15,->,132,17,->,132,18,->,132,19,->,132,21,->,132,24,->,132,27,->,132,29,->,132,31,->,132,32,->,132,34,->,132,36,->,132,37,->,132,39,->,132,41,->,132,42,->,132,43,->,132,44,->,132,45,->,132,46,->,132,47,->,132,50,->,132,51,->,132,53,->,132,54,->,132,55,->,132,57,->,132,58,->,132,59,->,132,60,->,132,61,->,132,62,->,132,63,->,132,64,->,132,65,->,132,66,->,132,67,->,132,68,->,132,69,->,132,70,->,132,71,->,132,72,->,132,73,->,132,74,->,132,75,->,132,76,->,132,77,->,132,78,->,132,79,->,132,80,->,132,81,->,132,82,->,132,83,->,132,84,->,132,85,->,132,86,->,132,87,->,132,88,->,132,89,->,132,90,->,132,91,->,132,92,->,132,93,->,132,94,->,132,95,->,132,96,->,132,97,->,132,98,->,132,99,->,132,100,->,132,101,->,132,102,->,132,103,->,132,104,->,132,105,->,132,106,->,132,107,->,132,108,->,132,109,->,132,110,->,132,111,->,132,112,->,132,113,->,132,114,->,132,115,->,132,116,->,132,117,->,132,118,->,132,119,->,132,120,->,132,121,->,132,122,->,132,123,->,132,124,->,132,125,->,132,126,->,132,127,->,132,128,->,132,129,->,132,130,->,132,131,->,132,132,->,132,133,->,132,134,->,132,135,->,132,136,->,132,137,->,132,138,->,132,139,->,132,140,->,132,141,->,132,142,->,132,143,->,132,144,->,132,145,->,132,146,->,132,147,->,132,148,->,132,149,->,132,150,->,132,151,->,132,152,->,132,153,->,132,154,->,132,155,->,132,156,->,132,157,->,132,158,->,132,159,->,132,160,->,132,161,->,132,162,->,132,163,->,132,164,->,132,165,->,132,166,->,132,167,->,132,168,->,132,169,->,132,170,->,132,171,->,132,172,->,132,173,->,132,174,->,132,175,->,132,176,->,132,177,->,132,178,->,132,179,->,132,180,->,132,181,->,132,182,->,132,183,->,132,184,->,132,185,->,132,186,->,132,187,->,132,188,->,132,189,->,132,190,->,132,191,->,132,192,->,132,193,->,132,194,->,132,195,->,132,196,->,132,197,->,132,198,->,132,199,->,132,200,->,132,201,->,132,202,->,132,203,->,132,204,->,132,205,->,132,206,->,132,207,->,132,208,->,132,209,->,132,210,->,132,211,->,132,212,->,132,213,->,132,214,->,132,215,->,132,216,->,132,217,->,132,218,->,132,219,->,132,220,->,132,221,->,132,222,->,132,223,->,132,224,->,132,225,->,132,226,->,132,227,->,132,228,->,132,229,->,132,230,->,132,231,->,132,232,->,132,233,->,132,234,->,132,235,->,132,236,->,132,237,->,132,238,->,132,239,->,132,240,->,132,241,->,132,242,->,132,243,->,132,244,->,132,245,->,132,246,->,132,247,->,132,248,->,132,249,->,132,250,->,132,251,->,132,252,->,132,253,->,132,254,->,132,255,->,132,256,->,132,257,->,132,258,->,132,259,->,132,260,->,132,261,->,132,262,->,132,263,->,132,264,->,132,265,->,132,266,->,132,267,->,132,268,->,132,269,->,132,270,->,132,271,->,132,272,->,132,273,->,132,274,->,132,275,->,132,276,->,132,277,->,132,278,->,132,279,->,132,280,->,132,281,->,132,282,->,132,283,->,132,284,->,132,285,->,132,286,->,132,287,->,132,288,->,132,289,->,132,290,->,132,291,->,132,292,->,132,293,->,132,294,->,132,295,->,132,296,->,132,297,->,132,298,->,132,299,->,132,300,->,132,301,->,132,302,->,132,303,->,133,0,->,133,1,->,133,4,->,133,6,->,133,7,->,133,8,->,133,10,->,133,11,->,133,12,->,133,13,->,133,14,->,133,16,->,133,17,->,133,18,->,133,20,->,133,24,->,133,25,->,133,26,->,133,29,->,133,32,->,133,33,->,133,34,->,133,35,->,133,36,->,133,38,->,133,39,->,133,40,->,133,41,->,133,42,->,133,43,->,133,44,->,133,45,->,133,47,->,133,48,->,133,49,->,133,51,->,133,52,->,133,54,->,133,55,->,133,56,->,133,57,->,133,58,->,133,59,->,133,60,->,133,61,->,133,62,->,133,63,->,133,64,->,133,65,->,133,66,->,133,67,->,133,68,->,133,69,->,133,70,->,133,71,->,133,72,->,133,73,->,133,74,->,133,75,->,133,76,->,133,77,->,133,78,->,133,79,->,133,80,->,133,81,->,133,82,->,133,83,->,133,84,->,133,85,->,133,86,->,133,87,->,133,88,->,133,89,->,133,90,->,133,91,->,133,92,->,133,93,->,133,94,->,133,95,->,133,96,->,133,97,->,133,98,->,133,99,->,133,100,->,133,101,->,133,102,->,133,103,->,133,104,->,133,105,->,133,106,->,133,107,->,133,108,->,133,109,->,133,110,->,133,111,->,133,112,->,133,113,->,133,114,->,133,115,->,133,116,->,133,117,->,133,118,->,133,119,->,133,120,->,133,121,->,133,122,->,133,123,->,133,124,->,133,125,->,133,126,->,133,127,->,133,128,->,133,129,->,133,130,->,133,131,->,133,132,->,133,133,->,133,134,->,133,135,->,133,136,->,133,137,->,133,138,->,133,139,->,133,140,->,133,141,->,133,142,->,133,143,->,133,144,->,133,145,->,133,146,->,133,147,->,133,148,->,133,149,->,133,150,->,133,151,->,133,152,->,133,153,->,133,154,->,133,155,->,133,156,->,133,157,->,133,158,->,133,159,->,133,160,->,133,161,->,133,162,->,133,163,->,133,164,->,133,165,->,133,166,->,133,167,->,133,168,->,133,169,->,133,170,->,133,171,->,133,172,->,133,173,->,133,174,->,133,175,->,133,176,->,133,177,->,133,178,->,133,179,->,133,180,->,133,181,->,133,182,->,133,183,->,133,184,->,133,185,->,133,186,->,133,187,->,133,188,->,133,189,->,133,190,->,133,191,->,133,192,->,133,193,->,133,194,->,133,195,->,133,196,->,133,197,->,133,198,->,133,199,->,133,200,->,133,201,->,133,202,->,133,203,->,133,204,->,133,205,->,133,206,->,133,207,->,133,208,->,133,209,->,133,210,->,133,211,->,133,212,->,133,213,->,133,214,->,133,215,->,133,216,->,133,217,->,133,218,->,133,219,->,133,220,->,133,221,->,133,222,->,133,223,->,133,224,->,133,225,->,133,226,->,133,227,->,133,228,->,133,229,->,133,230,->,133,231,->,133,232,->,133,233,->,133,234,->,133,235,->,133,236,->,133,237,->,133,238,->,133,239,->,133,240,->,133,241,->,133,242,->,133,243,->,133,244,->,133,245,->,133,246,->,133,247,->,133,248,->,133,249,->,133,250,->,133,251,->,133,252,->,133,253,->,133,254,->,133,255,->,133,256,->,133,257,->,133,258,->,133,259,->,133,260,->,133,261,->,133,262,->,133,263,->,133,264,->,133,265,->,133,266,->,133,267,->,133,268,->,133,269,->,133,270,->,133,271,->,133,272,->,133,273,->,133,274,->,133,275,->,133,276,->,133,277,->,133,278,->,133,279,->,133,280,->,133,281,->,133,282,->,133,283,->,133,284,->,133,285,->,133,286,->,133,287,->,133,288,->,133,289,->,133,290,->,133,291,->,133,292,->,133,293,->,133,294,->,133,295,->,133,296,->,133,297,->,133,298,->,133,299,->,133,300,->,133,301,->,133,302,->,133,303,->,134,1,->,134,2,->,134,4,->,134,8,->,134,9,->,134,10,->,134,12,->,134,13,->,134,14,->,134,15,->,134,16,->,134,17,->,134,18,->,134,19,->,134,20,->,134,27,->,134,28,->,134,29,->,134,30,->,134,31,->,134,35,->,134,36,->,134,37,->,134,38,->,134,40,->,134,41,->,134,42,->,134,43,->,134,44,->,134,45,->,134,46,->,134,47,->,134,48,->,134,49,->,134,51,->,134,52,->,134,53,->,134,54,->,134,56,->,134,57,->,134,58,->,134,59,->,134,60,->,134,61,->,134,62,->,134,63,->,134,64,->,134,65,->,134,66,->,134,67,->,134,68,->,134,69,->,134,70,->,134,71,->,134,72,->,134,73,->,134,74,->,134,75,->,134,76,->,134,77,->,134,78,->,134,79,->,134,80,->,134,81,->,134,82,->,134,83,->,134,84,->,134,85,->,134,86,->,134,87,->,134,88,->,134,89,->,134,90,->,134,91,->,134,92,->,134,93,->,134,94,->,134,95,->,134,96,->,134,97,->,134,98,->,134,99,->,134,100,->,134,101,->,134,102,->,134,103,->,134,104,->,134,105,->,134,106,->,134,107,->,134,108,->,134,109,->,134,110,->,134,111,->,134,112,->,134,113,->,134,114,->,134,115,->,134,116,->,134,117,->,134,118,->,134,119,->,134,120,->,134,121,->,134,122,->,134,123,->,134,124,->,134,125,->,134,126,->,134,127,->,134,128,->,134,129,->,134,130,->,134,131,->,134,132,->,134,133,->,134,134,->,134,135,->,134,136,->,134,137,->,134,138,->,134,139,->,134,140,->,134,141,->,134,142,->,134,143,->,134,144,->,134,145,->,134,146,->,134,147,->,134,148,->,134,149,->,134,150,->,134,151,->,134,152,->,134,153,->,134,154,->,134,155,->,134,156,->,134,157,->,134,158,->,134,159,->,134,160,->,134,161,->,134,162,->,134,163,->,134,164,->,134,165,->,134,166,->,134,167,->,134,168,->,134,169,->,134,170,->,134,171,->,134,172,->,134,173,->,134,174,->,134,175,->,134,176,->,134,177,->,134,178,->,134,179,->,134,180,->,134,181,->,134,182,->,134,183,->,134,184,->,134,185,->,134,186,->,134,187,->,134,188,->,134,189,->,134,190,->,134,191,->,134,192,->,134,193,->,134,194,->,134,195,->,134,196,->,134,197,->,134,198,->,134,199,->,134,200,->,134,201,->,134,202,->,134,203,->,134,204,->,134,205,->,134,206,->,134,207,->,134,208,->,134,209,->,134,210,->,134,211,->,134,212,->,134,213,->,134,214,->,134,215,->,134,216,->,134,217,->,134,218,->,134,219,->,134,220,->,134,221,->,134,222,->,134,223,->,134,224,->,134,225,->,134,226,->,134,227,->,134,228,->,134,229,->,134,230,->,134,231,->,134,232,->,134,233,->,134,234,->,134,235,->,134,236,->,134,237,->,134,238,->,134,239,->,134,240,->,134,241,->,134,242,->,134,243,->,134,244,->,134,245,->,134,246,->,134,247,->,134,248,->,134,249,->,134,250,->,134,251,->,134,252,->,134,253,->,134,254,->,134,255,->,134,256,->,134,257,->,134,258,->,134,259,->,134,260,->,134,261,->,134,262,->,134,263,->,134,264,->,134,265,->,134,266,->,134,267,->,134,268,->,134,269,->,134,270,->,134,271,->,134,272,->,134,273,->,134,274,->,134,275,->,134,276,->,134,277,->,134,278,->,134,279,->,134,280,->,134,281,->,134,282,->,134,283,->,134,284,->,134,285,->,134,286,->,134,287,->,134,288,->,134,289,->,134,290,->,134,291,->,134,292,->,134,293,->,134,294,->,134,295,->,134,296,->,134,297,->,134,298,->,134,299,->,134,300,->,134,301,->,134,302,->,134,303,->,135,0,->,135,2,->,135,3,->,135,5,->,135,7,->,135,8,->,135,9,->,135,11,->,135,12,->,135,15,->,135,17,->,135,18,->,135,19,->,135,22,->,135,26,->,135,29,->,135,30,->,135,31,->,135,35,->,135,36,->,135,38,->,135,39,->,135,40,->,135,41,->,135,42,->,135,43,->,135,44,->,135,45,->,135,46,->,135,47,->,135,48,->,135,53,->,135,55,->,135,56,->,135,57,->,135,58,->,135,59,->,135,60,->,135,61,->,135,62,->,135,63,->,135,64,->,135,65,->,135,66,->,135,67,->,135,70,->,135,71,->,135,72,->,135,73,->,135,74,->,135,75,->,135,76,->,135,77,->,135,78,->,135,79,->,135,80,->,135,81,->,135,82,->,135,83,->,135,84,->,135,85,->,135,86,->,135,87,->,135,88,->,135,89,->,135,90,->,135,91,->,135,92,->,135,93,->,135,94,->,135,95,->,135,96,->,135,97,->,135,98,->,135,99,->,135,100,->,135,101,->,135,102,->,135,103,->,135,104,->,135,105,->,135,106,->,135,107,->,135,108,->,135,109,->,135,110,->,135,111,->,135,112,->,135,113,->,135,114,->,135,115,->,135,116,->,135,117,->,135,118,->,135,119,->,135,120,->,135,121,->,135,122,->,135,123,->,135,124,->,135,125,->,135,126,->,135,127,->,135,128,->,135,129,->,135,130,->,135,131,->,135,132,->,135,133,->,135,134,->,135,135,->,135,136,->,135,137,->,135,138,->,135,139,->,135,140,->,135,141,->,135,142,->,135,143,->,135,144,->,135,145,->,135,146,->,135,147,->,135,148,->,135,149,->,135,150,->,135,151,->,135,152,->,135,153,->,135,154,->,135,155,->,135,156,->,135,157,->,135,158,->,135,159,->,135,160,->,135,161,->,135,162,->,135,163,->,135,164,->,135,165,->,135,166,->,135,167,->,135,168,->,135,169,->,135,170,->,135,171,->,135,172,->,135,173,->,135,174,->,135,175,->,135,176,->,135,177,->,135,178,->,135,179,->,135,180,->,135,181,->,135,182,->,135,183,->,135,184,->,135,185,->,135,186,->,135,187,->,135,188,->,135,189,->,135,190,->,135,191,->,135,192,->,135,193,->,135,194,->,135,195,->,135,196,->,135,197,->,135,198,->,135,199,->,135,200,->,135,201,->,135,202,->,135,203,->,135,204,->,135,205,->,135,206,->,135,207,->,135,208,->,135,209,->,135,210,->,135,211,->,135,212,->,135,213,->,135,214,->,135,215,->,135,216,->,135,217,->,135,218,->,135,219,->,135,220,->,135,221,->,135,222,->,135,223,->,135,224,->,135,225,->,135,226,->,135,227,->,135,228,->,135,229,->,135,230,->,135,231,->,135,232,->,135,233,->,135,234,->,135,235,->,135,236,->,135,237,->,135,238,->,135,239,->,135,240,->,135,241,->,135,242,->,135,243,->,135,244,->,135,245,->,135,246,->,135,247,->,135,248,->,135,249,->,135,250,->,135,251,->,135,252,->,135,253,->,135,254,->,135,255,->,135,256,->,135,257,->,135,258,->,135,259,->,135,260,->,135,261,->,135,262,->,135,263,->,135,264,->,135,265,->,135,266,->,135,267,->,135,268,->,135,269,->,135,270,->,135,271,->,135,272,->,135,273,->,135,274,->,135,275,->,135,276,->,135,277,->,135,278,->,135,279,->,135,280,->,135,281,->,135,282,->,135,283,->,135,284,->,135,285,->,135,286,->,135,287,->,135,288,->,135,289,->,135,290,->,135,291,->,135,292,->,135,293,->,135,294,->,135,295,->,135,296,->,135,297,->,135,298,->,135,299,->,135,300,->,135,301,->,135,302,->,135,303,->,136,0,->,136,4,->,136,5,->,136,7,->,136,8,->,136,9,->,136,10,->,136,11,->,136,12,->,136,13,->,136,14,->,136,15,->,136,16,->,136,17,->,136,18,->,136,19,->,136,25,->,136,26,->,136,29,->,136,30,->,136,31,->,136,32,->,136,33,->,136,36,->,136,38,->,136,39,->,136,40,->,136,41,->,136,42,->,136,43,->,136,44,->,136,45,->,136,46,->,136,47,->,136,48,->,136,50,->,136,51,->,136,52,->,136,54,->,136,55,->,136,56,->,136,57,->,136,58,->,136,59,->,136,60,->,136,61,->,136,62,->,136,63,->,136,64,->,136,65,->,136,66,->,136,67,->,136,68,->,136,69,->,136,70,->,136,71,->,136,72,->,136,73,->,136,74,->,136,75,->,136,76,->,136,77,->,136,78,->,136,79,->,136,80,->,136,81,->,136,82,->,136,83,->,136,84,->,136,85,->,136,86,->,136,87,->,136,88,->,136,89,->,136,90,->,136,91,->,136,92,->,136,93,->,136,94,->,136,95,->,136,96,->,136,97,->,136,98,->,136,99,->,136,100,->,136,101,->,136,102,->,136,103,->,136,104,->,136,105,->,136,106,->,136,107,->,136,108,->,136,109,->,136,110,->,136,111,->,136,112,->,136,113,->,136,114,->,136,115,->,136,116,->,136,117,->,136,118,->,136,119,->,136,120,->,136,121,->,136,122,->,136,123,->,136,124,->,136,125,->,136,126,->,136,127,->,136,128,->,136,129,->,136,130,->,136,131,->,136,132,->,136,133,->,136,134,->,136,135,->,136,136,->,136,137,->,136,138,->,136,139,->,136,140,->,136,141,->,136,142,->,136,143,->,136,144,->,136,145,->,136,146,->,136,147,->,136,148,->,136,149,->,136,150,->,136,151,->,136,152,->,136,153,->,136,154,->,136,155,->,136,156,->,136,157,->,136,158,->,136,159,->,136,160,->,136,161,->,136,162,->,136,163,->,136,164,->,136,165,->,136,166,->,136,167,->,136,168,->,136,169,->,136,170,->,136,171,->,136,172,->,136,173,->,136,174,->,136,175,->,136,176,->,136,177,->,136,178,->,136,179,->,136,180,->,136,181,->,136,182,->,136,183,->,136,184,->,136,185,->,136,186,->,136,187,->,136,188,->,136,189,->,136,190,->,136,191,->,136,192,->,136,193,->,136,194,->,136,195,->,136,196,->,136,197,->,136,198,->,136,199,->,136,200,->,136,201,->,136,202,->,136,203,->,136,204,->,136,205,->,136,206,->,136,207,->,136,208,->,136,209,->,136,210,->,136,211,->,136,212,->,136,213,->,136,214,->,136,215,->,136,216,->,136,217,->,136,218,->,136,219,->,136,220,->,136,221,->,136,222,->,136,223,->,136,224,->,136,225,->,136,226,->,136,227,->,136,228,->,136,229,->,136,230,->,136,231,->,136,232,->,136,233,->,136,234,->,136,235,->,136,236,->,136,237,->,136,238,->,136,239,->,136,240,->,136,241,->,136,242,->,136,243,->,136,244,->,136,245,->,136,246,->,136,247,->,136,248,->,136,249,->,136,250,->,136,251,->,136,252,->,136,253,->,136,254,->,136,255,->,136,256,->,136,257,->,136,258,->,136,259,->,136,260,->,136,261,->,136,262,->,136,263,->,136,264,->,136,265,->,136,266,->,136,267,->,136,268,->,136,269,->,136,270,->,136,271,->,136,272,->,136,273,->,136,274,->,136,275,->,136,276,->,136,277,->,136,278,->,136,279,->,136,280,->,136,281,->,136,282,->,136,283,->,136,284,->,136,285,->,136,286,->,136,287,->,136,288,->,136,289,->,136,290,->,136,291,->,136,292,->,136,293,->,136,294,->,136,295,->,136,296,->,136,297,->,136,298,->,136,299,->,136,300,->,136,301,->,136,302,->,136,303,->,137,4,->,137,6,->,137,8,->,137,9,->,137,12,->,137,15,->,137,16,->,137,17,->,137,18,->,137,19,->,137,21,->,137,22,->,137,24,->,137,29,->,137,30,->,137,31,->,137,32,->,137,33,->,137,34,->,137,35,->,137,36,->,137,39,->,137,40,->,137,41,->,137,45,->,137,46,->,137,48,->,137,50,->,137,51,->,137,52,->,137,53,->,137,54,->,137,55,->,137,56,->,137,57,->,137,58,->,137,59,->,137,60,->,137,61,->,137,62,->,137,63,->,137,64,->,137,65,->,137,66,->,137,67,->,137,68,->,137,69,->,137,70,->,137,71,->,137,72,->,137,73,->,137,74,->,137,75,->,137,76,->,137,77,->,137,78,->,137,79,->,137,80,->,137,81,->,137,82,->,137,83,->,137,84,->,137,85,->,137,86,->,137,87,->,137,88,->,137,89,->,137,90,->,137,91,->,137,92,->,137,93,->,137,94,->,137,95,->,137,96,->,137,97,->,137,98,->,137,99,->,137,100,->,137,101,->,137,102,->,137,103,->,137,104,->,137,105,->,137,106,->,137,107,->,137,108,->,137,109,->,137,110,->,137,111,->,137,112,->,137,113,->,137,114,->,137,115,->,137,116,->,137,117,->,137,118,->,137,119,->,137,120,->,137,121,->,137,122,->,137,123,->,137,124,->,137,125,->,137,126,->,137,127,->,137,128,->,137,129,->,137,130,->,137,131,->,137,132,->,137,133,->,137,134,->,137,135,->,137,136,->,137,137,->,137,138,->,137,139,->,137,140,->,137,141,->,137,142,->,137,143,->,137,144,->,137,145,->,137,146,->,137,147,->,137,148,->,137,149,->,137,150,->,137,151,->,137,152,->,137,153,->,137,154,->,137,155,->,137,156,->,137,157,->,137,158,->,137,159,->,137,160,->,137,161,->,137,162,->,137,163,->,137,164,->,137,165,->,137,166,->,137,167,->,137,168,->,137,169,->,137,170,->,137,171,->,137,172,->,137,173,->,137,174,->,137,175,->,137,176,->,137,177,->,137,178,->,137,179,->,137,180,->,137,181,->,137,182,->,137,183,->,137,184,->,137,185,->,137,186,->,137,187,->,137,188,->,137,189,->,137,190,->,137,191,->,137,192,->,137,193,->,137,194,->,137,195,->,137,196,->,137,197,->,137,198,->,137,199,->,137,200,->,137,201,->,137,202,->,137,203,->,137,204,->,137,205,->,137,206,->,137,207,->,137,208,->,137,209,->,137,210,->,137,211,->,137,212,->,137,213,->,137,214,->,137,215,->,137,216,->,137,217,->,137,218,->,137,219,->,137,220,->,137,221,->,137,222,->,137,223,->,137,224,->,137,225,->,137,226,->,137,227,->,137,228,->,137,229,->,137,230,->,137,231,->,137,232,->,137,233,->,137,234,->,137,235,->,137,236,->,137,237,->,137,238,->,137,239,->,137,240,->,137,241,->,137,242,->,137,243,->,137,244,->,137,245,->,137,246,->,137,247,->,137,248,->,137,249,->,137,250,->,137,251,->,137,252,->,137,253,->,137,254,->,137,255,->,137,256,->,137,257,->,137,258,->,137,259,->,137,260,->,137,261,->,137,262,->,137,263,->,137,264,->,137,265,->,137,266,->,137,267,->,137,268,->,137,269,->,137,270,->,137,271,->,137,272,->,137,273,->,137,274,->,137,275,->,137,276,->,137,277,->,137,278,->,137,279,->,137,280,->,137,281,->,137,282,->,137,283,->,137,284,->,137,285,->,137,286,->,137,287,->,137,288,->,137,289,->,137,290,->,137,291,->,137,292,->,137,293,->,137,294,->,137,295,->,137,296,->,137,297,->,137,298,->,137,299,->,137,300,->,137,301,->,137,302,->,137,303,->,138,2,->,138,6,->,138,9,->,138,10,->,138,11,->,138,12,->,138,13,->,138,14,->,138,15,->,138,16,->,138,17,->,138,18,->,138,19,->,138,20,->,138,21,->,138,22,->,138,23,->,138,28,->,138,30,->,138,31,->,138,32,->,138,33,->,138,34,->,138,35,->,138,36,->,138,37,->,138,38,->,138,39,->,138,45,->,138,46,->,138,47,->,138,50,->,138,51,->,138,52,->,138,53,->,138,54,->,138,55,->,138,56,->,138,57,->,138,58,->,138,59,->,138,60,->,138,61,->,138,62,->,138,63,->,138,64,->,138,65,->,138,66,->,138,67,->,138,68,->,138,69,->,138,70,->,138,71,->,138,72,->,138,73,->,138,74,->,138,75,->,138,76,->,138,77,->,138,78,->,138,79,->,138,80,->,138,81,->,138,82,->,138,83,->,138,84,->,138,85,->,138,86,->,138,87,->,138,88,->,138,89,->,138,90,->,138,91,->,138,92,->,138,93,->,138,94,->,138,95,->,138,96,->,138,97,->,138,98,->,138,99,->,138,100,->,138,101,->,138,102,->,138,103,->,138,104,->,138,105,->,138,106,->,138,107,->,138,108,->,138,109,->,138,110,->,138,111,->,138,112,->,138,113,->,138,114,->,138,115,->,138,116,->,138,117,->,138,118,->,138,119,->,138,120,->,138,121,->,138,122,->,138,123,->,138,124,->,138,125,->,138,126,->,138,127,->,138,128,->,138,129,->,138,130,->,138,131,->,138,132,->,138,133,->,138,134,->,138,135,->,138,136,->,138,137,->,138,138,->,138,139,->,138,140,->,138,141,->,138,142,->,138,143,->,138,144,->,138,145,->,138,146,->,138,147,->,138,148,->,138,149,->,138,150,->,138,151,->,138,152,->,138,153,->,138,154,->,138,155,->,138,156,->,138,157,->,138,158,->,138,159,->,138,160,->,138,161,->,138,162,->,138,163,->,138,164,->,138,165,->,138,166,->,138,167,->,138,168,->,138,169,->,138,170,->,138,171,->,138,172,->,138,173,->,138,174,->,138,175,->,138,176,->,138,177,->,138,178,->,138,179,->,138,180,->,138,181,->,138,182,->,138,183,->,138,184,->,138,185,->,138,186,->,138,187,->,138,188,->,138,189,->,138,190,->,138,191,->,138,192,->,138,193,->,138,194,->,138,195,->,138,196,->,138,197,->,138,198,->,138,199,->,138,200,->,138,201,->,138,202,->,138,203,->,138,204,->,138,205,->,138,206,->,138,207,->,138,208,->,138,209,->,138,210,->,138,211,->,138,212,->,138,213,->,138,214,->,138,215,->,138,216,->,138,217,->,138,218,->,138,219,->,138,220,->,138,221,->,138,222,->,138,223,->,138,224,->,138,225,->,138,226,->,138,227,->,138,228,->,138,229,->,138,230,->,138,231,->,138,232,->,138,233,->,138,234,->,138,235,->,138,236,->,138,237,->,138,238,->,138,239,->,138,240,->,138,241,->,138,242,->,138,243,->,138,244,->,138,245,->,138,246,->,138,247,->,138,248,->,138,249,->,138,250,->,138,251,->,138,252,->,138,253,->,138,254,->,138,255,->,138,256,->,138,257,->,138,258,->,138,259,->,138,260,->,138,261,->,138,262,->,138,263,->,138,264,->,138,265,->,138,266,->,138,267,->,138,268,->,138,269,->,138,270,->,138,271,->,138,272,->,138,273,->,138,274,->,138,275,->,138,276,->,138,277,->,138,278,->,138,279,->,138,280,->,138,281,->,138,282,->,138,283,->,138,284,->,138,285,->,138,286,->,138,287,->,138,288,->,138,289,->,138,290,->,138,291,->,138,292,->,138,293,->,138,294,->,138,295,->,138,296,->,138,297,->,138,298,->,138,299,->,138,300,->,138,301,->,138,302,->,138,303,->,139,7,->,139,8,->,139,12,->,139,13,->,139,14,->,139,15,->,139,16,->,139,17,->,139,18,->,139,19,->,139,20,->,139,21,->,139,22,->,139,23,->,139,24,->,139,25,->,139,26,->,139,27,->,139,29,->,139,31,->,139,32,->,139,33,->,139,34,->,139,35,->,139,39,->,139,40,->,139,41,->,139,42,->,139,43,->,139,44,->,139,46,->,139,47,->,139,48,->,139,49,->,139,50,->,139,51,->,139,52,->,139,53,->,139,54,->,139,55,->,139,56,->,139,57,->,139,58,->,139,59,->,139,62,->,139,65,->,139,69,->,139,70,->,139,71,->,139,72,->,139,73,->,139,74,->,139,75,->,139,76,->,139,77,->,139,78,->,139,79,->,139,80,->,139,81,->,139,82,->,139,83,->,139,84,->,139,85,->,139,86,->,139,87,->,139,88,->,139,89,->,139,90,->,139,91,->,139,92,->,139,93,->,139,94,->,139,95,->,139,96,->,139,97,->,139,98,->,139,99,->,139,100,->,139,101,->,139,102,->,139,103,->,139,104,->,139,105,->,139,106,->,139,107,->,139,108,->,139,109,->,139,110,->,139,111,->,139,112,->,139,113,->,139,114,->,139,115,->,139,116,->,139,117,->,139,118,->,139,119,->,139,120,->,139,121,->,139,122,->,139,123,->,139,124,->,139,125,->,139,126,->,139,127,->,139,128,->,139,129,->,139,130,->,139,131,->,139,132,->,139,133,->,139,134,->,139,135,->,139,136,->,139,137,->,139,138,->,139,139,->,139,140,->,139,141,->,139,142,->,139,143,->,139,144,->,139,145,->,139,146,->,139,147,->,139,148,->,139,149,->,139,150,->,139,151,->,139,152,->,139,153,->,139,154,->,139,155,->,139,156,->,139,157,->,139,158,->,139,159,->,139,160,->,139,161,->,139,162,->,139,163,->,139,164,->,139,165,->,139,166,->,139,167,->,139,168,->,139,169,->,139,170,->,139,171,->,139,172,->,139,173,->,139,174,->,139,175,->,139,176,->,139,177,->,139,178,->,139,179,->,139,180,->,139,181,->,139,182,->,139,183,->,139,184,->,139,185,->,139,186,->,139,187,->,139,188,->,139,189,->,139,190,->,139,191,->,139,192,->,139,193,->,139,194,->,139,195,->,139,196,->,139,197,->,139,198,->,139,199,->,139,200,->,139,201,->,139,202,->,139,203,->,139,204,->,139,205,->,139,206,->,139,207,->,139,208,->,139,209,->,139,210,->,139,211,->,139,212,->,139,213,->,139,214,->,139,215,->,139,216,->,139,217,->,139,218,->,139,219,->,139,220,->,139,221,->,139,222,->,139,223,->,139,224,->,139,225,->,139,226,->,139,227,->,139,228,->,139,229,->,139,230,->,139,231,->,139,232,->,139,233,->,139,234,->,139,235,->,139,236,->,139,237,->,139,238,->,139,239,->,139,240,->,139,241,->,139,242,->,139,243,->,139,244,->,139,245,->,139,246,->,139,247,->,139,248,->,139,249,->,139,250,->,139,251,->,139,252,->,139,253,->,139,254,->,139,255,->,139,256,->,139,257,->,139,258,->,139,259,->,139,260,->,139,261,->,139,262,->,139,263,->,139,264,->,139,265,->,139,266,->,139,267,->,139,268,->,139,269,->,139,270,->,139,271,->,139,272,->,139,273,->,139,274,->,139,275,->,139,276,->,139,277,->,139,278,->,139,279,->,139,280,->,139,281,->,139,282,->,139,283,->,139,284,->,139,285,->,139,286,->,139,287,->,139,288,->,139,289,->,139,290,->,139,291,->,139,292,->,139,293,->,139,294,->,139,295,->,139,296,->,139,297,->,139,298,->,139,299,->,139,300,->,139,301,->,139,302,->,139,303,->,140,2,->,140,7,->,140,8,->,140,11,->,140,12,->,140,13,->,140,14,->,140,15,->,140,16,->,140,17,->,140,18,->,140,19,->,140,20,->,140,22,->,140,23,->,140,24,->,140,25,->,140,26,->,140,27,->,140,28,->,140,31,->,140,32,->,140,33,->,140,34,->,140,35,->,140,36,->,140,39,->,140,40,->,140,41,->,140,42,->,140,43,->,140,44,->,140,45,->,140,46,->,140,47,->,140,48,->,140,49,->,140,50,->,140,51,->,140,52,->,140,53,->,140,63,->,140,64,->,140,69,->,140,70,->,140,71,->,140,72,->,140,73,->,140,74,->,140,75,->,140,76,->,140,77,->,140,78,->,140,79,->,140,80,->,140,81,->,140,82,->,140,83,->,140,84,->,140,85,->,140,86,->,140,87,->,140,88,->,140,89,->,140,90,->,140,91,->,140,92,->,140,93,->,140,94,->,140,95,->,140,96,->,140,97,->,140,98,->,140,99,->,140,100,->,140,101,->,140,102,->,140,103,->,140,104,->,140,105,->,140,106,->,140,107,->,140,108,->,140,109,->,140,110,->,140,111,->,140,112,->,140,113,->,140,114,->,140,115,->,140,116,->,140,117,->,140,118,->,140,119,->,140,120,->,140,121,->,140,122,->,140,123,->,140,124,->,140,125,->,140,126,->,140,127,->,140,128,->,140,129,->,140,130,->,140,131,->,140,132,->,140,133,->,140,134,->,140,135,->,140,136,->,140,137,->,140,138,->,140,139,->,140,140,->,140,141,->,140,142,->,140,143,->,140,144,->,140,145,->,140,146,->,140,147,->,140,148,->,140,149,->,140,150,->,140,151,->,140,152,->,140,153,->,140,154,->,140,155,->,140,156,->,140,157,->,140,158,->,140,159,->,140,160,->,140,161,->,140,162,->,140,163,->,140,164,->,140,165,->,140,166,->,140,167,->,140,168,->,140,169,->,140,170,->,140,171,->,140,172,->,140,173,->,140,174,->,140,175,->,140,176,->,140,177,->,140,178,->,140,179,->,140,180,->,140,181,->,140,182,->,140,183,->,140,184,->,140,185,->,140,186,->,140,187,->,140,188,->,140,189,->,140,190,->,140,191,->,140,192,->,140,193,->,140,194,->,140,195,->,140,196,->,140,197,->,140,198,->,140,199,->,140,200,->,140,201,->,140,202,->,140,203,->,140,204,->,140,205,->,140,206,->,140,207,->,140,208,->,140,209,->,140,210,->,140,211,->,140,212,->,140,213,->,140,214,->,140,215,->,140,216,->,140,217,->,140,218,->,140,219,->,140,220,->,140,221,->,140,222,->,140,223,->,140,224,->,140,225,->,140,226,->,140,227,->,140,228,->,140,229,->,140,230,->,140,231,->,140,232,->,140,233,->,140,234,->,140,235,->,140,236,->,140,237,->,140,238,->,140,239,->,140,240,->,140,241,->,140,242,->,140,243,->,140,244,->,140,245,->,140,246,->,140,247,->,140,248,->,140,249,->,140,250,->,140,251,->,140,252,->,140,253,->,140,254,->,140,255,->,140,256,->,140,257,->,140,258,->,140,259,->,140,260,->,140,261,->,140,262,->,140,263,->,140,264,->,140,265,->,140,266,->,140,267,->,140,268,->,140,269,->,140,270,->,140,271,->,140,272,->,140,273,->,140,274,->,140,275,->,140,276,->,140,277,->,140,278,->,140,279,->,140,280,->,140,281,->,140,282,->,140,283,->,140,284,->,140,285,->,140,286,->,140,287,->,140,288,->,140,289,->,140,290,->,140,291,->,140,292,->,140,293,->,140,294,->,140,295,->,140,296,->,140,297,->,140,298,->,140,299,->,140,300,->,140,301,->,140,302,->,140,303,->,141,6,->,141,7,->,141,8,->,141,9,->,141,10,->,141,13,->,141,14,->,141,15,->,141,16,->,141,17,->,141,18,->,141,19,->,141,21,->,141,23,->,141,24,->,141,25,->,141,26,->,141,27,->,141,30,->,141,31,->,141,32,->,141,33,->,141,36,->,141,37,->,141,39,->,141,40,->,141,41,->,141,42,->,141,46,->,141,49,->,141,62,->,141,68,->,141,69,->,141,70,->,141,71,->,141,72,->,141,73,->,141,74,->,141,75,->,141,76,->,141,77,->,141,78,->,141,79,->,141,80,->,141,81,->,141,82,->,141,83,->,141,84,->,141,85,->,141,86,->,141,87,->,141,88,->,141,89,->,141,90,->,141,91,->,141,92,->,141,93,->,141,94,->,141,95,->,141,96,->,141,97,->,141,98,->,141,99,->,141,100,->,141,101,->,141,102,->,141,103,->,141,104,->,141,105,->,141,106,->,141,107,->,141,108,->,141,109,->,141,110,->,141,111,->,141,112,->,141,113,->,141,114,->,141,115,->,141,116,->,141,117,->,141,118,->,141,119,->,141,120,->,141,121,->,141,122,->,141,123,->,141,124,->,141,125,->,141,126,->,141,127,->,141,128,->,141,129,->,141,130,->,141,131,->,141,132,->,141,133,->,141,134,->,141,135,->,141,136,->,141,137,->,141,138,->,141,139,->,141,140,->,141,141,->,141,142,->,141,143,->,141,144,->,141,145,->,141,146,->,141,147,->,141,148,->,141,149,->,141,150,->,141,151,->,141,152,->,141,153,->,141,154,->,141,155,->,141,156,->,141,157,->,141,158,->,141,159,->,141,160,->,141,161,->,141,162,->,141,163,->,141,164,->,141,165,->,141,166,->,141,167,->,141,168,->,141,169,->,141,170,->,141,171,->,141,172,->,141,173,->,141,174,->,141,175,->,141,176,->,141,177,->,141,178,->,141,179,->,141,180,->,141,181,->,141,182,->,141,183,->,141,184,->,141,185,->,141,186,->,141,187,->,141,188,->,141,189,->,141,190,->,141,191,->,141,192,->,141,193,->,141,194,->,141,195,->,141,196,->,141,197,->,141,198,->,141,199,->,141,200,->,141,201,->,141,202,->,141,203,->,141,204,->,141,205,->,141,206,->,141,207,->,141,208,->,141,209,->,141,210,->,141,211,->,141,212,->,141,213,->,141,214,->,141,215,->,141,216,->,141,217,->,141,218,->,141,219,->,141,220,->,141,221,->,141,222,->,141,223,->,141,224,->,141,225,->,141,226,->,141,227,->,141,228,->,141,229,->,141,230,->,141,231,->,141,232,->,141,233,->,141,234,->,141,235,->,141,236,->,141,237,->,141,238,->,141,239,->,141,240,->,141,241,->,141,242,->,141,243,->,141,244,->,141,245,->,141,246,->,141,247,->,141,248,->,141,249,->,141,250,->,141,251,->,141,252,->,141,253,->,141,254,->,141,255,->,141,256,->,141,257,->,141,258,->,141,259,->,141,260,->,141,261,->,141,262,->,141,263,->,141,264,->,141,265,->,141,266,->,141,267,->,141,268,->,141,269,->,141,270,->,141,271,->,141,272,->,141,273,->,141,274,->,141,275,->,141,276,->,141,277,->,141,278,->,141,279,->,141,280,->,141,281,->,141,282,->,141,283,->,141,284,->,141,285,->,141,286,->,141,287,->,141,288,->,141,289,->,141,290,->,141,291,->,141,292,->,141,293,->,141,294,->,141,295,->,141,296,->,141,297,->,141,298,->,141,299,->,141,300,->,141,301,->,141,302,->,141,303,->,142,0,->,142,5,->,142,9,->,142,10,->,142,11,->,142,12,->,142,13,->,142,14,->,142,15,->,142,16,->,142,17,->,142,18,->,142,19,->,142,20,->,142,21,->,142,22,->,142,23,->,142,25,->,142,26,->,142,27,->,142,28,->,142,30,->,142,31,->,142,34,->,142,35,->,142,36,->,142,38,->,142,40,->,142,41,->,142,42,->,142,43,->,142,44,->,142,45,->,142,46,->,142,47,->,142,69,->,142,70,->,142,71,->,142,72,->,142,73,->,142,74,->,142,75,->,142,76,->,142,77,->,142,78,->,142,79,->,142,80,->,142,81,->,142,82,->,142,83,->,142,84,->,142,85,->,142,86,->,142,87,->,142,88,->,142,89,->,142,90,->,142,91,->,142,92,->,142,93,->,142,94,->,142,95,->,142,96,->,142,97,->,142,98,->,142,99,->,142,100,->,142,101,->,142,102,->,142,103,->,142,104,->,142,105,->,142,106,->,142,107,->,142,108,->,142,109,->,142,110,->,142,111,->,142,112,->,142,113,->,142,114,->,142,115,->,142,116,->,142,117,->,142,118,->,142,119,->,142,120,->,142,121,->,142,122,->,142,123,->,142,124,->,142,125,->,142,126,->,142,127,->,142,128,->,142,129,->,142,130,->,142,131,->,142,132,->,142,133,->,142,134,->,142,135,->,142,136,->,142,137,->,142,138,->,142,139,->,142,140,->,142,141,->,142,142,->,142,143,->,142,144,->,142,145,->,142,146,->,142,147,->,142,148,->,142,149,->,142,150,->,142,151,->,142,152,->,142,153,->,142,154,->,142,155,->,142,156,->,142,157,->,142,158,->,142,159,->,142,160,->,142,161,->,142,162,->,142,163,->,142,164,->,142,165,->,142,166,->,142,167,->,142,168,->,142,169,->,142,170,->,142,171,->,142,172,->,142,173,->,142,174,->,142,175,->,142,176,->,142,177,->,142,178,->,142,179,->,142,180,->,142,181,->,142,182,->,142,183,->,142,184,->,142,185,->,142,186,->,142,187,->,142,188,->,142,189,->,142,190,->,142,191,->,142,192,->,142,193,->,142,194,->,142,195,->,142,196,->,142,197,->,142,198,->,142,199,->,142,200,->,142,201,->,142,202,->,142,203,->,142,204,->,142,205,->,142,206,->,142,207,->,142,208,->,142,209,->,142,210,->,142,211,->,142,212,->,142,213,->,142,214,->,142,215,->,142,216,->,142,217,->,142,218,->,142,219,->,142,220,->,142,221,->,142,222,->,142,223,->,142,224,->,142,225,->,142,226,->,142,227,->,142,228,->,142,229,->,142,230,->,142,231,->,142,232,->,142,233,->,142,234,->,142,235,->,142,236,->,142,237,->,142,238,->,142,239,->,142,240,->,142,241,->,142,242,->,142,243,->,142,244,->,142,245,->,142,246,->,142,247,->,142,248,->,142,249,->,142,250,->,142,251,->,142,252,->,142,253,->,142,254,->,142,255,->,142,256,->,142,257,->,142,258,->,142,259,->,142,260,->,142,261,->,142,262,->,142,263,->,142,264,->,142,265,->,142,266,->,142,267,->,142,268,->,142,269,->,142,270,->,142,271,->,142,272,->,142,273,->,142,274,->,142,275,->,142,276,->,142,277,->,142,278,->,142,279,->,142,280,->,142,281,->,142,282,->,142,283,->,142,284,->,142,285,->,142,286,->,142,287,->,142,288,->,142,289,->,142,290,->,142,291,->,142,292,->,142,293,->,142,294,->,142,295,->,142,296,->,142,297,->,142,298,->,142,299,->,142,300,->,142,301,->,142,302,->,142,303,->,143,2,->,143,5,->,143,11,->,143,12,->,143,13,->,143,14,->,143,15,->,143,16,->,143,17,->,143,18,->,143,19,->,143,20,->,143,22,->,143,23,->,143,25,->,143,26,->,143,27,->,143,28,->,143,30,->,143,31,->,143,33,->,143,34,->,143,36,->,143,37,->,143,38,->,143,39,->,143,40,->,143,42,->,143,44,->,143,45,->,143,46,->,143,47,->,143,71,->,143,72,->,143,73,->,143,74,->,143,75,->,143,76,->,143,77,->,143,78,->,143,79,->,143,80,->,143,81,->,143,82,->,143,83,->,143,84,->,143,85,->,143,86,->,143,87,->,143,88,->,143,89,->,143,90,->,143,91,->,143,92,->,143,93,->,143,94,->,143,95,->,143,96,->,143,97,->,143,98,->,143,99,->,143,100,->,143,101,->,143,102,->,143,103,->,143,104,->,143,105,->,143,106,->,143,107,->,143,108,->,143,109,->,143,110,->,143,111,->,143,112,->,143,113,->,143,114,->,143,115,->,143,116,->,143,117,->,143,118,->,143,119,->,143,120,->,143,121,->,143,122,->,143,123,->,143,124,->,143,125,->,143,126,->,143,127,->,143,128,->,143,129,->,143,130,->,143,131,->,143,132,->,143,133,->,143,134,->,143,135,->,143,136,->,143,137,->,143,138,->,143,139,->,143,140,->,143,141,->,143,142,->,143,143,->,143,144,->,143,145,->,143,146,->,143,147,->,143,148,->,143,149,->,143,150,->,143,151,->,143,152,->,143,153,->,143,154,->,143,155,->,143,156,->,143,157,->,143,158,->,143,159,->,143,160,->,143,161,->,143,162,->,143,163,->,143,164,->,143,165,->,143,166,->,143,167,->,143,168,->,143,169,->,143,170,->,143,171,->,143,172,->,143,173,->,143,174,->,143,175,->,143,176,->,143,177,->,143,178,->,143,179,->,143,180,->,143,181,->,143,182,->,143,183,->,143,184,->,143,185,->,143,186,->,143,187,->,143,188,->,143,189,->,143,190,->,143,191,->,143,192,->,143,193,->,143,194,->,143,195,->,143,196,->,143,197,->,143,198,->,143,199,->,143,200,->,143,201,->,143,202,->,143,203,->,143,204,->,143,205,->,143,206,->,143,207,->,143,208,->,143,209,->,143,210,->,143,211,->,143,212,->,143,213,->,143,214,->,143,215,->,143,216,->,143,217,->,143,218,->,143,219,->,143,220,->,143,221,->,143,222,->,143,223,->,143,224,->,143,225,->,143,226,->,143,227,->,143,228,->,143,229,->,143,230,->,143,231,->,143,232,->,143,233,->,143,234,->,143,235,->,143,236,->,143,237,->,143,238,->,143,239,->,143,240,->,143,241,->,143,242,->,143,243,->,143,244,->,143,245,->,143,246,->,143,247,->,143,248,->,143,249,->,143,250,->,143,251,->,143,252,->,143,253,->,143,254,->,143,255,->,143,256,->,143,257,->,143,258,->,143,259,->,143,260,->,143,261,->,143,262,->,143,263,->,143,264,->,143,265,->,143,266,->,143,267,->,143,268,->,143,269,->,143,270,->,143,271,->,143,272,->,143,273,->,143,274,->,143,275,->,143,276,->,143,277,->,143,278,->,143,279,->,143,280,->,143,281,->,143,282,->,143,283,->,143,284,->,143,285,->,143,286,->,143,287,->,143,288,->,143,289,->,143,290,->,143,291,->,143,292,->,143,293,->,143,294,->,143,295,->,143,296,->,143,297,->,143,298,->,143,299,->,143,300,->,143,301,->,143,302,->,143,303,->,144,0,->,144,1,->,144,5,->,144,7,->,144,10,->,144,11,->,144,12,->,144,13,->,144,14,->,144,15,->,144,16,->,144,17,->,144,18,->,144,19,->,144,20,->,144,21,->,144,22,->,144,23,->,144,24,->,144,25,->,144,26,->,144,27,->,144,28,->,144,30,->,144,31,->,144,32,->,144,33,->,144,34,->,144,35,->,144,36,->,144,37,->,144,38,->,144,46,->,144,71,->,144,72,->,144,73,->,144,74,->,144,75,->,144,76,->,144,77,->,144,78,->,144,79,->,144,80,->,144,81,->,144,82,->,144,83,->,144,84,->,144,85,->,144,86,->,144,87,->,144,88,->,144,89,->,144,90,->,144,91,->,144,92,->,144,93,->,144,94,->,144,95,->,144,96,->,144,97,->,144,98,->,144,99,->,144,100,->,144,101,->,144,102,->,144,103,->,144,104,->,144,105,->,144,106,->,144,107,->,144,108,->,144,109,->,144,110,->,144,111,->,144,112,->,144,113,->,144,114,->,144,115,->,144,116,->,144,117,->,144,118,->,144,119,->,144,120,->,144,121,->,144,122,->,144,123,->,144,124,->,144,125,->,144,126,->,144,127,->,144,128,->,144,129,->,144,130,->,144,131,->,144,132,->,144,133,->,144,134,->,144,135,->,144,136,->,144,137,->,144,138,->,144,139,->,144,140,->,144,141,->,144,142,->,144,143,->,144,144,->,144,145,->,144,146,->,144,147,->,144,148,->,144,149,->,144,150,->,144,151,->,144,152,->,144,153,->,144,154,->,144,155,->,144,156,->,144,157,->,144,158,->,144,159,->,144,160,->,144,161,->,144,162,->,144,163,->,144,164,->,144,165,->,144,166,->,144,167,->,144,168,->,144,169,->,144,170,->,144,171,->,144,172,->,144,173,->,144,174,->,144,175,->,144,176,->,144,177,->,144,178,->,144,179,->,144,180,->,144,181,->,144,182,->,144,183,->,144,184,->,144,185,->,144,186,->,144,187,->,144,188,->,144,189,->,144,190,->,144,191,->,144,192,->,144,193,->,144,194,->,144,195,->,144,196,->,144,197,->,144,198,->,144,199,->,144,200,->,144,201,->,144,202,->,144,203,->,144,204,->,144,205,->,144,206,->,144,207,->,144,208,->,144,209,->,144,210,->,144,211,->,144,212,->,144,213,->,144,214,->,144,215,->,144,216,->,144,217,->,144,218,->,144,219,->,144,220,->,144,221,->,144,222,->,144,223,->,144,224,->,144,225,->,144,226,->,144,227,->,144,228,->,144,229,->,144,230,->,144,231,->,144,232,->,144,233,->,144,234,->,144,235,->,144,236,->,144,237,->,144,238,->,144,239,->,144,240,->,144,241,->,144,242,->,144,243,->,144,244,->,144,245,->,144,246,->,144,247,->,144,248,->,144,249,->,144,250,->,144,251,->,144,252,->,144,253,->,144,254,->,144,255,->,144,256,->,144,257,->,144,258,->,144,259,->,144,260,->,144,261,->,144,262,->,144,263,->,144,264,->,144,265,->,144,266,->,144,267,->,144,268,->,144,269,->,144,270,->,144,271,->,144,272,->,144,273,->,144,274,->,144,275,->,144,276,->,144,277,->,144,278,->,144,279,->,144,280,->,144,281,->,144,282,->,144,283,->,144,284,->,144,285,->,144,286,->,144,287,->,144,288,->,144,289,->,144,290,->,144,291,->,144,292,->,144,293,->,144,294,->,144,295,->,144,296,->,144,297,->,144,298,->,144,299,->,144,300,->,144,301,->,144,302,->,144,303,->,145,0,->,145,1,->,145,2,->,145,3,->,145,4,->,145,5,->,145,9,->,145,12,->,145,13,->,145,14,->,145,15,->,145,16,->,145,17,->,145,18,->,145,19,->,145,21,->,145,23,->,145,24,->,145,25,->,145,26,->,145,27,->,145,28,->,145,29,->,145,30,->,145,31,->,145,33,->,145,34,->,145,35,->,145,39,->,145,70,->,145,71,->,145,72,->,145,73,->,145,74,->,145,75,->,145,76,->,145,77,->,145,78,->,145,79,->,145,80,->,145,81,->,145,82,->,145,83,->,145,84,->,145,85,->,145,86,->,145,87,->,145,88,->,145,89,->,145,90,->,145,91,->,145,92,->,145,93,->,145,94,->,145,95,->,145,96,->,145,97,->,145,98,->,145,99,->,145,100,->,145,101,->,145,102,->,145,103,->,145,104,->,145,105,->,145,106,->,145,107,->,145,108,->,145,109,->,145,110,->,145,111,->,145,112,->,145,113,->,145,114,->,145,115,->,145,116,->,145,117,->,145,118,->,145,119,->,145,120,->,145,121,->,145,122,->,145,123,->,145,124,->,145,125,->,145,126,->,145,127,->,145,128,->,145,129,->,145,130,->,145,131,->,145,132,->,145,133,->,145,134,->,145,135,->,145,136,->,145,137,->,145,138,->,145,139,->,145,140,->,145,141,->,145,142,->,145,143,->,145,144,->,145,145,->,145,146,->,145,147,->,145,148,->,145,149,->,145,150,->,145,151,->,145,152,->,145,153,->,145,154,->,145,155,->,145,156,->,145,157,->,145,158,->,145,159,->,145,160,->,145,161,->,145,162,->,145,163,->,145,164,->,145,165,->,145,166,->,145,167,->,145,168,->,145,169,->,145,170,->,145,171,->,145,172,->,145,173,->,145,174,->,145,175,->,145,176,->,145,177,->,145,178,->,145,179,->,145,180,->,145,181,->,145,182,->,145,183,->,145,184,->,145,185,->,145,186,->,145,187,->,145,188,->,145,189,->,145,190,->,145,191,->,145,192,->,145,193,->,145,194,->,145,195,->,145,196,->,145,197,->,145,198,->,145,199,->,145,200,->,145,201,->,145,202,->,145,203,->,145,204,->,145,205,->,145,206,->,145,207,->,145,208,->,145,209,->,145,210,->,145,211,->,145,212,->,145,213,->,145,214,->,145,215,->,145,216,->,145,217,->,145,218,->,145,219,->,145,220,->,145,221,->,145,222,->,145,223,->,145,224,->,145,225,->,145,226,->,145,227,->,145,228,->,145,229,->,145,230,->,145,231,->,145,232,->,145,233,->,145,234,->,145,235,->,145,236,->,145,237,->,145,238,->,145,239,->,145,240,->,145,241,->,145,242,->,145,243,->,145,244,->,145,245,->,145,246,->,145,247,->,145,248,->,145,249,->,145,250,->,145,251,->,145,252,->,145,253,->,145,254,->,145,255,->,145,256,->,145,257,->,145,258,->,145,259,->,145,260,->,145,261,->,145,262,->,145,263,->,145,264,->,145,265,->,145,266,->,145,267,->,145,268,->,145,269,->,145,270,->,145,271,->,145,272,->,145,273,->,145,274,->,145,275,->,145,276,->,145,277,->,145,278,->,145,279,->,145,280,->,145,281,->,145,282,->,145,283,->,145,284,->,145,285,->,145,286,->,145,287,->,145,288,->,145,289,->,145,290,->,145,291,->,145,292,->,145,293,->,145,294,->,145,295,->,145,296,->,145,297,->,145,298,->,145,299,->,145,300,->,145,301,->,145,302,->,145,303,->,146,0,->,146,1,->,146,2,->,146,3,->,146,4,->,146,9,->,146,10,->,146,11,->,146,12,->,146,13,->,146,14,->,146,15,->,146,16,->,146,17,->,146,18,->,146,19,->,146,20,->,146,21,->,146,23,->,146,24,->,146,26,->,146,27,->,146,28,->,146,29,->,146,30,->,146,31,->,146,32,->,146,33,->,146,34,->,146,35,->,146,69,->,146,70,->,146,71,->,146,72,->,146,73,->,146,74,->,146,75,->,146,76,->,146,77,->,146,78,->,146,79,->,146,80,->,146,81,->,146,82,->,146,83,->,146,84,->,146,85,->,146,86,->,146,87,->,146,88,->,146,89,->,146,90,->,146,91,->,146,92,->,146,93,->,146,94,->,146,95,->,146,96,->,146,97,->,146,98,->,146,99,->,146,100,->,146,101,->,146,102,->,146,103,->,146,104,->,146,105,->,146,106,->,146,107,->,146,108,->,146,109,->,146,110,->,146,111,->,146,112,->,146,113,->,146,114,->,146,115,->,146,116,->,146,117,->,146,118,->,146,119,->,146,120,->,146,121,->,146,122,->,146,123,->,146,124,->,146,125,->,146,126,->,146,127,->,146,128,->,146,129,->,146,130,->,146,131,->,146,132,->,146,133,->,146,134,->,146,135,->,146,136,->,146,137,->,146,138,->,146,139,->,146,140,->,146,141,->,146,142,->,146,143,->,146,144,->,146,145,->,146,146,->,146,147,->,146,148,->,146,149,->,146,150,->,146,151,->,146,152,->,146,153,->,146,154,->,146,155,->,146,156,->,146,157,->,146,158,->,146,159,->,146,160,->,146,161,->,146,162,->,146,163,->,146,164,->,146,165,->,146,166,->,146,167,->,146,168,->,146,169,->,146,170,->,146,171,->,146,172,->,146,173,->,146,174,->,146,175,->,146,176,->,146,177,->,146,178,->,146,179,->,146,180,->,146,181,->,146,182,->,146,183,->,146,184,->,146,185,->,146,186,->,146,187,->,146,188,->,146,189,->,146,190,->,146,191,->,146,192,->,146,193,->,146,194,->,146,195,->,146,196,->,146,197,->,146,198,->,146,199,->,146,200,->,146,201,->,146,202,->,146,203,->,146,204,->,146,205,->,146,206,->,146,207,->,146,208,->,146,209,->,146,210,->,146,211,->,146,212,->,146,213,->,146,214,->,146,215,->,146,216,->,146,217,->,146,218,->,146,219,->,146,220,->,146,221,->,146,222,->,146,223,->,146,224,->,146,225,->,146,226,->,146,227,->,146,228,->,146,229,->,146,230,->,146,231,->,146,232,->,146,233,->,146,234,->,146,235,->,146,236,->,146,237,->,146,238,->,146,239,->,146,240,->,146,241,->,146,242,->,146,243,->,146,244,->,146,245,->,146,246,->,146,247,->,146,248,->,146,249,->,146,250,->,146,251,->,146,252,->,146,253,->,146,254,->,146,255,->,146,256,->,146,257,->,146,258,->,146,259,->,146,260,->,146,261,->,146,262,->,146,263,->,146,264,->,146,265,->,146,266,->,146,267,->,146,268,->,146,269,->,146,270,->,146,271,->,146,272,->,146,273,->,146,274,->,146,275,->,146,276,->,146,277,->,146,278,->,146,279,->,146,280,->,146,281,->,146,282,->,146,283,->,146,284,->,146,285,->,146,286,->,146,287,->,146,288,->,146,289,->,146,290,->,146,291,->,146,292,->,146,293,->,146,294,->,146,295,->,146,296,->,146,297,->,146,298,->,146,299,->,146,300,->,146,301,->,146,302,->,146,303,->,147,2,->,147,3,->,147,11,->,147,12,->,147,13,->,147,14,->,147,15,->,147,16,->,147,17,->,147,18,->,147,19,->,147,20,->,147,21,->,147,22,->,147,23,->,147,24,->,147,25,->,147,26,->,147,28,->,147,30,->,147,31,->,147,32,->,147,69,->,147,70,->,147,71,->,147,72,->,147,73,->,147,74,->,147,75,->,147,76,->,147,77,->,147,78,->,147,79,->,147,80,->,147,81,->,147,82,->,147,83,->,147,84,->,147,85,->,147,86,->,147,87,->,147,88,->,147,89,->,147,90,->,147,91,->,147,92,->,147,93,->,147,94,->,147,95,->,147,96,->,147,97,->,147,98,->,147,99,->,147,100,->,147,101,->,147,102,->,147,103,->,147,104,->,147,105,->,147,106,->,147,107,->,147,108,->,147,109,->,147,110,->,147,111,->,147,112,->,147,113,->,147,114,->,147,115,->,147,116,->,147,117,->,147,118,->,147,119,->,147,120,->,147,121,->,147,122,->,147,123,->,147,124,->,147,125,->,147,126,->,147,127,->,147,128,->,147,129,->,147,130,->,147,131,->,147,132,->,147,133,->,147,134,->,147,135,->,147,136,->,147,137,->,147,138,->,147,139,->,147,140,->,147,141,->,147,142,->,147,143,->,147,144,->,147,145,->,147,146,->,147,147,->,147,148,->,147,149,->,147,150,->,147,151,->,147,152,->,147,153,->,147,154,->,147,155,->,147,156,->,147,157,->,147,158,->,147,159,->,147,160,->,147,161,->,147,162,->,147,163,->,147,164,->,147,165,->,147,166,->,147,167,->,147,168,->,147,169,->,147,170,->,147,171,->,147,172,->,147,173,->,147,174,->,147,175,->,147,176,->,147,177,->,147,178,->,147,179,->,147,180,->,147,181,->,147,182,->,147,183,->,147,184,->,147,185,->,147,186,->,147,187,->,147,188,->,147,189,->,147,190,->,147,191,->,147,192,->,147,193,->,147,194,->,147,195,->,147,196,->,147,197,->,147,198,->,147,199,->,147,200,->,147,201,->,147,202,->,147,203,->,147,204,->,147,205,->,147,206,->,147,207,->,147,208,->,147,209,->,147,210,->,147,211,->,147,212,->,147,213,->,147,214,->,147,215,->,147,216,->,147,217,->,147,218,->,147,219,->,147,220,->,147,221,->,147,222,->,147,223,->,147,224,->,147,225,->,147,226,->,147,227,->,147,228,->,147,229,->,147,230,->,147,231,->,147,232,->,147,233,->,147,234,->,147,235,->,147,236,->,147,237,->,147,238,->,147,239,->,147,240,->,147,241,->,147,242,->,147,243,->,147,244,->,147,245,->,147,246,->,147,247,->,147,248,->,147,249,->,147,250,->,147,251,->,147,252,->,147,253,->,147,254,->,147,255,->,147,256,->,147,257,->,147,258,->,147,259,->,147,260,->,147,261,->,147,262,->,147,263,->,147,264,->,147,265,->,147,266,->,147,267,->,147,268,->,147,269,->,147,270,->,147,271,->,147,272,->,147,273,->,147,274,->,147,275,->,147,276,->,147,277,->,147,278,->,147,279,->,147,280,->,147,281,->,147,282,->,147,283,->,147,284,->,147,285,->,147,286,->,147,287,->,147,288,->,147,289,->,147,290,->,147,291,->,147,292,->,147,293,->,147,294,->,147,295,->,147,296,->,147,297,->,147,298,->,147,299,->,147,300,->,147,301,->,147,302,->,147,303,->,148,2,->,148,4,->,148,8,->,148,9,->,148,10,->,148,11,->,148,12,->,148,13,->,148,14,->,148,15,->,148,16,->,148,17,->,148,18,->,148,19,->,148,20,->,148,23,->,148,24,->,148,25,->,148,26,->,148,29,->,148,30,->,148,31,->,148,32,->,148,33,->,148,69,->,148,70,->,148,71,->,148,72,->,148,73,->,148,74,->,148,75,->,148,76,->,148,77,->,148,78,->,148,79,->,148,80,->,148,81,->,148,82,->,148,83,->,148,84,->,148,85,->,148,86,->,148,87,->,148,88,->,148,89,->,148,90,->,148,91,->,148,92,->,148,93,->,148,94,->,148,95,->,148,96,->,148,97,->,148,98,->,148,99,->,148,100,->,148,101,->,148,102,->,148,103,->,148,104,->,148,105,->,148,106,->,148,107,->,148,108,->,148,109,->,148,110,->,148,111,->,148,112,->,148,113,->,148,114,->,148,115,->,148,116,->,148,117,->,148,118,->,148,119,->,148,120,->,148,121,->,148,122,->,148,123,->,148,124,->,148,125,->,148,126,->,148,127,->,148,128,->,148,129,->,148,130,->,148,131,->,148,132,->,148,133,->,148,134,->,148,135,->,148,136,->,148,137,->,148,138,->,148,139,->,148,140,->,148,141,->,148,142,->,148,143,->,148,144,->,148,145,->,148,146,->,148,147,->,148,148,->,148,149,->,148,150,->,148,151,->,148,152,->,148,153,->,148,154,->,148,155,->,148,156,->,148,157,->,148,158,->,148,159,->,148,160,->,148,161,->,148,162,->,148,163,->,148,164,->,148,165,->,148,166,->,148,167,->,148,168,->,148,169,->,148,170,->,148,171,->,148,172,->,148,173,->,148,174,->,148,175,->,148,176,->,148,177,->,148,178,->,148,179,->,148,180,->,148,181,->,148,182,->,148,183,->,148,184,->,148,185,->,148,186,->,148,187,->,148,188,->,148,189,->,148,190,->,148,191,->,148,192,->,148,193,->,148,194,->,148,195,->,148,196,->,148,197,->,148,198,->,148,199,->,148,200,->,148,201,->,148,202,->,148,203,->,148,204,->,148,205,->,148,206,->,148,207,->,148,208,->,148,209,->,148,210,->,148,211,->,148,212,->,148,213,->,148,214,->,148,215,->,148,216,->,148,217,->,148,218,->,148,219,->,148,220,->,148,221,->,148,222,->,148,223,->,148,224,->,148,225,->,148,226,->,148,227,->,148,228,->,148,229,->,148,230,->,148,231,->,148,232,->,148,233,->,148,234,->,148,235,->,148,236,->,148,237,->,148,238,->,148,239,->,148,240,->,148,241,->,148,242,->,148,243,->,148,244,->,148,245,->,148,246,->,148,247,->,148,248,->,148,249,->,148,250,->,148,251,->,148,252,->,148,253,->,148,254,->,148,255,->,148,256,->,148,257,->,148,258,->,148,259,->,148,260,->,148,261,->,148,262,->,148,263,->,148,264,->,148,265,->,148,266,->,148,267,->,148,268,->,148,269,->,148,270,->,148,271,->,148,272,->,148,273,->,148,274,->,148,275,->,148,276,->,148,277,->,148,278,->,148,279,->,148,280,->,148,281,->,148,282,->,148,283,->,148,284,->,148,285,->,148,286,->,148,287,->,148,288,->,148,289,->,148,290,->,148,291,->,148,292,->,148,293,->,148,294,->,148,295,->,148,296,->,148,297,->,148,298,->,148,299,->,148,300,->,148,301,->,148,302,->,148,303,->,149,4,->,149,10,->,149,11,->,149,12,->,149,13,->,149,14,->,149,15,->,149,16,->,149,17,->,149,18,->,149,19,->,149,21,->,149,22,->,149,24,->,149,25,->,149,26,->,149,29,->,149,31,->,149,32,->,149,33,->,149,71,->,149,72,->,149,73,->,149,74,->,149,75,->,149,76,->,149,77,->,149,78,->,149,79,->,149,80,->,149,81,->,149,82,->,149,83,->,149,84,->,149,85,->,149,86,->,149,87,->,149,88,->,149,89,->,149,90,->,149,91,->,149,92,->,149,93,->,149,94,->,149,95,->,149,96,->,149,97,->,149,98,->,149,99,->,149,100,->,149,101,->,149,102,->,149,103,->,149,104,->,149,105,->,149,106,->,149,107,->,149,108,->,149,109,->,149,110,->,149,111,->,149,112,->,149,113,->,149,114,->,149,115,->,149,116,->,149,117,->,149,118,->,149,119,->,149,120,->,149,121,->,149,122,->,149,123,->,149,124,->,149,125,->,149,126,->,149,127,->,149,128,->,149,129,->,149,130,->,149,131,->,149,132,->,149,133,->,149,134,->,149,135,->,149,136,->,149,137,->,149,138,->,149,139,->,149,140,->,149,141,->,149,142,->,149,143,->,149,144,->,149,145,->,149,146,->,149,147,->,149,148,->,149,149,->,149,150,->,149,151,->,149,152,->,149,153,->,149,154,->,149,155,->,149,156,->,149,157,->,149,158,->,149,159,->,149,160,->,149,161,->,149,162,->,149,163,->,149,164,->,149,165,->,149,166,->,149,167,->,149,168,->,149,169,->,149,170,->,149,171,->,149,172,->,149,173,->,149,174,->,149,175,->,149,176,->,149,177,->,149,178,->,149,179,->,149,180,->,149,181,->,149,182,->,149,183,->,149,184,->,149,185,->,149,186,->,149,187,->,149,188,->,149,189,->,149,190,->,149,191,->,149,192,->,149,193,->,149,194,->,149,195,->,149,196,->,149,197,->,149,198,->,149,199,->,149,200,->,149,201,->,149,202,->,149,203,->,149,204,->,149,205,->,149,206,->,149,207,->,149,208,->,149,209,->,149,210,->,149,211,->,149,212,->,149,213,->,149,214,->,149,215,->,149,216,->,149,217,->,149,218,->,149,219,->,149,220,->,149,221,->,149,222,->,149,223,->,149,224,->,149,225,->,149,226,->,149,227,->,149,228,->,149,229,->,149,230,->,149,231,->,149,232,->,149,233,->,149,234,->,149,235,->,149,236,->,149,237,->,149,238,->,149,239,->,149,240,->,149,241,->,149,242,->,149,243,->,149,244,->,149,245,->,149,246,->,149,247,->,149,248,->,149,249,->,149,250,->,149,251,->,149,252,->,149,253,->,149,254,->,149,255,->,149,256,->,149,257,->,149,258,->,149,259,->,149,260,->,149,261,->,149,262,->,149,263,->,149,264,->,149,265,->,149,266,->,149,267,->,149,268,->,149,269,->,149,270,->,149,271,->,149,272,->,149,273,->,149,274,->,149,275,->,149,276,->,149,277,->,149,278,->,149,279,->,149,280,->,149,281,->,149,282,->,149,283,->,149,284,->,149,285,->,149,286,->,149,287,->,149,288,->,149,289,->,149,290,->,149,291,->,149,292,->,149,293,->,149,294,->,149,295,->,149,296,->,149,297,->,149,298,->,149,299,->,149,300,->,149,301,->,149,302,->,149,303,->,150,0,->,150,1,->,150,3,->,150,4,->,150,5,->,150,7,->,150,8,->,150,10,->,150,12,->,150,13,->,150,14,->,150,15,->,150,16,->,150,17,->,150,18,->,150,19,->,150,24,->,150,25,->,150,26,->,150,27,->,150,32,->,150,70,->,150,71,->,150,72,->,150,73,->,150,74,->,150,75,->,150,76,->,150,77,->,150,78,->,150,79,->,150,80,->,150,81,->,150,82,->,150,83,->,150,84,->,150,85,->,150,86,->,150,87,->,150,88,->,150,89,->,150,90,->,150,91,->,150,92,->,150,93,->,150,94,->,150,95,->,150,96,->,150,97,->,150,98,->,150,99,->,150,100,->,150,101,->,150,102,->,150,103,->,150,104,->,150,105,->,150,106,->,150,107,->,150,108,->,150,109,->,150,110,->,150,111,->,150,112,->,150,113,->,150,114,->,150,115,->,150,116,->,150,117,->,150,118,->,150,119,->,150,120,->,150,121,->,150,122,->,150,123,->,150,124,->,150,125,->,150,126,->,150,127,->,150,128,->,150,129,->,150,130,->,150,131,->,150,132,->,150,133,->,150,134,->,150,135,->,150,136,->,150,137,->,150,138,->,150,139,->,150,140,->,150,141,->,150,142,->,150,143,->,150,144,->,150,145,->,150,146,->,150,147,->,150,148,->,150,149,->,150,150,->,150,151,->,150,152,->,150,153,->,150,154,->,150,155,->,150,156,->,150,157,->,150,158,->,150,159,->,150,160,->,150,161,->,150,162,->,150,163,->,150,164,->,150,165,->,150,166,->,150,167,->,150,168,->,150,169,->,150,170,->,150,171,->,150,172,->,150,173,->,150,174,->,150,175,->,150,176,->,150,177,->,150,178,->,150,179,->,150,180,->,150,181,->,150,182,->,150,183,->,150,184,->,150,185,->,150,186,->,150,187,->,150,188,->,150,189,->,150,190,->,150,191,->,150,192,->,150,193,->,150,194,->,150,195,->,150,196,->,150,197,->,150,198,->,150,199,->,150,200,->,150,201,->,150,202,->,150,203,->,150,204,->,150,205,->,150,206,->,150,207,->,150,208,->,150,209,->,150,210,->,150,211,->,150,212,->,150,213,->,150,214,->,150,215,->,150,216,->,150,217,->,150,218,->,150,219,->,150,220,->,150,221,->,150,222,->,150,223,->,150,224,->,150,225,->,150,226,->,150,227,->,150,228,->,150,229,->,150,230,->,150,231,->,150,232,->,150,233,->,150,234,->,150,235,->,150,236,->,150,237,->,150,238,->,150,239,->,150,240,->,150,241,->,150,242,->,150,243,->,150,244,->,150,245,->,150,246,->,150,247,->,150,248,->,150,249,->,150,250,->,150,251,->,150,252,->,150,253,->,150,254,->,150,255,->,150,256,->,150,257,->,150,258,->,150,259,->,150,260,->,150,261,->,150,262,->,150,263,->,150,264,->,150,265,->,150,266,->,150,267,->,150,268,->,150,269,->,150,270,->,150,271,->,150,272,->,150,273,->,150,274,->,150,275,->,150,276,->,150,277,->,150,278,->,150,279,->,150,280,->,150,281,->,150,282,->,150,283,->,150,284,->,150,285,->,150,286,->,150,287,->,150,288,->,150,289,->,150,290,->,150,291,->,150,292,->,150,293,->,150,294,->,150,295,->,150,296,->,150,297,->,150,298,->,150,299,->,150,300,->,150,301,->,150,302,->,150,303,->,151,0,->,151,2,->,151,3,->,151,4,->,151,5,->,151,8,->,151,10,->,151,11,->,151,12,->,151,13,->,151,14,->,151,15,->,151,16,->,151,17,->,151,18,->,151,19,->,151,23,->,151,24,->,151,25,->,151,26,->,151,27,->,151,30,->,151,31,->,151,70,->,151,71,->,151,72,->,151,73,->,151,74,->,151,75,->,151,76,->,151,77,->,151,78,->,151,79,->,151,80,->,151,81,->,151,82,->,151,83,->,151,84,->,151,85,->,151,86,->,151,87,->,151,88,->,151,89,->,151,90,->,151,91,->,151,92,->,151,93,->,151,94,->,151,95,->,151,96,->,151,97,->,151,98,->,151,99,->,151,100,->,151,101,->,151,102,->,151,103,->,151,104,->,151,105,->,151,106,->,151,107,->,151,108,->,151,109,->,151,110,->,151,111,->,151,112,->,151,113,->,151,114,->,151,115,->,151,116,->,151,117,->,151,118,->,151,119,->,151,120,->,151,121,->,151,122,->,151,123,->,151,124,->,151,125,->,151,126,->,151,127,->,151,128,->,151,129,->,151,130,->,151,131,->,151,132,->,151,133,->,151,134,->,151,135,->,151,136,->,151,137,->,151,138,->,151,139,->,151,140,->,151,141,->,151,142,->,151,143,->,151,144,->,151,145,->,151,146,->,151,147,->,151,148,->,151,149,->,151,150,->,151,151,->,151,152,->,151,153,->,151,154,->,151,155,->,151,156,->,151,157,->,151,158,->,151,159,->,151,160,->,151,161,->,151,162,->,151,163,->,151,164,->,151,165,->,151,166,->,151,167,->,151,168,->,151,169,->,151,170,->,151,171,->,151,172,->,151,173,->,151,174,->,151,175,->,151,176,->,151,177,->,151,178,->,151,179,->,151,180,->,151,181,->,151,182,->,151,183,->,151,184,->,151,185,->,151,186,->,151,187,->,151,188,->,151,189,->,151,190,->,151,191,->,151,192,->,151,193,->,151,194,->,151,195,->,151,196,->,151,197,->,151,198,->,151,199,->,151,200,->,151,201,->,151,202,->,151,203,->,151,204,->,151,205,->,151,206,->,151,207,->,151,208,->,151,209,->,151,210,->,151,211,->,151,212,->,151,213,->,151,214,->,151,215,->,151,216,->,151,217,->,151,218,->,151,219,->,151,220,->,151,221,->,151,222,->,151,223,->,151,224,->,151,225,->,151,226,->,151,227,->,151,228,->,151,229,->,151,230,->,151,231,->,151,232,->,151,233,->,151,234,->,151,235,->,151,236,->,151,237,->,151,238,->,151,239,->,151,240,->,151,241,->,151,242,->,151,243,->,151,244,->,151,245,->,151,246,->,151,247,->,151,248,->,151,249,->,151,250,->,151,251,->,151,252,->,151,253,->,151,254,->,151,255,->,151,256,->,151,257,->,151,258,->,151,259,->,151,260,->,151,261,->,151,262,->,151,263,->,151,264,->,151,265,->,151,266,->,151,267,->,151,268,->,151,269,->,151,270,->,151,271,->,151,272,->,151,273,->,151,274,->,151,275,->,151,276,->,151,277,->,151,278,->,151,279,->,151,280,->,151,281,->,151,282,->,151,283,->,151,284,->,151,285,->,151,286,->,151,287,->,151,288,->,151,289,->,151,290,->,151,291,->,151,292,->,151,293,->,151,294,->,151,295,->,151,296,->,151,297,->,151,298,->,151,299,->,151,300,->,151,301,->,151,302,->,151,303,->,152,4,->,152,5,->,152,9,->,152,10,->,152,11,->,152,12,->,152,13,->,152,14,->,152,15,->,152,16,->,152,17,->,152,18,->,152,19,->,152,20,->,152,21,->,152,22,->,152,23,->,152,24,->,152,27,->,152,30,->,152,31,->,152,69,->,152,70,->,152,71,->,152,72,->,152,73,->,152,74,->,152,75,->,152,76,->,152,77,->,152,78,->,152,79,->,152,80,->,152,81,->,152,82,->,152,83,->,152,84,->,152,85,->,152,86,->,152,87,->,152,88,->,152,89,->,152,90,->,152,91,->,152,92,->,152,93,->,152,94,->,152,95,->,152,96,->,152,97,->,152,98,->,152,99,->,152,100,->,152,101,->,152,102,->,152,103,->,152,104,->,152,105,->,152,106,->,152,107,->,152,108,->,152,109,->,152,110,->,152,111,->,152,112,->,152,113,->,152,114,->,152,115,->,152,116,->,152,117,->,152,118,->,152,119,->,152,120,->,152,121,->,152,122,->,152,123,->,152,124,->,152,125,->,152,126,->,152,127,->,152,128,->,152,129,->,152,130,->,152,131,->,152,132,->,152,133,->,152,134,->,152,135,->,152,136,->,152,137,->,152,138,->,152,139,->,152,140,->,152,141,->,152,142,->,152,143,->,152,144,->,152,145,->,152,146,->,152,147,->,152,148,->,152,149,->,152,150,->,152,151,->,152,152,->,152,153,->,152,154,->,152,155,->,152,156,->,152,157,->,152,158,->,152,159,->,152,160,->,152,161,->,152,162,->,152,163,->,152,164,->,152,165,->,152,166,->,152,167,->,152,168,->,152,169,->,152,170,->,152,171,->,152,172,->,152,173,->,152,174,->,152,175,->,152,176,->,152,177,->,152,178,->,152,179,->,152,180,->,152,181,->,152,182,->,152,183,->,152,184,->,152,185,->,152,186,->,152,187,->,152,188,->,152,189,->,152,190,->,152,191,->,152,192,->,152,193,->,152,194,->,152,195,->,152,196,->,152,197,->,152,198,->,152,199,->,152,200,->,152,201,->,152,202,->,152,203,->,152,204,->,152,205,->,152,206,->,152,207,->,152,208,->,152,209,->,152,210,->,152,211,->,152,212,->,152,213,->,152,214,->,152,215,->,152,216,->,152,217,->,152,218,->,152,219,->,152,220,->,152,221,->,152,222,->,152,223,->,152,224,->,152,225,->,152,226,->,152,227,->,152,228,->,152,229,->,152,230,->,152,231,->,152,232,->,152,233,->,152,234,->,152,235,->,152,236,->,152,237,->,152,238,->,152,239,->,152,240,->,152,241,->,152,242,->,152,243,->,152,244,->,152,245,->,152,246,->,152,247,->,152,248,->,152,249,->,152,250,->,152,251,->,152,252,->,152,253,->,152,254,->,152,255,->,152,256,->,152,257,->,152,258,->,152,259,->,152,260,->,152,261,->,152,262,->,152,263,->,152,264,->,152,265,->,152,266,->,152,267,->,152,268,->,152,269,->,152,270,->,152,271,->,152,272,->,152,273,->,152,274,->,152,275,->,152,276,->,152,277,->,152,278,->,152,279,->,152,280,->,152,281,->,152,282,->,152,283,->,152,284,->,152,285,->,152,286,->,152,287,->,152,288,->,152,289,->,152,290,->,152,291,->,152,292,->,152,293,->,152,294,->,152,295,->,152,296,->,152,297,->,152,298,->,152,299,->,152,300,->,152,301,->,152,302,->,152,303,->,153,0,->,153,1,->,153,4,->,153,5,->,153,8,->,153,9,->,153,10,->,153,11,->,153,12,->,153,13,->,153,14,->,153,15,->,153,16,->,153,17,->,153,18,->,153,19,->,153,20,->,153,22,->,153,23,->,153,24,->,153,25,->,153,26,->,153,27,->,153,28,->,153,69,->,153,70,->,153,71,->,153,72,->,153,73,->,153,76,->,153,77,->,153,78,->,153,79,->,153,80,->,153,81,->,153,82,->,153,83,->,153,84,->,153,85,->,153,86,->,153,87,->,153,88,->,153,89,->,153,90,->,153,91,->,153,92,->,153,93,->,153,94,->,153,95,->,153,96,->,153,97,->,153,98,->,153,99,->,153,100,->,153,101,->,153,102,->,153,103,->,153,104,->,153,105,->,153,106,->,153,107,->,153,108,->,153,109,->,153,110,->,153,111,->,153,112,->,153,113,->,153,114,->,153,115,->,153,116,->,153,117,->,153,118,->,153,119,->,153,120,->,153,121,->,153,122,->,153,123,->,153,124,->,153,125,->,153,126,->,153,127,->,153,128,->,153,129,->,153,130,->,153,131,->,153,132,->,153,133,->,153,134,->,153,135,->,153,136,->,153,137,->,153,138,->,153,139,->,153,140,->,153,141,->,153,142,->,153,143,->,153,144,->,153,145,->,153,146,->,153,147,->,153,148,->,153,149,->,153,150,->,153,151,->,153,152,->,153,153,->,153,155,->,153,156,->,153,157,->,153,158,->,153,159,->,153,160,->,153,161,->,153,162,->,153,163,->,153,164,->,153,165,->,153,166,->,153,167,->,153,168,->,153,169,->,153,170,->,153,171,->,153,172,->,153,173,->,153,174,->,153,175,->,153,176,->,153,177,->,153,178,->,153,179,->,153,180,->,153,181,->,153,182,->,153,183,->,153,184,->,153,185,->,153,186,->,153,187,->,153,188,->,153,189,->,153,190,->,153,191,->,153,192,->,153,193,->,153,194,->,153,195,->,153,196,->,153,197,->,153,198,->,153,199,->,153,200,->,153,201,->,153,202,->,153,203,->,153,204,->,153,205,->,153,206,->,153,207,->,153,208,->,153,209,->,153,210,->,153,211,->,153,212,->,153,213,->,153,214,->,153,215,->,153,216,->,153,217,->,153,218,->,153,219,->,153,220,->,153,221,->,153,222,->,153,223,->,153,224,->,153,225,->,153,226,->,153,227,->,153,228,->,153,229,->,153,230,->,153,231,->,153,232,->,153,233,->,153,234,->,153,235,->,153,236,->,153,237,->,153,238,->,153,239,->,153,240,->,153,241,->,153,242,->,153,243,->,153,244,->,153,245,->,153,246,->,153,247,->,153,248,->,153,249,->,153,250,->,153,251,->,153,252,->,153,253,->,153,254,->,153,255,->,153,256,->,153,257,->,153,258,->,153,259,->,153,260,->,153,261,->,153,262,->,153,263,->,153,264,->,153,265,->,153,266,->,153,267,->,153,268,->,153,269,->,153,270,->,153,271,->,153,272,->,153,273,->,153,274,->,153,275,->,153,276,->,153,277,->,153,278,->,153,279,->,153,280,->,153,281,->,153,282,->,153,283,->,153,284,->,153,285,->,153,286,->,153,287,->,153,288,->,153,289,->,153,290,->,153,291,->,153,292,->,153,293,->,153,294,->,153,295,->,153,296,->,153,297,->,153,298,->,153,299,->,153,300,->,153,301,->,153,302,->,153,303,->,154,0,->,154,1,->,154,2,->,154,3,->,154,4,->,154,5,->,154,6,->,154,7,->,154,10,->,154,11,->,154,12,->,154,13,->,154,14,->,154,15,->,154,16,->,154,17,->,154,18,->,154,19,->,154,21,->,154,22,->,154,23,->,154,26,->,154,27,->,154,28,->,154,69,->,154,70,->,154,71,->,154,72,->,154,73,->,154,76,->,154,77,->,154,78,->,154,79,->,154,80,->,154,81,->,154,82,->,154,83,->,154,84,->,154,85,->,154,86,->,154,87,->,154,88,->,154,89,->,154,90,->,154,91,->,154,92,->,154,93,->,154,94,->,154,95,->,154,96,->,154,97,->,154,98,->,154,99,->,154,100,->,154,101,->,154,102,->,154,103,->,154,104,->,154,105,->,154,106,->,154,107,->,154,108,->,154,109,->,154,110,->,154,111,->,154,112,->,154,113,->,154,114,->,154,115,->,154,116,->,154,117,->,154,118,->,154,119,->,154,120,->,154,121,->,154,122,->,154,123,->,154,124,->,154,125,->,154,126,->,154,127,->,154,128,->,154,129,->,154,130,->,154,131,->,154,132,->,154,133,->,154,134,->,154,135,->,154,136,->,154,137,->,154,138,->,154,139,->,154,140,->,154,141,->,154,142,->,154,143,->,154,144,->,154,145,->,154,146,->,154,147,->,154,148,->,154,149,->,154,157,->,154,158,->,154,159,->,154,160,->,154,161,->,154,162,->,154,163,->,154,164,->,154,165,->,154,166,->,154,167,->,154,168,->,154,169,->,154,170,->,154,171,->,154,172,->,154,173,->,154,174,->,154,175,->,154,176,->,154,177,->,154,178,->,154,179,->,154,180,->,154,181,->,154,182,->,154,183,->,154,184,->,154,185,->,154,186,->,154,187,->,154,188,->,154,189,->,154,190,->,154,191,->,154,192,->,154,193,->,154,194,->,154,195,->,154,196,->,154,197,->,154,198,->,154,199,->,154,200,->,154,201,->,154,202,->,154,203,->,154,204,->,154,205,->,154,206,->,154,207,->,154,208,->,154,209,->,154,210,->,154,211,->,154,212,->,154,213,->,154,214,->,154,215,->,154,216,->,154,217,->,154,218,->,154,219,->,154,220,->,154,221,->,154,222,->,154,223,->,154,224,->,154,225,->,154,226,->,154,227,->,154,228,->,154,229,->,154,230,->,154,231,->,154,232,->,154,233,->,154,234,->,154,235,->,154,236,->,154,237,->,154,238,->,154,239,->,154,240,->,154,241,->,154,242,->,154,243,->,154,244,->,154,245,->,154,246,->,154,247,->,154,248,->,154,249,->,154,250,->,154,251,->,154,252,->,154,253,->,154,254,->,154,255,->,154,256,->,154,257,->,154,258,->,154,259,->,154,260,->,154,261,->,154,262,->,154,263,->,154,264,->,154,265,->,154,266,->,154,267,->,154,268,->,154,269,->,154,270,->,154,271,->,154,272,->,154,273,->,154,274,->,154,275,->,154,276,->,154,277,->,154,278,->,154,279,->,154,280,->,154,281,->,154,282,->,154,283,->,154,284,->,154,285,->,154,286,->,154,287,->,154,288,->,154,289,->,154,290,->,154,291,->,154,292,->,154,293,->,154,294,->,154,295,->,154,296,->,154,297,->,154,298,->,154,299,->,154,300,->,154,301,->,154,302,->,154,303,->,155,2,->,155,3,->,155,9,->,155,10,->,155,11,->,155,12,->,155,13,->,155,14,->,155,15,->,155,16,->,155,17,->,155,18,->,155,19,->,155,21,->,155,22,->,155,25,->,155,26,->,155,27,->,155,69,->,155,70,->,155,71,->,155,72,->,155,73,->,155,76,->,155,77,->,155,78,->,155,79,->,155,80,->,155,81,->,155,82,->,155,83,->,155,84,->,155,85,->,155,86,->,155,87,->,155,88,->,155,89,->,155,90,->,155,91,->,155,92,->,155,93,->,155,94,->,155,95,->,155,96,->,155,97,->,155,98,->,155,99,->,155,100,->,155,101,->,155,102,->,155,103,->,155,104,->,155,105,->,155,106,->,155,107,->,155,108,->,155,109,->,155,110,->,155,111,->,155,112,->,155,117,->,155,118,->,155,119,->,155,120,->,155,121,->,155,122,->,155,123,->,155,124,->,155,125,->,155,126,->,155,130,->,155,131,->,155,132,->,155,133,->,155,134,->,155,135,->,155,136,->,155,137,->,155,138,->,155,139,->,155,140,->,155,141,->,155,142,->,155,143,->,155,144,->,155,145,->,155,146,->,155,147,->,155,148,->,155,149,->,155,160,->,155,161,->,155,162,->,155,163,->,155,164,->,155,165,->,155,166,->,155,167,->,155,168,->,155,169,->,155,170,->,155,171,->,155,172,->,155,173,->,155,174,->,155,175,->,155,176,->,155,177,->,155,178,->,155,179,->,155,180,->,155,181,->,155,182,->,155,183,->,155,184,->,155,185,->,155,186,->,155,187,->,155,188,->,155,189,->,155,190,->,155,191,->,155,192,->,155,193,->,155,194,->,155,195,->,155,196,->,155,197,->,155,198,->,155,199,->,155,200,->,155,201,->,155,202,->,155,203,->,155,204,->,155,205,->,155,206,->,155,207,->,155,208,->,155,209,->,155,210,->,155,211,->,155,212,->,155,213,->,155,214,->,155,215,->,155,216,->,155,217,->,155,218,->,155,219,->,155,220,->,155,221,->,155,222,->,155,223,->,155,224,->,155,225,->,155,226,->,155,227,->,155,228,->,155,229,->,155,230,->,155,231,->,155,232,->,155,233,->,155,234,->,155,235,->,155,236,->,155,237,->,155,238,->,155,239,->,155,240,->,155,241,->,155,242,->,155,243,->,155,244,->,155,245,->,155,246,->,155,247,->,155,248,->,155,249,->,155,250,->,155,251,->,155,252,->,155,253,->,155,254,->,155,255,->,155,256,->,155,257,->,155,258,->,155,259,->,155,260,->,155,261,->,155,262,->,155,263,->,155,264,->,155,265,->,155,266,->,155,267,->,155,268,->,155,269,->,155,270,->,155,271,->,155,272,->,155,273,->,155,274,->,155,275,->,155,276,->,155,277,->,155,278,->,155,279,->,155,280,->,155,281,->,155,282,->,155,283,->,155,284,->,155,285,->,155,286,->,155,287,->,155,288,->,155,289,->,155,290,->,155,291,->,155,292,->,155,293,->,155,294,->,155,295,->,155,296,->,155,297,->,155,298,->,155,299,->,155,300,->,155,301,->,155,302,->,155,303,->,156,1,->,156,2,->,156,3,->,156,6,->,156,8,->,156,9,->,156,10,->,156,11,->,156,12,->,156,13,->,156,14,->,156,15,->,156,16,->,156,17,->,156,18,->,156,19,->,156,20,->,156,21,->,156,22,->,156,23,->,156,24,->,156,69,->,156,70,->,156,71,->,156,72,->,156,73,->,156,76,->,156,77,->,156,78,->,156,79,->,156,80,->,156,81,->,156,82,->,156,83,->,156,84,->,156,85,->,156,86,->,156,87,->,156,88,->,156,89,->,156,90,->,156,91,->,156,92,->,156,93,->,156,94,->,156,95,->,156,96,->,156,97,->,156,98,->,156,99,->,156,100,->,156,101,->,156,102,->,156,103,->,156,104,->,156,105,->,156,106,->,156,107,->,156,108,->,156,109,->,156,110,->,156,111,->,156,118,->,156,119,->,156,120,->,156,121,->,156,122,->,156,123,->,156,124,->,156,125,->,156,126,->,156,127,->,156,132,->,156,133,->,156,134,->,156,135,->,156,136,->,156,137,->,156,138,->,156,139,->,156,140,->,156,141,->,156,142,->,156,143,->,156,144,->,156,145,->,156,146,->,156,147,->,156,148,->,156,160,->,156,161,->,156,162,->,156,163,->,156,164,->,156,165,->,156,166,->,156,167,->,156,168,->,156,169,->,156,170,->,156,171,->,156,172,->,156,173,->,156,174,->,156,175,->,156,176,->,156,177,->,156,178,->,156,179,->,156,180,->,156,181,->,156,182,->,156,183,->,156,184,->,156,185,->,156,186,->,156,187,->,156,188,->,156,189,->,156,190,->,156,191,->,156,192,->,156,193,->,156,194,->,156,195,->,156,196,->,156,197,->,156,198,->,156,199,->,156,200,->,156,201,->,156,202,->,156,203,->,156,204,->,156,205,->,156,206,->,156,207,->,156,208,->,156,209,->,156,210,->,156,211,->,156,212,->,156,213,->,156,214,->,156,215,->,156,216,->,156,217,->,156,218,->,156,219,->,156,220,->,156,221,->,156,222,->,156,223,->,156,224,->,156,225,->,156,226,->,156,227,->,156,228,->,156,229,->,156,230,->,156,231,->,156,232,->,156,233,->,156,234,->,156,235,->,156,236,->,156,237,->,156,238,->,156,239,->,156,240,->,156,241,->,156,242,->,156,243,->,156,244,->,156,245,->,156,246,->,156,247,->,156,248,->,156,249,->,156,250,->,156,251,->,156,252,->,156,253,->,156,254,->,156,255,->,156,256,->,156,257,->,156,258,->,156,259,->,156,260,->,156,261,->,156,262,->,156,263,->,156,264,->,156,265,->,156,266,->,156,267,->,156,268,->,156,269,->,156,270,->,156,271,->,156,272,->,156,273,->,156,274,->,156,275,->,156,276,->,156,277,->,156,278,->,156,279,->,156,280,->,156,281,->,156,282,->,156,283,->,156,284,->,156,285,->,156,286,->,156,287,->,156,288,->,156,289,->,156,290,->,156,291,->,156,292,->,156,293,->,156,294,->,156,295,->,156,296,->,156,297,->,156,298,->,156,299,->,156,300,->,156,301,->,156,302,->,156,303,->,157,0,->,157,1,->,157,3,->,157,5,->,157,11,->,157,12,->,157,13,->,157,14,->,157,15,->,157,16,->,157,17,->,157,18,->,157,19,->,157,20,->,157,21,->,157,22,->,157,23,->,157,24,->,157,25,->,157,69,->,157,70,->,157,71,->,157,72,->,157,76,->,157,77,->,157,78,->,157,79,->,157,80,->,157,81,->,157,82,->,157,83,->,157,84,->,157,85,->,157,86,->,157,87,->,157,88,->,157,89,->,157,90,->,157,91,->,157,92,->,157,93,->,157,94,->,157,95,->,157,96,->,157,97,->,157,98,->,157,99,->,157,100,->,157,101,->,157,102,->,157,103,->,157,104,->,157,105,->,157,106,->,157,107,->,157,120,->,157,121,->,157,122,->,157,123,->,157,124,->,157,133,->,157,134,->,157,135,->,157,136,->,157,137,->,157,138,->,157,139,->,157,140,->,157,141,->,157,142,->,157,143,->,157,144,->,157,145,->,157,146,->,157,147,->,157,160,->,157,161,->,157,162,->,157,163,->,157,164,->,157,165,->,157,166,->,157,167,->,157,168,->,157,169,->,157,170,->,157,171,->,157,172,->,157,173,->,157,174,->,157,175,->,157,176,->,157,177,->,157,178,->,157,179,->,157,180,->,157,181,->,157,182,->,157,183,->,157,184,->,157,185,->,157,186,->,157,187,->,157,188,->,157,189,->,157,190,->,157,191,->,157,192,->,157,193,->,157,194,->,157,195,->,157,196,->,157,197,->,157,198,->,157,199,->,157,200,->,157,201,->,157,202,->,157,203,->,157,204,->,157,205,->,157,206,->,157,207,->,157,208,->,157,209,->,157,210,->,157,211,->,157,212,->,157,213,->,157,214,->,157,215,->,157,216,->,157,217,->,157,218,->,157,219,->,157,220,->,157,221,->,157,222,->,157,223,->,157,224,->,157,225,->,157,226,->,157,227,->,157,228,->,157,229,->,157,230,->,157,231,->,157,232,->,157,233,->,157,234,->,157,235,->,157,236,->,157,237,->,157,238,->,157,239,->,157,240,->,157,241,->,157,242,->,157,243,->,157,244,->,157,245,->,157,246,->,157,247,->,157,248,->,157,249,->,157,250,->,157,251,->,157,252,->,157,253,->,157,254,->,157,255,->,157,256,->,157,257,->,157,258,->,157,259,->,157,260,->,157,261,->,157,262,->,157,263,->,157,264,->,157,265,->,157,266,->,157,267,->,157,268,->,157,269,->,157,270,->,157,271,->,157,272,->,157,273,->,157,274,->,157,275,->,157,276,->,157,277,->,157,278,->,157,279,->,157,280,->,157,281,->,157,282,->,157,283,->,157,284,->,157,285,->,157,286,->,157,287,->,157,288,->,157,289,->,157,290,->,157,291,->,157,292,->,157,293,->,157,294,->,157,295,->,157,296,->,157,297,->,157,298,->,157,299,->,157,300,->,157,301,->,157,302,->,157,303,->,158,4,->,158,11,->,158,12,->,158,13,->,158,14,->,158,15,->,158,16,->,158,17,->,158,18,->,158,19,->,158,20,->,158,21,->,158,22,->,158,23,->,158,24,->,158,25,->,158,67,->,158,68,->,158,69,->,158,70,->,158,71,->,158,72,->,158,75,->,158,76,->,158,77,->,158,78,->,158,79,->,158,80,->,158,81,->,158,82,->,158,83,->,158,84,->,158,85,->,158,86,->,158,87,->,158,88,->,158,89,->,158,90,->,158,91,->,158,92,->,158,93,->,158,94,->,158,95,->,158,96,->,158,97,->,158,98,->,158,99,->,158,100,->,158,101,->,158,102,->,158,103,->,158,104,->,158,105,->,158,106,->,158,134,->,158,135,->,158,136,->,158,137,->,158,138,->,158,139,->,158,140,->,158,141,->,158,142,->,158,143,->,158,144,->,158,145,->,158,146,->,158,147,->,158,161,->,158,162,->,158,163,->,158,164,->,158,165,->,158,166,->,158,167,->,158,168,->,158,169,->,158,170,->,158,171,->,158,172,->,158,173,->,158,174,->,158,175,->,158,176,->,158,177,->,158,178,->,158,179,->,158,180,->,158,181,->,158,182,->,158,183,->,158,184,->,158,185,->,158,186,->,158,187,->,158,188,->,158,189,->,158,190,->,158,191,->,158,192,->,158,193,->,158,194,->,158,195,->,158,196,->,158,197,->,158,198,->,158,199,->,158,200,->,158,201,->,158,202,->,158,203,->,158,204,->,158,205,->,158,206,->,158,207,->,158,208,->,158,209,->,158,210,->,158,211,->,158,212,->,158,213,->,158,214,->,158,215,->,158,216,->,158,217,->,158,218,->,158,219,->,158,220,->,158,221,->,158,222,->,158,223,->,158,224,->,158,225,->,158,226,->,158,227,->,158,228,->,158,229,->,158,230,->,158,231,->,158,232,->,158,233,->,158,234,->,158,235,->,158,236,->,158,237,->,158,238,->,158,239,->,158,240,->,158,241,->,158,242,->,158,243,->,158,244,->,158,245,->,158,246,->,158,247,->,158,248,->,158,249,->,158,250,->,158,251,->,158,252,->,158,253,->,158,254,->,158,255,->,158,256,->,158,257,->,158,258,->,158,259,->,158,260,->,158,261,->,158,262,->,158,263,->,158,264,->,158,265,->,158,266,->,158,267,->,158,268,->,158,269,->,158,270,->,158,271,->,158,272,->,158,273,->,158,274,->,158,275,->,158,276,->,158,277,->,158,278,->,158,279,->,158,280,->,158,281,->,158,282,->,158,283,->,158,284,->,158,285,->,158,286,->,158,287,->,158,288,->,158,289,->,158,290,->,158,291,->,158,292,->,158,293,->,158,294,->,158,295,->,158,296,->,158,297,->,158,298,->,158,299,->,158,300,->,158,301,->,158,302,->,158,303,->,159,1,->,159,2,->,159,4,->,159,6,->,159,9,->,159,11,->,159,12,->,159,13,->,159,14,->,159,15,->,159,16,->,159,17,->,159,18,->,159,19,->,159,20,->,159,21,->,159,22,->,159,23,->,159,70,->,159,71,->,159,72,->,159,73,->,159,74,->,159,75,->,159,76,->,159,77,->,159,78,->,159,79,->,159,80,->,159,81,->,159,82,->,159,83,->,159,84,->,159,85,->,159,86,->,159,87,->,159,88,->,159,89,->,159,90,->,159,91,->,159,92,->,159,93,->,159,94,->,159,95,->,159,96,->,159,97,->,159,98,->,159,99,->,159,100,->,159,101,->,159,102,->,159,103,->,159,104,->,159,105,->,159,142,->,159,143,->,159,144,->,159,145,->,159,146,->,159,147,->,159,161,->,159,162,->,159,163,->,159,164,->,159,165,->,159,166,->,159,167,->,159,168,->,159,169,->,159,170,->,159,171,->,159,172,->,159,173,->,159,174,->,159,175,->,159,176,->,159,177,->,159,178,->,159,179,->,159,180,->,159,181,->,159,182,->,159,183,->,159,184,->,159,185,->,159,186,->,159,187,->,159,188,->,159,189,->,159,190,->,159,191,->,159,192,->,159,193,->,159,194,->,159,195,->,159,196,->,159,197,->,159,198,->,159,199,->,159,200,->,159,201,->,159,202,->,159,203,->,159,204,->,159,205,->,159,206,->,159,207,->,159,208,->,159,209,->,159,210,->,159,211,->,159,212,->,159,213,->,159,214,->,159,215,->,159,216,->,159,217,->,159,218,->,159,219,->,159,220,->,159,221,->,159,222,->,159,223,->,159,224,->,159,225,->,159,226,->,159,227,->,159,228,->,159,229,->,159,230,->,159,231,->,159,232,->,159,233,->,159,234,->,159,235,->,159,236,->,159,237,->,159,238,->,159,239,->,159,240,->,159,241,->,159,242,->,159,243,->,159,244,->,159,245,->,159,246,->,159,247,->,159,248,->,159,249,->,159,250,->,159,251,->,159,252,->,159,253,->,159,254,->,159,255,->,159,256,->,159,257,->,159,258,->,159,259,->,159,260,->,159,261,->,159,262,->,159,263,->,159,264,->,159,265,->,159,266,->,159,267,->,159,268,->,159,269,->,159,270,->,159,271,->,159,272,->,159,273,->,159,274,->,159,275,->,159,276,->,159,277,->,159,278,->,159,279,->,159,280,->,159,281,->,159,282,->,159,283,->,159,284,->,159,285,->,159,286,->,159,287,->,159,288,->,159,289,->,159,290,->,159,291,->,159,292,->,159,293,->,159,294,->,159,295,->,159,296,->,159,297,->,159,298,->,159,299,->,159,300,->,159,301,->,159,302,->,159,303,->,160,1,->,160,3,->,160,11,->,160,12,->,160,13,->,160,14,->,160,15,->,160,16,->,160,17,->,160,18,->,160,19,->,160,20,->,160,21,->,160,22,->,160,67,->,160,68,->,160,71,->,160,72,->,160,73,->,160,74,->,160,75,->,160,76,->,160,77,->,160,78,->,160,79,->,160,80,->,160,81,->,160,82,->,160,83,->,160,84,->,160,85,->,160,86,->,160,87,->,160,88,->,160,89,->,160,90,->,160,91,->,160,92,->,160,93,->,160,94,->,160,95,->,160,96,->,160,97,->,160,98,->,160,99,->,160,100,->,160,101,->,160,102,->,160,103,->,160,104,->,160,105,->,160,144,->,160,145,->,160,146,->,160,161,->,160,162,->,160,163,->,160,164,->,160,165,->,160,166,->,160,167,->,160,168,->,160,169,->,160,170,->,160,171,->,160,172,->,160,173,->,160,174,->,160,175,->,160,176,->,160,177,->,160,178,->,160,179,->,160,180,->,160,181,->,160,182,->,160,183,->,160,184,->,160,185,->,160,186,->,160,187,->,160,188,->,160,189,->,160,190,->,160,191,->,160,192,->,160,193,->,160,194,->,160,195,->,160,196,->,160,197,->,160,198,->,160,199,->,160,200,->,160,201,->,160,202,->,160,203,->,160,204,->,160,205,->,160,206,->,160,207,->,160,208,->,160,209,->,160,210,->,160,211,->,160,212,->,160,213,->,160,214,->,160,215,->,160,216,->,160,217,->,160,218,->,160,219,->,160,220,->,160,221,->,160,222,->,160,223,->,160,224,->,160,225,->,160,226,->,160,227,->,160,228,->,160,229,->,160,230,->,160,231,->,160,232,->,160,233,->,160,234,->,160,235,->,160,236,->,160,237,->,160,238,->,160,239,->,160,240,->,160,241,->,160,242,->,160,243,->,160,244,->,160,245,->,160,246,->,160,247,->,160,248,->,160,249,->,160,250,->,160,251,->,160,252,->,160,253,->,160,254,->,160,255,->,160,256,->,160,257,->,160,258,->,160,259,->,160,260,->,160,261,->,160,262,->,160,263,->,160,264,->,160,265,->,160,266,->,160,267,->,160,268,->,160,269,->,160,270,->,160,271,->,160,272,->,160,273,->,160,274,->,160,275,->,160,276,->,160,277,->,160,278,->,160,279,->,160,280,->,160,281,->,160,282,->,160,283,->,160,284,->,160,285,->,160,286,->,160,287,->,160,288,->,160,289,->,160,290,->,160,291,->,160,292,->,160,293,->,160,294,->,160,295,->,160,296,->,160,297,->,160,298,->,160,299,->,160,300,->,160,301,->,160,302,->,160,303,->,161,0,->,161,4,->,161,7,->,161,8,->,161,9,->,161,11,->,161,12,->,161,13,->,161,14,->,161,15,->,161,16,->,161,17,->,161,18,->,161,19,->,161,20,->,161,21,->,161,22,->,161,23,->,161,24,->,161,65,->,161,66,->,161,67,->,161,68,->,161,69,->,161,70,->,161,71,->,161,72,->,161,73,->,161,74,->,161,75,->,161,76,->,161,77,->,161,78,->,161,79,->,161,80,->,161,81,->,161,82,->,161,83,->,161,84,->,161,85,->,161,86,->,161,87,->,161,88,->,161,89,->,161,90,->,161,91,->,161,92,->,161,93,->,161,94,->,161,95,->,161,96,->,161,97,->,161,98,->,161,99,->,161,100,->,161,101,->,161,102,->,161,143,->,161,145,->,161,146,->,161,147,->,161,161,->,161,162,->,161,163,->,161,164,->,161,165,->,161,166,->,161,167,->,161,168,->,161,169,->,161,170,->,161,171,->,161,172,->,161,173,->,161,174,->,161,175,->,161,176,->,161,177,->,161,178,->,161,179,->,161,180,->,161,181,->,161,182,->,161,183,->,161,184,->,161,185,->,161,186,->,161,187,->,161,188,->,161,189,->,161,190,->,161,191,->,161,192,->,161,193,->,161,194,->,161,195,->,161,196,->,161,197,->,161,198,->,161,199,->,161,200,->,161,201,->,161,202,->,161,203,->,161,204,->,161,205,->,161,206,->,161,207,->,161,208,->,161,209,->,161,210,->,161,211,->,161,212,->,161,213,->,161,214,->,161,215,->,161,216,->,161,217,->,161,218,->,161,219,->,161,220,->,161,221,->,161,222,->,161,223,->,161,224,->,161,225,->,161,226,->,161,227,->,161,228,->,161,229,->,161,230,->,161,231,->,161,232,->,161,233,->,161,234,->,161,235,->,161,236,->,161,237,->,161,238,->,161,239,->,161,240,->,161,241,->,161,242,->,161,243,->,161,244,->,161,245,->,161,246,->,161,247,->,161,248,->,161,249,->,161,250,->,161,251,->,161,252,->,161,253,->,161,254,->,161,255,->,161,256,->,161,257,->,161,258,->,161,259,->,161,260,->,161,261,->,161,262,->,161,263,->,161,264,->,161,265,->,161,266,->,161,267,->,161,268,->,161,269,->,161,270,->,161,271,->,161,272,->,161,273,->,161,274,->,161,275,->,161,276,->,161,277,->,161,278,->,161,279,->,161,280,->,161,281,->,161,282,->,161,283,->,161,284,->,161,285,->,161,286,->,161,287,->,161,288,->,161,289,->,161,290,->,161,291,->,161,292,->,161,293,->,161,294,->,161,295,->,161,296,->,161,297,->,161,298,->,161,299,->,161,300,->,161,301,->,161,302,->,161,303,->,162,0,->,162,3,->,162,4,->,162,5,->,162,6,->,162,8,->,162,9,->,162,10,->,162,11,->,162,12,->,162,13,->,162,14,->,162,15,->,162,16,->,162,17,->,162,18,->,162,19,->,162,20,->,162,21,->,162,22,->,162,23,->,162,65,->,162,66,->,162,67,->,162,68,->,162,69,->,162,70,->,162,71,->,162,72,->,162,73,->,162,74,->,162,75,->,162,76,->,162,77,->,162,78,->,162,79,->,162,80,->,162,81,->,162,82,->,162,83,->,162,84,->,162,85,->,162,86,->,162,87,->,162,88,->,162,89,->,162,90,->,162,91,->,162,92,->,162,93,->,162,94,->,162,95,->,162,96,->,162,97,->,162,98,->,162,99,->,162,100,->,162,101,->,162,102,->,162,141,->,162,142,->,162,143,->,162,144,->,162,145,->,162,146,->,162,147,->,162,161,->,162,162,->,162,163,->,162,164,->,162,165,->,162,166,->,162,167,->,162,168,->,162,169,->,162,170,->,162,171,->,162,172,->,162,173,->,162,174,->,162,175,->,162,176,->,162,177,->,162,178,->,162,179,->,162,180,->,162,181,->,162,182,->,162,183,->,162,184,->,162,185,->,162,186,->,162,187,->,162,188,->,162,189,->,162,190,->,162,191,->,162,192,->,162,193,->,162,194,->,162,195,->,162,196,->,162,197,->,162,198,->,162,199,->,162,200,->,162,201,->,162,202,->,162,203,->,162,204,->,162,205,->,162,206,->,162,207,->,162,208,->,162,209,->,162,210,->,162,211,->,162,212,->,162,213,->,162,214,->,162,215,->,162,216,->,162,217,->,162,218,->,162,219,->,162,220,->,162,221,->,162,222,->,162,223,->,162,224,->,162,225,->,162,226,->,162,227,->,162,228,->,162,229,->,162,230,->,162,231,->,162,232,->,162,233,->,162,234,->,162,235,->,162,236,->,162,237,->,162,238,->,162,239,->,162,240,->,162,241,->,162,242,->,162,243,->,162,244,->,162,245,->,162,246,->,162,247,->,162,248,->,162,249,->,162,250,->,162,251,->,162,252,->,162,253,->,162,254,->,162,255,->,162,256,->,162,257,->,162,258,->,162,259,->,162,260,->,162,261,->,162,262,->,162,263,->,162,264,->,162,265,->,162,266,->,162,267,->,162,268,->,162,269,->,162,270,->,162,271,->,162,272,->,162,273,->,162,274,->,162,275,->,162,276,->,162,277,->,162,278,->,162,279,->,162,280,->,162,281,->,162,282,->,162,283,->,162,284,->,162,285,->,162,286,->,162,287,->,162,288,->,162,289,->,162,290,->,162,291,->,162,292,->,162,293,->,162,294,->,162,295,->,162,296,->,162,297,->,162,298,->,162,299,->,162,300,->,162,301,->,162,302,->,162,303,->,163,3,->,163,4,->,163,9,->,163,10,->,163,12,->,163,13,->,163,14,->,163,15,->,163,16,->,163,17,->,163,18,->,163,19,->,163,20,->,163,21,->,163,22,->,163,23,->,163,40,->,163,41,->,163,60,->,163,61,->,163,62,->,163,63,->,163,64,->,163,65,->,163,66,->,163,67,->,163,68,->,163,69,->,163,70,->,163,71,->,163,72,->,163,73,->,163,74,->,163,75,->,163,76,->,163,77,->,163,78,->,163,79,->,163,80,->,163,81,->,163,82,->,163,83,->,163,84,->,163,85,->,163,86,->,163,87,->,163,88,->,163,89,->,163,90,->,163,91,->,163,92,->,163,93,->,163,94,->,163,95,->,163,96,->,163,97,->,163,98,->,163,99,->,163,100,->,163,101,->,163,102,->,163,143,->,163,144,->,163,145,->,163,146,->,163,161,->,163,166,->,163,167,->,163,168,->,163,169,->,163,170,->,163,171,->,163,172,->,163,173,->,163,174,->,163,175,->,163,176,->,163,177,->,163,178,->,163,179,->,163,180,->,163,181,->,163,182,->,163,183,->,163,184,->,163,185,->,163,186,->,163,187,->,163,188,->,163,189,->,163,190,->,163,191,->,163,192,->,163,193,->,163,194,->,163,195,->,163,196,->,163,197,->,163,198,->,163,199,->,163,200,->,163,201,->,163,202,->,163,203,->,163,204,->,163,205,->,163,206,->,163,207,->,163,208,->,163,209,->,163,210,->,163,211,->,163,212,->,163,213,->,163,214,->,163,215,->,163,216,->,163,217,->,163,218,->,163,219,->,163,220,->,163,221,->,163,222,->,163,223,->,163,224,->,163,225,->,163,226,->,163,227,->,163,228,->,163,229,->,163,230,->,163,231,->,163,232,->,163,233,->,163,234,->,163,235,->,163,236,->,163,237,->,163,238,->,163,239,->,163,240,->,163,241,->,163,242,->,163,243,->,163,244,->,163,245,->,163,246,->,163,247,->,163,248,->,163,249,->,163,250,->,163,251,->,163,252,->,163,253,->,163,254,->,163,255,->,163,256,->,163,257,->,163,258,->,163,259,->,163,260,->,163,261,->,163,262,->,163,263,->,163,264,->,163,265,->,163,266,->,163,267,->,163,268,->,163,269,->,163,270,->,163,271,->,163,272,->,163,273,->,163,274,->,163,275,->,163,276,->,163,277,->,163,278,->,163,279,->,163,280,->,163,281,->,163,282,->,163,283,->,163,284,->,163,285,->,163,286,->,163,287,->,163,288,->,163,289,->,163,290,->,163,291,->,163,292,->,163,293,->,163,294,->,163,295,->,163,296,->,163,297,->,163,298,->,163,299,->,163,300,->,163,301,->,163,302,->,163,303,->,164,0,->,164,4,->,164,5,->,164,7,->,164,8,->,164,9,->,164,10,->,164,11,->,164,12,->,164,13,->,164,14,->,164,15,->,164,16,->,164,17,->,164,18,->,164,19,->,164,20,->,164,21,->,164,22,->,164,39,->,164,40,->,164,41,->,164,58,->,164,59,->,164,60,->,164,61,->,164,62,->,164,63,->,164,64,->,164,65,->,164,66,->,164,67,->,164,68,->,164,69,->,164,70,->,164,71,->,164,72,->,164,73,->,164,74,->,164,75,->,164,76,->,164,77,->,164,78,->,164,79,->,164,80,->,164,81,->,164,82,->,164,83,->,164,84,->,164,85,->,164,86,->,164,87,->,164,88,->,164,89,->,164,90,->,164,91,->,164,92,->,164,93,->,164,94,->,164,95,->,164,96,->,164,97,->,164,98,->,164,99,->,164,144,->,164,145,->,164,146,->,164,147,->,164,148,->,164,161,->,164,165,->,164,166,->,164,167,->,164,168,->,164,169,->,164,170,->,164,171,->,164,172,->,164,173,->,164,174,->,164,175,->,164,176,->,164,177,->,164,178,->,164,179,->,164,180,->,164,181,->,164,182,->,164,183,->,164,184,->,164,185,->,164,186,->,164,187,->,164,188,->,164,189,->,164,190,->,164,191,->,164,192,->,164,193,->,164,194,->,164,195,->,164,196,->,164,197,->,164,198,->,164,199,->,164,200,->,164,201,->,164,202,->,164,203,->,164,204,->,164,205,->,164,206,->,164,207,->,164,208,->,164,209,->,164,210,->,164,211,->,164,212,->,164,213,->,164,214,->,164,215,->,164,216,->,164,217,->,164,218,->,164,219,->,164,220,->,164,221,->,164,222,->,164,223,->,164,224,->,164,225,->,164,226,->,164,227,->,164,228,->,164,229,->,164,230,->,164,231,->,164,232,->,164,233,->,164,234,->,164,235,->,164,236,->,164,237,->,164,238,->,164,239,->,164,240,->,164,241,->,164,242,->,164,243,->,164,244,->,164,245,->,164,246,->,164,247,->,164,248,->,164,249,->,164,250,->,164,251,->,164,252,->,164,253,->,164,254,->,164,255,->,164,256,->,164,257,->,164,258,->,164,259,->,164,260,->,164,261,->,164,262,->,164,263,->,164,264,->,164,265,->,164,266,->,164,267,->,164,268,->,164,269,->,164,270,->,164,271,->,164,272,->,164,273,->,164,274,->,164,275,->,164,276,->,164,277,->,164,278,->,164,279,->,164,280,->,164,281,->,164,282,->,164,283,->,164,284,->,164,285,->,164,286,->,164,287,->,164,288,->,164,289,->,164,290,->,164,291,->,164,292,->,164,293,->,164,294,->,164,295,->,164,296,->,164,297,->,164,298,->,164,299,->,164,300,->,164,301,->,164,302,->,164,303,->,165,0,->,165,1,->,165,2,->,165,3,->,165,7,->,165,8,->,165,9,->,165,10,->,165,11,->,165,12,->,165,13,->,165,14,->,165,15,->,165,16,->,165,17,->,165,18,->,165,19,->,165,20,->,165,39,->,165,40,->,165,41,->,165,57,->,165,58,->,165,59,->,165,60,->,165,61,->,165,62,->,165,63,->,165,64,->,165,65,->,165,66,->,165,67,->,165,68,->,165,69,->,165,70,->,165,71,->,165,72,->,165,73,->,165,74,->,165,75,->,165,76,->,165,77,->,165,78,->,165,79,->,165,80,->,165,81,->,165,82,->,165,83,->,165,84,->,165,85,->,165,86,->,165,87,->,165,88,->,165,89,->,165,90,->,165,91,->,165,92,->,165,93,->,165,94,->,165,95,->,165,96,->,165,97,->,165,98,->,165,146,->,165,147,->,165,160,->,165,161,->,165,165,->,165,167,->,165,168,->,165,169,->,165,174,->,165,175,->,165,176,->,165,177,->,165,178,->,165,179,->,165,180,->,165,181,->,165,182,->,165,183,->,165,184,->,165,185,->,165,186,->,165,187,->,165,188,->,165,189,->,165,190,->,165,191,->,165,192,->,165,193,->,165,194,->,165,195,->,165,196,->,165,197,->,165,198,->,165,199,->,165,200,->,165,201,->,165,202,->,165,203,->,165,204,->,165,205,->,165,206,->,165,207,->,165,208,->,165,209,->,165,210,->,165,211,->,165,212,->,165,213,->,165,214,->,165,215,->,165,216,->,165,217,->,165,218,->,165,219,->,165,220,->,165,221,->,165,222,->,165,223,->,165,224,->,165,225,->,165,226,->,165,227,->,165,228,->,165,229,->,165,230,->,165,231,->,165,232,->,165,233,->,165,234,->,165,235,->,165,236,->,165,237,->,165,238,->,165,239,->,165,240,->,165,241,->,165,242,->,165,243,->,165,244,->,165,245,->,165,246,->,165,247,->,165,248,->,165,249,->,165,250,->,165,251,->,165,252,->,165,253,->,165,254,->,165,255,->,165,256,->,165,257,->,165,258,->,165,259,->,165,260,->,165,261,->,165,262,->,165,263,->,165,264,->,165,265,->,165,266,->,165,267,->,165,268,->,165,269,->,165,270,->,165,271,->,165,272,->,165,273,->,165,274,->,165,275,->,165,276,->,165,277,->,165,278,->,165,279,->,165,280,->,165,281,->,165,282,->,165,283,->,165,284,->,165,285,->,165,286,->,165,287,->,165,288,->,165,289,->,165,290,->,165,291,->,165,292,->,165,293,->,165,294,->,165,295,->,165,296,->,165,297,->,165,298,->,165,299,->,165,300,->,165,301,->,165,302,->,165,303,->,166,0,->,166,1,->,166,2,->,166,3,->,166,9,->,166,10,->,166,11,->,166,12,->,166,13,->,166,14,->,166,15,->,166,16,->,166,17,->,166,18,->,166,19,->,166,20,->,166,21,->,166,23,->,166,40,->,166,56,->,166,57,->,166,58,->,166,59,->,166,60,->,166,63,->,166,64,->,166,65,->,166,66,->,166,67,->,166,68,->,166,69,->,166,70,->,166,71,->,166,72,->,166,73,->,166,74,->,166,75,->,166,76,->,166,77,->,166,78,->,166,79,->,166,80,->,166,81,->,166,82,->,166,83,->,166,84,->,166,85,->,166,86,->,166,87,->,166,88,->,166,89,->,166,90,->,166,91,->,166,92,->,166,93,->,166,94,->,166,95,->,166,96,->,166,146,->,166,147,->,166,148,->,166,149,->,166,150,->,166,151,->,166,158,->,166,159,->,166,160,->,166,168,->,166,169,->,166,174,->,166,175,->,166,176,->,166,177,->,166,178,->,166,179,->,166,180,->,166,181,->,166,182,->,166,183,->,166,184,->,166,185,->,166,186,->,166,187,->,166,188,->,166,189,->,166,190,->,166,191,->,166,192,->,166,193,->,166,194,->,166,195,->,166,196,->,166,197,->,166,198,->,166,199,->,166,200,->,166,201,->,166,202,->,166,203,->,166,204,->,166,205,->,166,206,->,166,207,->,166,208,->,166,209,->,166,210,->,166,211,->,166,212,->,166,213,->,166,214,->,166,215,->,166,216,->,166,217,->,166,218,->,166,219,->,166,220,->,166,221,->,166,222,->,166,223,->,166,224,->,166,225,->,166,226,->,166,227,->,166,228,->,166,229,->,166,230,->,166,231,->,166,232,->,166,233,->,166,234,->,166,235,->,166,236,->,166,237,->,166,238,->,166,239,->,166,240,->,166,241,->,166,242,->,166,243,->,166,244,->,166,245,->,166,246,->,166,247,->,166,248,->,166,249,->,166,250,->,166,251,->,166,252,->,166,253,->,166,254,->,166,255,->,166,256,->,166,257,->,166,258,->,166,259,->,166,260,->,166,261,->,166,262,->,166,263,->,166,264,->,166,265,->,166,266,->,166,267,->,166,268,->,166,269,->,166,270,->,166,271,->,166,272,->,166,273,->,166,274,->,166,275,->,166,276,->,166,277,->,166,278,->,166,279,->,166,280,->,166,281,->,166,282,->,166,283,->,166,284,->,166,285,->,166,286,->,166,287,->,166,288,->,166,289,->,166,290,->,166,291,->,166,292,->,166,293,->,166,294,->,166,295,->,166,296,->,166,297,->,166,298,->,166,299,->,166,300,->,166,301,->,166,302,->,166,303,->,167,0,->,167,1,->,167,2,->,167,3,->,167,4,->,167,10,->,167,11,->,167,12,->,167,13,->,167,14,->,167,15,->,167,16,->,167,17,->,167,18,->,167,19,->,167,20,->,167,21,->,167,22,->,167,41,->,167,56,->,167,57,->,167,58,->,167,59,->,167,60,->,167,64,->,167,65,->,167,66,->,167,67,->,167,68,->,167,69,->,167,70,->,167,71,->,167,72,->,167,73,->,167,74,->,167,75,->,167,76,->,167,77,->,167,78,->,167,79,->,167,80,->,167,81,->,167,82,->,167,83,->,167,84,->,167,85,->,167,86,->,167,87,->,167,88,->,167,89,->,167,90,->,167,91,->,167,92,->,167,93,->,167,94,->,167,95,->,167,146,->,167,147,->,167,148,->,167,149,->,167,150,->,167,151,->,167,158,->,167,168,->,167,169,->,167,174,->,167,175,->,167,176,->,167,177,->,167,178,->,167,179,->,167,180,->,167,181,->,167,182,->,167,183,->,167,184,->,167,185,->,167,186,->,167,187,->,167,188,->,167,189,->,167,190,->,167,191,->,167,192,->,167,193,->,167,194,->,167,195,->,167,196,->,167,197,->,167,198,->,167,199,->,167,200,->,167,201,->,167,202,->,167,203,->,167,204,->,167,205,->,167,206,->,167,207,->,167,208,->,167,209,->,167,210,->,167,211,->,167,212,->,167,213,->,167,214,->,167,215,->,167,216,->,167,217,->,167,218,->,167,219,->,167,220,->,167,221,->,167,222,->,167,223,->,167,224,->,167,225,->,167,226,->,167,227,->,167,228,->,167,229,->,167,230,->,167,231,->,167,232,->,167,233,->,167,234,->,167,235,->,167,236,->,167,237,->,167,238,->,167,239,->,167,240,->,167,241,->,167,242,->,167,243,->,167,244,->,167,245,->,167,246,->,167,247,->,167,248,->,167,249,->,167,250,->,167,251,->,167,252,->,167,253,->,167,254,->,167,255,->,167,256,->,167,257,->,167,258,->,167,259,->,167,260,->,167,261,->,167,262,->,167,263,->,167,264,->,167,265,->,167,266,->,167,267,->,167,268,->,167,269,->,167,270,->,167,271,->,167,272,->,167,273,->,167,274,->,167,275,->,167,276,->,167,277,->,167,278,->,167,279,->,167,280,->,167,281,->,167,282,->,167,283,->,167,284,->,167,285,->,167,286,->,167,287,->,167,288,->,167,289,->,167,290,->,167,291,->,167,292,->,167,293,->,167,294,->,167,295,->,167,296,->,167,297,->,167,298,->,167,299,->,167,300,->,167,301,->,167,302,->,167,303,->,168,2,->,168,3,->,168,9,->,168,10,->,168,11,->,168,12,->,168,13,->,168,14,->,168,15,->,168,16,->,168,17,->,168,18,->,168,19,->,168,20,->,168,21,->,168,22,->,168,35,->,168,36,->,168,37,->,168,39,->,168,40,->,168,41,->,168,55,->,168,56,->,168,57,->,168,59,->,168,60,->,168,64,->,168,65,->,168,66,->,168,67,->,168,68,->,168,69,->,168,70,->,168,71,->,168,72,->,168,73,->,168,74,->,168,75,->,168,76,->,168,77,->,168,78,->,168,79,->,168,80,->,168,81,->,168,82,->,168,83,->,168,84,->,168,85,->,168,86,->,168,87,->,168,88,->,168,89,->,168,90,->,168,91,->,168,137,->,168,143,->,168,144,->,168,145,->,168,146,->,168,147,->,168,148,->,168,149,->,168,150,->,168,151,->,168,157,->,168,158,->,168,159,->,168,168,->,168,169,->,168,174,->,168,175,->,168,176,->,168,177,->,168,180,->,168,181,->,168,182,->,168,183,->,168,184,->,168,185,->,168,186,->,168,187,->,168,188,->,168,189,->,168,190,->,168,191,->,168,192,->,168,193,->,168,194,->,168,195,->,168,196,->,168,197,->,168,198,->,168,199,->,168,200,->,168,201,->,168,202,->,168,203,->,168,204,->,168,205,->,168,206,->,168,207,->,168,208,->,168,209,->,168,210,->,168,211,->,168,212,->,168,213,->,168,214,->,168,215,->,168,216,->,168,217,->,168,218,->,168,219,->,168,220,->,168,221,->,168,222,->,168,223,->,168,224,->,168,225,->,168,226,->,168,227,->,168,228,->,168,229,->,168,230,->,168,231,->,168,232,->,168,233,->,168,234,->,168,235,->,168,236,->,168,237,->,168,238,->,168,239,->,168,240,->,168,241,->,168,242,->,168,243,->,168,244,->,168,245,->,168,246,->,168,247,->,168,248,->,168,249,->,168,250,->,168,251,->,168,252,->,168,253,->,168,254,->,168,255,->,168,256,->,168,257,->,168,258,->,168,259,->,168,260,->,168,261,->,168,262,->,168,263,->,168,264,->,168,265,->,168,266,->,168,267,->,168,268,->,168,269,->,168,270,->,168,271,->,168,272,->,168,273,->,168,274,->,168,275,->,168,276,->,168,277,->,168,278,->,168,279,->,168,280,->,168,281,->,168,282,->,168,283,->,168,284,->,168,285,->,168,286,->,168,287,->,168,288,->,168,289,->,168,290,->,168,291,->,168,292,->,168,293,->,168,294,->,168,295,->,168,296,->,168,297,->,168,298,->,168,299,->,168,300,->,168,301,->,168,302,->,168,303,->,169,1,->,169,3,->,169,4,->,169,8,->,169,10,->,169,11,->,169,12,->,169,13,->,169,14,->,169,15,->,169,16,->,169,17,->,169,18,->,169,19,->,169,20,->,169,21,->,169,22,->,169,23,->,169,35,->,169,36,->,169,37,->,169,38,->,169,39,->,169,40,->,169,41,->,169,42,->,169,43,->,169,44,->,169,45,->,169,46,->,169,58,->,169,65,->,169,66,->,169,67,->,169,68,->,169,69,->,169,70,->,169,71,->,169,72,->,169,73,->,169,74,->,169,75,->,169,76,->,169,77,->,169,78,->,169,79,->,169,80,->,169,81,->,169,82,->,169,83,->,169,84,->,169,134,->,169,135,->,169,136,->,169,137,->,169,138,->,169,139,->,169,140,->,169,143,->,169,144,->,169,145,->,169,146,->,169,147,->,169,148,->,169,149,->,169,150,->,169,151,->,169,152,->,169,153,->,169,157,->,169,158,->,169,173,->,169,174,->,169,175,->,169,176,->,169,177,->,169,178,->,169,179,->,169,180,->,169,181,->,169,182,->,169,183,->,169,184,->,169,185,->,169,186,->,169,187,->,169,188,->,169,189,->,169,190,->,169,191,->,169,192,->,169,193,->,169,194,->,169,195,->,169,196,->,169,197,->,169,198,->,169,199,->,169,200,->,169,201,->,169,202,->,169,203,->,169,204,->,169,205,->,169,206,->,169,207,->,169,208,->,169,209,->,169,210,->,169,211,->,169,212,->,169,213,->,169,214,->,169,215,->,169,216,->,169,217,->,169,218,->,169,219,->,169,220,->,169,221,->,169,222,->,169,223,->,169,224,->,169,225,->,169,226,->,169,227,->,169,228,->,169,229,->,169,230,->,169,231,->,169,232,->,169,233,->,169,234,->,169,235,->,169,236,->,169,237,->,169,238,->,169,239,->,169,240,->,169,241,->,169,242,->,169,243,->,169,244,->,169,245,->,169,246,->,169,247,->,169,248,->,169,249,->,169,250,->,169,251,->,169,252,->,169,253,->,169,254,->,169,255,->,169,256,->,169,257,->,169,258,->,169,259,->,169,260,->,169,261,->,169,262,->,169,263,->,169,264,->,169,265,->,169,266,->,169,267,->,169,268,->,169,269,->,169,270,->,169,271,->,169,272,->,169,273,->,169,274,->,169,275,->,169,276,->,169,277,->,169,278,->,169,279,->,169,280,->,169,281,->,169,282,->,169,283,->,169,284,->,169,285,->,169,286,->,169,287,->,169,288,->,169,289,->,169,290,->,169,291,->,169,292,->,169,293,->,169,294,->,169,295,->,169,296,->,169,297,->,169,298,->,169,299,->,169,300,->,169,301,->,169,302,->,169,303,->,170,0,->,170,1,->,170,3,->,170,5,->,170,8,->,170,11,->,170,12,->,170,13,->,170,14,->,170,15,->,170,16,->,170,17,->,170,18,->,170,19,->,170,20,->,170,21,->,170,22,->,170,23,->,170,27,->,170,28,->,170,29,->,170,30,->,170,34,->,170,35,->,170,36,->,170,37,->,170,38,->,170,39,->,170,40,->,170,41,->,170,42,->,170,43,->,170,44,->,170,45,->,170,46,->,170,47,->,170,65,->,170,66,->,170,67,->,170,68,->,170,69,->,170,70,->,170,71,->,170,72,->,170,73,->,170,74,->,170,75,->,170,79,->,170,134,->,170,135,->,170,136,->,170,137,->,170,138,->,170,139,->,170,140,->,170,141,->,170,142,->,170,143,->,170,144,->,170,145,->,170,146,->,170,147,->,170,148,->,170,149,->,170,150,->,170,151,->,170,152,->,170,153,->,170,157,->,170,174,->,170,175,->,170,176,->,170,179,->,170,180,->,170,181,->,170,182,->,170,183,->,170,184,->,170,185,->,170,186,->,170,187,->,170,188,->,170,189,->,170,190,->,170,191,->,170,192,->,170,193,->,170,194,->,170,195,->,170,196,->,170,197,->,170,198,->,170,199,->,170,200,->,170,201,->,170,202,->,170,203,->,170,204,->,170,205,->,170,206,->,170,207,->,170,208,->,170,209,->,170,210,->,170,211,->,170,212,->,170,213,->,170,214,->,170,215,->,170,216,->,170,217,->,170,218,->,170,219,->,170,220,->,170,221,->,170,222,->,170,223,->,170,224,->,170,225,->,170,226,->,170,227,->,170,228,->,170,229,->,170,230,->,170,231,->,170,232,->,170,233,->,170,234,->,170,235,->,170,236,->,170,237,->,170,238,->,170,239,->,170,240,->,170,241,->,170,242,->,170,243,->,170,244,->,170,245,->,170,246,->,170,247,->,170,248,->,170,249,->,170,250,->,170,251,->,170,252,->,170,253,->,170,254,->,170,255,->,170,256,->,170,257,->,170,258,->,170,259,->,170,260,->,170,261,->,170,262,->,170,263,->,170,264,->,170,265,->,170,266,->,170,267,->,170,268,->,170,269,->,170,270,->,170,271,->,170,272,->,170,273,->,170,274,->,170,275,->,170,276,->,170,277,->,170,278,->,170,279,->,170,280,->,170,281,->,170,282,->,170,283,->,170,284,->,170,285,->,170,286,->,170,287,->,170,288,->,170,289,->,170,290,->,170,291,->,170,292,->,170,293,->,170,294,->,170,295,->,170,296,->,170,297,->,170,298,->,170,299,->,170,300,->,170,301,->,170,302,->,170,303,->,171,3,->,171,11,->,171,12,->,171,13,->,171,14,->,171,15,->,171,16,->,171,17,->,171,18,->,171,19,->,171,20,->,171,21,->,171,26,->,171,27,->,171,28,->,171,29,->,171,30,->,171,31,->,171,32,->,171,33,->,171,34,->,171,35,->,171,36,->,171,37,->,171,38,->,171,39,->,171,40,->,171,41,->,171,42,->,171,43,->,171,44,->,171,45,->,171,46,->,171,47,->,171,48,->,171,65,->,171,66,->,171,67,->,171,68,->,171,69,->,171,70,->,171,71,->,171,72,->,171,73,->,171,74,->,171,134,->,171,135,->,171,136,->,171,137,->,171,138,->,171,139,->,171,140,->,171,141,->,171,142,->,171,143,->,171,144,->,171,145,->,171,146,->,171,147,->,171,148,->,171,149,->,171,150,->,171,151,->,171,152,->,171,153,->,171,174,->,171,175,->,171,176,->,171,177,->,171,178,->,171,179,->,171,180,->,171,181,->,171,182,->,171,183,->,171,184,->,171,185,->,171,186,->,171,187,->,171,188,->,171,189,->,171,190,->,171,191,->,171,192,->,171,193,->,171,194,->,171,195,->,171,196,->,171,197,->,171,198,->,171,199,->,171,200,->,171,201,->,171,202,->,171,203,->,171,204,->,171,205,->,171,206,->,171,207,->,171,208,->,171,209,->,171,210,->,171,211,->,171,212,->,171,213,->,171,214,->,171,215,->,171,216,->,171,217,->,171,218,->,171,219,->,171,220,->,171,221,->,171,222,->,171,223,->,171,224,->,171,225,->,171,226,->,171,227,->,171,228,->,171,229,->,171,230,->,171,231,->,171,232,->,171,233,->,171,234,->,171,235,->,171,236,->,171,237,->,171,238,->,171,239,->,171,240,->,171,241,->,171,242,->,171,243,->,171,244,->,171,245,->,171,246,->,171,247,->,171,248,->,171,249,->,171,250,->,171,251,->,171,252,->,171,253,->,171,254,->,171,255,->,171,256,->,171,257,->,171,258,->,171,259,->,171,260,->,171,261,->,171,262,->,171,263,->,171,264,->,171,265,->,171,266,->,171,267,->,171,268,->,171,269,->,171,270,->,171,271,->,171,272,->,171,273,->,171,274,->,171,275,->,171,276,->,171,277,->,171,278,->,171,279,->,171,280,->,171,281,->,171,282,->,171,283,->,171,284,->,171,285,->,171,286,->,171,287,->,171,288,->,171,289,->,171,290,->,171,291,->,171,292,->,171,293,->,171,294,->,171,295,->,171,296,->,171,297,->,171,298,->,171,299,->,171,300,->,171,301,->,171,302,->,171,303,->,172,3,->,172,8,->,172,10,->,172,11,->,172,12,->,172,13,->,172,14,->,172,15,->,172,16,->,172,17,->,172,18,->,172,19,->,172,20,->,172,21,->,172,22,->,172,23,->,172,24,->,172,25,->,172,26,->,172,29,->,172,30,->,172,31,->,172,32,->,172,33,->,172,34,->,172,35,->,172,36,->,172,37,->,172,38,->,172,39,->,172,40,->,172,41,->,172,42,->,172,43,->,172,44,->,172,45,->,172,46,->,172,47,->,172,48,->,172,65,->,172,66,->,172,67,->,172,68,->,172,69,->,172,70,->,172,71,->,172,72,->,172,73,->,172,74,->,172,135,->,172,136,->,172,137,->,172,138,->,172,139,->,172,140,->,172,143,->,172,144,->,172,145,->,172,146,->,172,147,->,172,148,->,172,149,->,172,150,->,172,151,->,172,174,->,172,175,->,172,176,->,172,177,->,172,178,->,172,179,->,172,180,->,172,181,->,172,182,->,172,183,->,172,184,->,172,185,->,172,186,->,172,187,->,172,188,->,172,189,->,172,190,->,172,191,->,172,192,->,172,193,->,172,194,->,172,195,->,172,196,->,172,197,->,172,198,->,172,199,->,172,200,->,172,201,->,172,202,->,172,203,->,172,204,->,172,205,->,172,206,->,172,207,->,172,208,->,172,209,->,172,210,->,172,211,->,172,212,->,172,213,->,172,214,->,172,215,->,172,216,->,172,217,->,172,218,->,172,219,->,172,220,->,172,221,->,172,222,->,172,223,->,172,224,->,172,225,->,172,226,->,172,227,->,172,228,->,172,229,->,172,230,->,172,231,->,172,232,->,172,233,->,172,234,->,172,235,->,172,236,->,172,237,->,172,238,->,172,239,->,172,240,->,172,241,->,172,242,->,172,243,->,172,244,->,172,245,->,172,246,->,172,247,->,172,248,->,172,249,->,172,250,->,172,251,->,172,252,->,172,253,->,172,254,->,172,255,->,172,256,->,172,257,->,172,258,->,172,259,->,172,260,->,172,261,->,172,262,->,172,263,->,172,264,->,172,265,->,172,266,->,172,267,->,172,268,->,172,269,->,172,270,->,172,271,->,172,272,->,172,273,->,172,274,->,172,275,->,172,276,->,172,277,->,172,278,->,172,279,->,172,280,->,172,281,->,172,282,->,172,283,->,172,284,->,172,285,->,172,286,->,172,287,->,172,288,->,172,289,->,172,290,->,172,291,->,172,292,->,172,293,->,172,294,->,172,295,->,172,296,->,172,297,->,172,298,->,172,299,->,172,300,->,172,301,->,172,302,->,172,303,->,173,0,->,173,2,->,173,3,->,173,5,->,173,10,->,173,11,->,173,12,->,173,13,->,173,14,->,173,15,->,173,16,->,173,17,->,173,18,->,173,19,->,173,20,->,173,21,->,173,26,->,173,27,->,173,28,->,173,29,->,173,30,->,173,31,->,173,32,->,173,33,->,173,34,->,173,35,->,173,36,->,173,37,->,173,38,->,173,39,->,173,40,->,173,41,->,173,42,->,173,43,->,173,44,->,173,45,->,173,46,->,173,47,->,173,48,->,173,49,->,173,62,->,173,63,->,173,64,->,173,65,->,173,66,->,173,67,->,173,68,->,173,69,->,173,70,->,173,71,->,173,72,->,173,73,->,173,74,->,173,96,->,173,146,->,173,147,->,173,148,->,173,149,->,173,150,->,173,151,->,173,175,->,173,176,->,173,177,->,173,178,->,173,179,->,173,180,->,173,181,->,173,182,->,173,183,->,173,184,->,173,185,->,173,186,->,173,187,->,173,188,->,173,189,->,173,190,->,173,191,->,173,192,->,173,193,->,173,194,->,173,195,->,173,196,->,173,197,->,173,198,->,173,199,->,173,200,->,173,201,->,173,202,->,173,203,->,173,204,->,173,205,->,173,206,->,173,207,->,173,208,->,173,209,->,173,210,->,173,211,->,173,212,->,173,213,->,173,214,->,173,215,->,173,216,->,173,217,->,173,218,->,173,219,->,173,220,->,173,221,->,173,222,->,173,223,->,173,224,->,173,225,->,173,226,->,173,227,->,173,228,->,173,229,->,173,230,->,173,231,->,173,232,->,173,233,->,173,234,->,173,235,->,173,236,->,173,237,->,173,238,->,173,239,->,173,240,->,173,241,->,173,242,->,173,243,->,173,244,->,173,245,->,173,246,->,173,247,->,173,248,->,173,249,->,173,250,->,173,251,->,173,252,->,173,253,->,173,254,->,173,255,->,173,256,->,173,257,->,173,258,->,173,259,->,173,260,->,173,261,->,173,262,->,173,263,->,173,264,->,173,265,->,173,266,->,173,267,->,173,268,->,173,269,->,173,270,->,173,271,->,173,272,->,173,273,->,173,274,->,173,275,->,173,276,->,173,277,->,173,278,->,173,279,->,173,280,->,173,281,->,173,282,->,173,283,->,173,284,->,173,285,->,173,286,->,173,287,->,173,288,->,173,289,->,173,290,->,173,291,->,173,292,->,173,293,->,173,294,->,173,295,->,173,296,->,173,297,->,173,298,->,173,299,->,173,300,->,173,301,->,173,302,->,173,303,->,174,1,->,174,4,->,174,6,->,174,7,->,174,9,->,174,10,->,174,11,->,174,12,->,174,13,->,174,14,->,174,15,->,174,16,->,174,17,->,174,18,->,174,19,->,174,20,->,174,21,->,174,22,->,174,27,->,174,28,->,174,29,->,174,30,->,174,31,->,174,32,->,174,33,->,174,34,->,174,35,->,174,36,->,174,37,->,174,38,->,174,39,->,174,40,->,174,41,->,174,42,->,174,43,->,174,44,->,174,45,->,174,46,->,174,47,->,174,48,->,174,49,->,174,50,->,174,61,->,174,62,->,174,63,->,174,64,->,174,65,->,174,66,->,174,67,->,174,68,->,174,69,->,174,70,->,174,71,->,174,72,->,174,95,->,174,96,->,174,97,->,174,98,->,174,147,->,174,148,->,174,149,->,174,150,->,174,151,->,174,177,->,174,178,->,174,179,->,174,180,->,174,181,->,174,182,->,174,183,->,174,184,->,174,185,->,174,186,->,174,187,->,174,188,->,174,189,->,174,190,->,174,191,->,174,192,->,174,193,->,174,194,->,174,195,->,174,196,->,174,197,->,174,198,->,174,199,->,174,200,->,174,201,->,174,202,->,174,203,->,174,204,->,174,205,->,174,206,->,174,207,->,174,208,->,174,209,->,174,210,->,174,211,->,174,212,->,174,213,->,174,214,->,174,215,->,174,216,->,174,217,->,174,218,->,174,219,->,174,220,->,174,221,->,174,222,->,174,223,->,174,224,->,174,225,->,174,226,->,174,227,->,174,228,->,174,229,->,174,230,->,174,231,->,174,232,->,174,233,->,174,234,->,174,235,->,174,236,->,174,237,->,174,238,->,174,239,->,174,240,->,174,241,->,174,242,->,174,243,->,174,244,->,174,245,->,174,246,->,174,247,->,174,248,->,174,249,->,174,250,->,174,251,->,174,252,->,174,253,->,174,254,->,174,255,->,174,256,->,174,257,->,174,258,->,174,259,->,174,260,->,174,261,->,174,262,->,174,263,->,174,264,->,174,265,->,174,266,->,174,267,->,174,268,->,174,269,->,174,270,->,174,271,->,174,272,->,174,273,->,174,274,->,174,275,->,174,276,->,174,277,->,174,278,->,174,279,->,174,280,->,174,281,->,174,282,->,174,283,->,174,284,->,174,285,->,174,286,->,174,287,->,174,288,->,174,289,->,174,290,->,174,291,->,174,292,->,174,293,->,174,294,->,174,295,->,174,296,->,174,297,->,174,298,->,174,299,->,174,300,->,174,301,->,174,302,->,174,303,->,175,0,->,175,1,->,175,3,->,175,4,->,175,6,->,175,7,->,175,9,->,175,10,->,175,11,->,175,12,->,175,13,->,175,14,->,175,15,->,175,16,->,175,17,->,175,18,->,175,19,->,175,20,->,175,21,->,175,22,->,175,23,->,175,24,->,175,25,->,175,26,->,175,27,->,175,28,->,175,29,->,175,30,->,175,31,->,175,32,->,175,33,->,175,34,->,175,35,->,175,36,->,175,37,->,175,38,->,175,39,->,175,40,->,175,41,->,175,42,->,175,43,->,175,44,->,175,45,->,175,46,->,175,47,->,175,48,->,175,49,->,175,50,->,175,51,->,175,56,->,175,57,->,175,58,->,175,59,->,175,60,->,175,61,->,175,62,->,175,63,->,175,64,->,175,65,->,175,66,->,175,67,->,175,94,->,175,95,->,175,96,->,175,97,->,175,177,->,175,178,->,175,179,->,175,180,->,175,181,->,175,182,->,175,183,->,175,184,->,175,185,->,175,186,->,175,187,->,175,188,->,175,189,->,175,190,->,175,191,->,175,192,->,175,193,->,175,194,->,175,195,->,175,196,->,175,197,->,175,198,->,175,199,->,175,200,->,175,201,->,175,202,->,175,203,->,175,204,->,175,205,->,175,206,->,175,207,->,175,208,->,175,209,->,175,210,->,175,211,->,175,212,->,175,213,->,175,214,->,175,215,->,175,216,->,175,217,->,175,218,->,175,219,->,175,220,->,175,221,->,175,222,->,175,223,->,175,224,->,175,225,->,175,226,->,175,227,->,175,228,->,175,229,->,175,230,->,175,231,->,175,232,->,175,233,->,175,234,->,175,235,->,175,236,->,175,237,->,175,238,->,175,239,->,175,240,->,175,241,->,175,242,->,175,243,->,175,244,->,175,245,->,175,246,->,175,247,->,175,248,->,175,249,->,175,250,->,175,251,->,175,252,->,175,253,->,175,254,->,175,255,->,175,256,->,175,257,->,175,258,->,175,259,->,175,260,->,175,261,->,175,262,->,175,263,->,175,264,->,175,265,->,175,266,->,175,267,->,175,268,->,175,269,->,175,270,->,175,271,->,175,272,->,175,273,->,175,274,->,175,275,->,175,276,->,175,277,->,175,278,->,175,279,->,175,280,->,175,281,->,175,282,->,175,283,->,175,284,->,175,285,->,175,286,->,175,287,->,175,288,->,175,289,->,175,290,->,175,291,->,175,292,->,175,293,->,175,294,->,175,295,->,175,296,->,175,297,->,175,298,->,175,299,->,175,300,->,175,301,->,175,302,->,175,303,->,176,0,->,176,1,->,176,3,->,176,4,->,176,5,->,176,6,->,176,8,->,176,9,->,176,10,->,176,12,->,176,13,->,176,14,->,176,15,->,176,16,->,176,17,->,176,18,->,176,19,->,176,20,->,176,21,->,176,22,->,176,23,->,176,24,->,176,25,->,176,26,->,176,27,->,176,28,->,176,29,->,176,30,->,176,31,->,176,32,->,176,33,->,176,34,->,176,35,->,176,36,->,176,37,->,176,38,->,176,39,->,176,40,->,176,41,->,176,42,->,176,43,->,176,44,->,176,45,->,176,46,->,176,47,->,176,48,->,176,49,->,176,50,->,176,51,->,176,56,->,176,57,->,176,58,->,176,59,->,176,60,->,176,61,->,176,62,->,176,63,->,176,64,->,176,65,->,176,66,->,176,94,->,176,95,->,176,96,->,176,176,->,176,177,->,176,178,->,176,179,->,176,180,->,176,181,->,176,182,->,176,183,->,176,184,->,176,185,->,176,186,->,176,187,->,176,188,->,176,189,->,176,190,->,176,191,->,176,192,->,176,193,->,176,194,->,176,195,->,176,196,->,176,197,->,176,198,->,176,199,->,176,200,->,176,201,->,176,202,->,176,203,->,176,204,->,176,205,->,176,206,->,176,207,->,176,208,->,176,209,->,176,210,->,176,211,->,176,212,->,176,213,->,176,214,->,176,215,->,176,216,->,176,217,->,176,218,->,176,219,->,176,220,->,176,221,->,176,222,->,176,223,->,176,224,->,176,225,->,176,226,->,176,227,->,176,228,->,176,229,->,176,230,->,176,231,->,176,232,->,176,233,->,176,234,->,176,235,->,176,236,->,176,237,->,176,238,->,176,239,->,176,240,->,176,241,->,176,242,->,176,243,->,176,244,->,176,245,->,176,246,->,176,247,->,176,248,->,176,249,->,176,250,->,176,251,->,176,252,->,176,253,->,176,254,->,176,255,->,176,256,->,176,257,->,176,258,->,176,259,->,176,260,->,176,261,->,176,262,->,176,263,->,176,264,->,176,265,->,176,266,->,176,267,->,176,268,->,176,269,->,176,270,->,176,271,->,176,272,->,176,273,->,176,274,->,176,275,->,176,276,->,176,277,->,176,278,->,176,279,->,176,280,->,176,281,->,176,282,->,176,283,->,176,284,->,176,285,->,176,286,->,176,287,->,176,288,->,176,289,->,176,290,->,176,291,->,176,292,->,176,293,->,176,294,->,176,295,->,176,296,->,176,297,->,176,298,->,176,299,->,176,300,->,176,301,->,176,302,->,176,303,->,177,1,->,177,3,->,177,4,->,177,5,->,177,6,->,177,8,->,177,10,->,177,12,->,177,13,->,177,14,->,177,15,->,177,16,->,177,17,->,177,18,->,177,19,->,177,20,->,177,21,->,177,24,->,177,25,->,177,26,->,177,27,->,177,28,->,177,29,->,177,30,->,177,31,->,177,32,->,177,33,->,177,34,->,177,35,->,177,36,->,177,37,->,177,38,->,177,39,->,177,40,->,177,41,->,177,42,->,177,43,->,177,44,->,177,45,->,177,46,->,177,47,->,177,48,->,177,49,->,177,50,->,177,51,->,177,55,->,177,56,->,177,57,->,177,58,->,177,59,->,177,60,->,177,61,->,177,62,->,177,63,->,177,64,->,177,65,->,177,66,->,177,93,->,177,94,->,177,95,->,177,96,->,177,176,->,177,177,->,177,178,->,177,179,->,177,180,->,177,181,->,177,182,->,177,183,->,177,184,->,177,185,->,177,186,->,177,187,->,177,188,->,177,189,->,177,190,->,177,191,->,177,192,->,177,193,->,177,194,->,177,195,->,177,196,->,177,197,->,177,198,->,177,199,->,177,200,->,177,201,->,177,202,->,177,203,->,177,204,->,177,205,->,177,206,->,177,207,->,177,208,->,177,209,->,177,210,->,177,211,->,177,212,->,177,213,->,177,214,->,177,215,->,177,216,->,177,217,->,177,218,->,177,219,->,177,220,->,177,221,->,177,222,->,177,223,->,177,224,->,177,225,->,177,226,->,177,227,->,177,228,->,177,229,->,177,230,->,177,231,->,177,232,->,177,233,->,177,234,->,177,235,->,177,236,->,177,237,->,177,238,->,177,239,->,177,240,->,177,241,->,177,242,->,177,243,->,177,244,->,177,245,->,177,246,->,177,247,->,177,248,->,177,249,->,177,250,->,177,251,->,177,252,->,177,253,->,177,254,->,177,255,->,177,256,->,177,257,->,177,258,->,177,259,->,177,260,->,177,261,->,177,262,->,177,263,->,177,264,->,177,265,->,177,266,->,177,267,->,177,268,->,177,269,->,177,270,->,177,271,->,177,272,->,177,273,->,177,274,->,177,275,->,177,276,->,177,277,->,177,278,->,177,279,->,177,280,->,177,281,->,177,282,->,177,283,->,177,284,->,177,285,->,177,286,->,177,287,->,177,288,->,177,289,->,177,290,->,177,291,->,177,292,->,177,293,->,177,294,->,177,295,->,177,296,->,177,297,->,177,298,->,177,299,->,177,300,->,177,301,->,177,302,->,177,303,->,178,2,->,178,4,->,178,5,->,178,6,->,178,7,->,178,8,->,178,9,->,178,10,->,178,11,->,178,12,->,178,13,->,178,14,->,178,15,->,178,16,->,178,17,->,178,18,->,178,19,->,178,20,->,178,21,->,178,24,->,178,25,->,178,26,->,178,27,->,178,28,->,178,29,->,178,30,->,178,31,->,178,32,->,178,33,->,178,34,->,178,35,->,178,36,->,178,37,->,178,38,->,178,39,->,178,40,->,178,41,->,178,42,->,178,43,->,178,44,->,178,45,->,178,46,->,178,47,->,178,48,->,178,49,->,178,50,->,178,55,->,178,56,->,178,57,->,178,58,->,178,59,->,178,60,->,178,61,->,178,62,->,178,63,->,178,64,->,178,65,->,178,66,->,178,94,->,178,95,->,178,176,->,178,177,->,178,178,->,178,179,->,178,180,->,178,181,->,178,182,->,178,183,->,178,184,->,178,185,->,178,186,->,178,187,->,178,188,->,178,189,->,178,190,->,178,191,->,178,192,->,178,193,->,178,194,->,178,195,->,178,196,->,178,197,->,178,198,->,178,199,->,178,200,->,178,201,->,178,202,->,178,203,->,178,204,->,178,205,->,178,206,->,178,207,->,178,208,->,178,209,->,178,210,->,178,211,->,178,212,->,178,213,->,178,214,->,178,215,->,178,216,->,178,217,->,178,218,->,178,219,->,178,220,->,178,221,->,178,222,->,178,223,->,178,224,->,178,225,->,178,226,->,178,227,->,178,228,->,178,229,->,178,230,->,178,231,->,178,232,->,178,233,->,178,234,->,178,235,->,178,236,->,178,237,->,178,238,->,178,239,->,178,240,->,178,241,->,178,242,->,178,243,->,178,244,->,178,245,->,178,246,->,178,247,->,178,248,->,178,249,->,178,250,->,178,251,->,178,252,->,178,253,->,178,254,->,178,255,->,178,256,->,178,257,->,178,258,->,178,259,->,178,260,->,178,261,->,178,262,->,178,263,->,178,264,->,178,265,->,178,266,->,178,267,->,178,268,->,178,269,->,178,270,->,178,271,->,178,272,->,178,273,->,178,274,->,178,275,->,178,276,->,178,277,->,178,278,->,178,279,->,178,280,->,178,281,->,178,282,->,178,283,->,178,284,->,178,285,->,178,286,->,178,287,->,178,288,->,178,289,->,178,290,->,178,291,->,178,292,->,178,293,->,178,294,->,178,295,->,178,296,->,178,297,->,178,298,->,178,299,->,178,300,->,178,301,->,178,302,->,178,303,->,179,1,->,179,8,->,179,9,->,179,10,->,179,11,->,179,12,->,179,13,->,179,14,->,179,15,->,179,16,->,179,17,->,179,18,->,179,19,->,179,20,->,179,21,->,179,22,->,179,23,->,179,24,->,179,25,->,179,26,->,179,27,->,179,28,->,179,29,->,179,30,->,179,31,->,179,32,->,179,33,->,179,34,->,179,35,->,179,36,->,179,37,->,179,38,->,179,39,->,179,40,->,179,41,->,179,42,->,179,43,->,179,44,->,179,45,->,179,46,->,179,47,->,179,48,->,179,49,->,179,50,->,179,54,->,179,55,->,179,56,->,179,57,->,179,58,->,179,59,->,179,60,->,179,61,->,179,62,->,179,63,->,179,64,->,179,65,->,179,66,->,179,95,->,179,176,->,179,177,->,179,178,->,179,179,->,179,180,->,179,181,->,179,182,->,179,183,->,179,184,->,179,185,->,179,186,->,179,187,->,179,188,->,179,189,->,179,190,->,179,191,->,179,192,->,179,193,->,179,194,->,179,195,->,179,196,->,179,197,->,179,198,->,179,199,->,179,200,->,179,201,->,179,202,->,179,203,->,179,204,->,179,205,->,179,206,->,179,207,->,179,208,->,179,209,->,179,210,->,179,211,->,179,212,->,179,213,->,179,214,->,179,215,->,179,216,->,179,217,->,179,218,->,179,219,->,179,220,->,179,221,->,179,222,->,179,223,->,179,224,->,179,225,->,179,226,->,179,227,->,179,228,->,179,229,->,179,230,->,179,231,->,179,232,->,179,233,->,179,234,->,179,235,->,179,236,->,179,237,->,179,238,->,179,239,->,179,240,->,179,241,->,179,242,->,179,243,->,179,244,->,179,245,->,179,246,->,179,247,->,179,248,->,179,249,->,179,250,->,179,251,->,179,252,->,179,253,->,179,254,->,179,255,->,179,256,->,179,257,->,179,258,->,179,259,->,179,260,->,179,261,->,179,262,->,179,263,->,179,264,->,179,265,->,179,266,->,179,267,->,179,268,->,179,269,->,179,270,->,179,271,->,179,272,->,179,273,->,179,274,->,179,275,->,179,276,->,179,277,->,179,278,->,179,279,->,179,280,->,179,281,->,179,282,->,179,283,->,179,284,->,179,285,->,179,286,->,179,287,->,179,288,->,179,289,->,179,290,->,179,291,->,179,292,->,179,293,->,179,294,->,179,295,->,179,296,->,179,297,->,179,298,->,179,299,->,179,300,->,179,301,->,179,302,->,179,303,->,180,0,->,180,1,->,180,8,->,180,9,->,180,11,->,180,12,->,180,13,->,180,14,->,180,15,->,180,16,->,180,17,->,180,18,->,180,19,->,180,20,->,180,21,->,180,22,->,180,23,->,180,24,->,180,25,->,180,26,->,180,27,->,180,28,->,180,29,->,180,30,->,180,31,->,180,32,->,180,33,->,180,34,->,180,35,->,180,36,->,180,37,->,180,38,->,180,39,->,180,40,->,180,41,->,180,42,->,180,43,->,180,44,->,180,45,->,180,46,->,180,47,->,180,48,->,180,49,->,180,50,->,180,53,->,180,54,->,180,55,->,180,56,->,180,57,->,180,58,->,180,59,->,180,60,->,180,61,->,180,62,->,180,63,->,180,64,->,180,65,->,180,177,->,180,178,->,180,179,->,180,180,->,180,181,->,180,182,->,180,183,->,180,184,->,180,185,->,180,186,->,180,187,->,180,188,->,180,189,->,180,190,->,180,191,->,180,192,->,180,193,->,180,194,->,180,195,->,180,196,->,180,197,->,180,198,->,180,199,->,180,200,->,180,201,->,180,202,->,180,203,->,180,204,->,180,205,->,180,206,->,180,207,->,180,208,->,180,209,->,180,210,->,180,211,->,180,212,->,180,213,->,180,214,->,180,215,->,180,216,->,180,217,->,180,218,->,180,219,->,180,220,->,180,221,->,180,222,->,180,223,->,180,224,->,180,225,->,180,226,->,180,227,->,180,228,->,180,229,->,180,230,->,180,231,->,180,232,->,180,233,->,180,234,->,180,235,->,180,236,->,180,237,->,180,238,->,180,239,->,180,240,->,180,241,->,180,242,->,180,243,->,180,244,->,180,245,->,180,246,->,180,247,->,180,248,->,180,249,->,180,250,->,180,251,->,180,252,->,180,253,->,180,254,->,180,255,->,180,256,->,180,257,->,180,258,->,180,259,->,180,260,->,180,261,->,180,262,->,180,263,->,180,264,->,180,265,->,180,266,->,180,267,->,180,268,->,180,269,->,180,270,->,180,271,->,180,272,->,180,273,->,180,274,->,180,275,->,180,276,->,180,277,->,180,278,->,180,279,->,180,280,->,180,281,->,180,282,->,180,283,->,180,284,->,180,285,->,180,286,->,180,287,->,180,288,->,180,289,->,180,290,->,180,291,->,180,292,->,180,293,->,180,294,->,180,295,->,180,296,->,180,297,->,180,298,->,180,299,->,180,300,->,180,301,->,180,302,->,180,303,->,181,0,->,181,1,->,181,5,->,181,6,->,181,7,->,181,8,->,181,10,->,181,11,->,181,12,->,181,13,->,181,14,->,181,15,->,181,16,->,181,17,->,181,18,->,181,19,->,181,20,->,181,21,->,181,22,->,181,23,->,181,24,->,181,25,->,181,26,->,181,27,->,181,28,->,181,29,->,181,30,->,181,31,->,181,32,->,181,33,->,181,34,->,181,35,->,181,36,->,181,37,->,181,38,->,181,39,->,181,40,->,181,41,->,181,42,->,181,43,->,181,44,->,181,45,->,181,46,->,181,47,->,181,48,->,181,49,->,181,50,->,181,51,->,181,52,->,181,53,->,181,54,->,181,55,->,181,56,->,181,57,->,181,58,->,181,59,->,181,60,->,181,61,->,181,62,->,181,63,->,181,64,->,181,65,->,181,178,->,181,179,->,181,180,->,181,181,->,181,182,->,181,183,->,181,184,->,181,185,->,181,186,->,181,187,->,181,188,->,181,189,->,181,190,->,181,191,->,181,192,->,181,193,->,181,194,->,181,195,->,181,196,->,181,197,->,181,198,->,181,199,->,181,200,->,181,201,->,181,202,->,181,203,->,181,204,->,181,205,->,181,206,->,181,207,->,181,208,->,181,209,->,181,210,->,181,211,->,181,212,->,181,213,->,181,214,->,181,215,->,181,216,->,181,217,->,181,218,->,181,219,->,181,220,->,181,221,->,181,222,->,181,223,->,181,224,->,181,225,->,181,226,->,181,227,->,181,228,->,181,229,->,181,230,->,181,231,->,181,232,->,181,233,->,181,234,->,181,235,->,181,236,->,181,237,->,181,238,->,181,239,->,181,240,->,181,241,->,181,242,->,181,243,->,181,244,->,181,245,->,181,246,->,181,247,->,181,248,->,181,249,->,181,250,->,181,251,->,181,252,->,181,253,->,181,254,->,181,255,->,181,256,->,181,257,->,181,258,->,181,259,->,181,260,->,181,261,->,181,262,->,181,263,->,181,264,->,181,265,->,181,266,->,181,267,->,181,268,->,181,269,->,181,270,->,181,271,->,181,272,->,181,273,->,181,274,->,181,275,->,181,276,->,181,277,->,181,278,->,181,279,->,181,280,->,181,281,->,181,282,->,181,283,->,181,284,->,181,285,->,181,286,->,181,287,->,181,288,->,181,289,->,181,290,->,181,291,->,181,292,->,181,293,->,181,294,->,181,295,->,181,296,->,181,297,->,181,298,->,181,299,->,181,300,->,181,301,->,181,302,->,181,303,->,182,5,->,182,6,->,182,8,->,182,9,->,182,10,->,182,11,->,182,12,->,182,13,->,182,14,->,182,15,->,182,16,->,182,17,->,182,18,->,182,19,->,182,20,->,182,21,->,182,22,->,182,23,->,182,24,->,182,25,->,182,26,->,182,27,->,182,28,->,182,29,->,182,30,->,182,31,->,182,32,->,182,33,->,182,34,->,182,35,->,182,36,->,182,37,->,182,38,->,182,39,->,182,40,->,182,41,->,182,42,->,182,43,->,182,44,->,182,45,->,182,46,->,182,47,->,182,48,->,182,49,->,182,50,->,182,51,->,182,52,->,182,53,->,182,54,->,182,55,->,182,56,->,182,57,->,182,58,->,182,59,->,182,60,->,182,61,->,182,62,->,182,63,->,182,64,->,182,180,->,182,181,->,182,182,->,182,183,->,182,184,->,182,185,->,182,186,->,182,187,->,182,188,->,182,189,->,182,190,->,182,191,->,182,192,->,182,193,->,182,194,->,182,195,->,182,196,->,182,197,->,182,198,->,182,199,->,182,200,->,182,201,->,182,202,->,182,203,->,182,204,->,182,205,->,182,206,->,182,207,->,182,208,->,182,209,->,182,210,->,182,211,->,182,212,->,182,213,->,182,214,->,182,215,->,182,216,->,182,217,->,182,218,->,182,219,->,182,220,->,182,221,->,182,222,->,182,223,->,182,224,->,182,225,->,182,226,->,182,227,->,182,228,->,182,229,->,182,230,->,182,231,->,182,232,->,182,233,->,182,234,->,182,235,->,182,236,->,182,237,->,182,238,->,182,239,->,182,240,->,182,241,->,182,242,->,182,243,->,182,244,->,182,245,->,182,246,->,182,247,->,182,248,->,182,249,->,182,250,->,182,251,->,182,252,->,182,253,->,182,254,->,182,255,->,182,256,->,182,257,->,182,258,->,182,259,->,182,260,->,182,261,->,182,262,->,182,263,->,182,264,->,182,265,->,182,266,->,182,267,->,182,268,->,182,269,->,182,270,->,182,271,->,182,272,->,182,273,->,182,274,->,182,275,->,182,276,->,182,277,->,182,278,->,182,279,->,182,280,->,182,281,->,182,282,->,182,283,->,182,284,->,182,285,->,182,286,->,182,287,->,182,288,->,182,289,->,182,290,->,182,291,->,182,292,->,182,293,->,182,294,->,182,295,->,182,296,->,182,297,->,182,298,->,182,299,->,182,300,->,182,301,->,182,302,->,182,303,->,183,5,->,183,6,->,183,7,->,183,9,->,183,10,->,183,11,->,183,12,->,183,13,->,183,14,->,183,15,->,183,16,->,183,17,->,183,18,->,183,19,->,183,20,->,183,21,->,183,22,->,183,23,->,183,24,->,183,25,->,183,26,->,183,27,->,183,28,->,183,29,->,183,30,->,183,31,->,183,32,->,183,33,->,183,34,->,183,35,->,183,36,->,183,37,->,183,38,->,183,39,->,183,40,->,183,41,->,183,42,->,183,43,->,183,44,->,183,45,->,183,46,->,183,47,->,183,48,->,183,49,->,183,50,->,183,51,->,183,52,->,183,53,->,183,54,->,183,55,->,183,56,->,183,57,->,183,58,->,183,59,->,183,60,->,183,61,->,183,62,->,183,63,->,183,64,->,183,71,->,183,72,->,183,73,->,183,180,->,183,181,->,183,182,->,183,183,->,183,184,->,183,185,->,183,186,->,183,187,->,183,188,->,183,189,->,183,190,->,183,191,->,183,192,->,183,193,->,183,194,->,183,195,->,183,196,->,183,197,->,183,198,->,183,199,->,183,200,->,183,201,->,183,202,->,183,203,->,183,204,->,183,205,->,183,206,->,183,207,->,183,208,->,183,209,->,183,210,->,183,211,->,183,212,->,183,213,->,183,214,->,183,215,->,183,216,->,183,217,->,183,218,->,183,219,->,183,220,->,183,221,->,183,222,->,183,223,->,183,224,->,183,225,->,183,226,->,183,227,->,183,228,->,183,229,->,183,230,->,183,231,->,183,232,->,183,233,->,183,234,->,183,235,->,183,236,->,183,237,->,183,238,->,183,239,->,183,240,->,183,241,->,183,242,->,183,243,->,183,244,->,183,245,->,183,246,->,183,247,->,183,248,->,183,249,->,183,250,->,183,251,->,183,252,->,183,253,->,183,254,->,183,255,->,183,256,->,183,257,->,183,258,->,183,259,->,183,260,->,183,261,->,183,262,->,183,263,->,183,264,->,183,265,->,183,266,->,183,267,->,183,268,->,183,269,->,183,270,->,183,271,->,183,272,->,183,273,->,183,274,->,183,275,->,183,276,->,183,277,->,183,278,->,183,279,->,183,280,->,183,281,->,183,282,->,183,283,->,183,284,->,183,285,->,183,286,->,183,287,->,183,288,->,183,289,->,183,290,->,183,291,->,183,292,->,183,293,->,183,294,->,183,295,->,183,296,->,183,297,->,183,298,->,183,299,->,183,300,->,183,301,->,183,302,->,183,303,->,184,0,->,184,4,->,184,5,->,184,6,->,184,9,->,184,10,->,184,11,->,184,12,->,184,13,->,184,14,->,184,15,->,184,16,->,184,17,->,184,18,->,184,19,->,184,20,->,184,21,->,184,22,->,184,23,->,184,24,->,184,25,->,184,26,->,184,27,->,184,28,->,184,29,->,184,30,->,184,31,->,184,32,->,184,33,->,184,34,->,184,35,->,184,36,->,184,37,->,184,38,->,184,39,->,184,40,->,184,41,->,184,42,->,184,43,->,184,44,->,184,45,->,184,46,->,184,47,->,184,48,->,184,49,->,184,50,->,184,51,->,184,52,->,184,53,->,184,54,->,184,55,->,184,56,->,184,57,->,184,58,->,184,59,->,184,60,->,184,61,->,184,62,->,184,63,->,184,64,->,184,65,->,184,66,->,184,67,->,184,68,->,184,69,->,184,70,->,184,71,->,184,72,->,184,73,->,184,74,->,184,75,->,184,180,->,184,181,->,184,182,->,184,183,->,184,184,->,184,185,->,184,186,->,184,187,->,184,188,->,184,189,->,184,190,->,184,191,->,184,192,->,184,193,->,184,194,->,184,195,->,184,196,->,184,197,->,184,198,->,184,199,->,184,200,->,184,201,->,184,202,->,184,203,->,184,204,->,184,205,->,184,206,->,184,207,->,184,208,->,184,209,->,184,210,->,184,211,->,184,212,->,184,213,->,184,214,->,184,215,->,184,216,->,184,217,->,184,218,->,184,219,->,184,220,->,184,221,->,184,222,->,184,223,->,184,224,->,184,225,->,184,226,->,184,227,->,184,228,->,184,229,->,184,230,->,184,231,->,184,232,->,184,233,->,184,234,->,184,235,->,184,236,->,184,237,->,184,238,->,184,239,->,184,240,->,184,241,->,184,242,->,184,243,->,184,244,->,184,245,->,184,246,->,184,247,->,184,248,->,184,249,->,184,250,->,184,251,->,184,252,->,184,253,->,184,254,->,184,255,->,184,256,->,184,257,->,184,258,->,184,259,->,184,260,->,184,261,->,184,262,->,184,263,->,184,264,->,184,265,->,184,266,->,184,267,->,184,268,->,184,269,->,184,270,->,184,271,->,184,272,->,184,273,->,184,274,->,184,275,->,184,276,->,184,277,->,184,278,->,184,279,->,184,280,->,184,281,->,184,282,->,184,283,->,184,284,->,184,285,->,184,286,->,184,287,->,184,288,->,184,289,->,184,290,->,184,291,->,184,292,->,184,293,->,184,294,->,184,295,->,184,296,->,184,297,->,184,298,->,184,299,->,184,300,->,184,301,->,184,302,->,184,303,->,185,5,->,185,6,->,185,7,->,185,9,->,185,11,->,185,12,->,185,13,->,185,14,->,185,15,->,185,16,->,185,17,->,185,18,->,185,19,->,185,20,->,185,21,->,185,22,->,185,23,->,185,24,->,185,25,->,185,26,->,185,27,->,185,28,->,185,29,->,185,30,->,185,31,->,185,32,->,185,33,->,185,34,->,185,35,->,185,36,->,185,37,->,185,38,->,185,39,->,185,40,->,185,41,->,185,42,->,185,43,->,185,44,->,185,45,->,185,46,->,185,47,->,185,48,->,185,49,->,185,50,->,185,51,->,185,52,->,185,53,->,185,54,->,185,55,->,185,56,->,185,57,->,185,58,->,185,59,->,185,60,->,185,61,->,185,62,->,185,63,->,185,64,->,185,65,->,185,66,->,185,67,->,185,68,->,185,69,->,185,70,->,185,71,->,185,72,->,185,73,->,185,74,->,185,75,->,185,180,->,185,181,->,185,182,->,185,183,->,185,184,->,185,185,->,185,186,->,185,187,->,185,188,->,185,189,->,185,190,->,185,191,->,185,192,->,185,193,->,185,194,->,185,195,->,185,196,->,185,197,->,185,198,->,185,199,->,185,200,->,185,201,->,185,202,->,185,203,->,185,204,->,185,205,->,185,206,->,185,207,->,185,208,->,185,209,->,185,210,->,185,211,->,185,212,->,185,213,->,185,214,->,185,215,->,185,216,->,185,217,->,185,218,->,185,219,->,185,220,->,185,221,->,185,222,->,185,223,->,185,224,->,185,225,->,185,226,->,185,227,->,185,228,->,185,229,->,185,230,->,185,231,->,185,232,->,185,233,->,185,234,->,185,235,->,185,236,->,185,237,->,185,238,->,185,239,->,185,240,->,185,241,->,185,242,->,185,243,->,185,244,->,185,245,->,185,246,->,185,247,->,185,248,->,185,249,->,185,250,->,185,251,->,185,252,->,185,253,->,185,254,->,185,255,->,185,256,->,185,257,->,185,258,->,185,259,->,185,260,->,185,261,->,185,262,->,185,263,->,185,264,->,185,265,->,185,266,->,185,267,->,185,268,->,185,269,->,185,270,->,185,271,->,185,272,->,185,273,->,185,274,->,185,275,->,185,276,->,185,277,->,185,278,->,185,279,->,185,280,->,185,281,->,185,282,->,185,283,->,185,284,->,185,285,->,185,286,->,185,287,->,185,288,->,185,289,->,185,290,->,185,291,->,185,292,->,185,293,->,185,294,->,185,295,->,185,296,->,185,297,->,185,298,->,185,299,->,185,300,->,185,301,->,185,302,->,185,303,->,186,0,->,186,1,->,186,4,->,186,6,->,186,7,->,186,8,->,186,9,->,186,10,->,186,11,->,186,12,->,186,13,->,186,14,->,186,15,->,186,16,->,186,17,->,186,18,->,186,19,->,186,20,->,186,21,->,186,22,->,186,23,->,186,24,->,186,25,->,186,26,->,186,27,->,186,28,->,186,29,->,186,30,->,186,31,->,186,32,->,186,33,->,186,34,->,186,35,->,186,36,->,186,37,->,186,38,->,186,39,->,186,40,->,186,41,->,186,42,->,186,43,->,186,44,->,186,45,->,186,46,->,186,47,->,186,48,->,186,49,->,186,50,->,186,51,->,186,52,->,186,53,->,186,54,->,186,55,->,186,56,->,186,57,->,186,58,->,186,59,->,186,60,->,186,61,->,186,62,->,186,63,->,186,64,->,186,65,->,186,66,->,186,67,->,186,68,->,186,69,->,186,70,->,186,71,->,186,72,->,186,73,->,186,74,->,186,75,->,186,180,->,186,181,->,186,182,->,186,183,->,186,184,->,186,185,->,186,190,->,186,191,->,186,192,->,186,193,->,186,194,->,186,195,->,186,196,->,186,197,->,186,198,->,186,199,->,186,200,->,186,201,->,186,202,->,186,203,->,186,204,->,186,205,->,186,206,->,186,207,->,186,208,->,186,209,->,186,210,->,186,211,->,186,212,->,186,213,->,186,214,->,186,215,->,186,216,->,186,217,->,186,218,->,186,219,->,186,220,->,186,221,->,186,222,->,186,223,->,186,224,->,186,225,->,186,226,->,186,227,->,186,228,->,186,229,->,186,230,->,186,231,->,186,232,->,186,233,->,186,234,->,186,235,->,186,236,->,186,237,->,186,238,->,186,239,->,186,240,->,186,241,->,186,242,->,186,243,->,186,244,->,186,245,->,186,246,->,186,247,->,186,248,->,186,249,->,186,250,->,186,251,->,186,252,->,186,253,->,186,254,->,186,255,->,186,256,->,186,257,->,186,258,->,186,259,->,186,260,->,186,261,->,186,262,->,186,263,->,186,264,->,186,265,->,186,266,->,186,267,->,186,268,->,186,269,->,186,270,->,186,271,->,186,272,->,186,273,->,186,274,->,186,275,->,186,276,->,186,277,->,186,278,->,186,279,->,186,280,->,186,281,->,186,282,->,186,283,->,186,284,->,186,285,->,186,286,->,186,287,->,186,288,->,186,289,->,186,290,->,186,291,->,186,292,->,186,293,->,186,294,->,186,295,->,186,296,->,186,297,->,186,298,->,186,299,->,186,300,->,186,301,->,186,302,->,186,303,->,187,0,->,187,4,->,187,5,->,187,6,->,187,7,->,187,8,->,187,9,->,187,10,->,187,11,->,187,12,->,187,13,->,187,14,->,187,15,->,187,16,->,187,17,->,187,18,->,187,19,->,187,20,->,187,21,->,187,22,->,187,23,->,187,24,->,187,25,->,187,26,->,187,27,->,187,28,->,187,29,->,187,30,->,187,31,->,187,32,->,187,33,->,187,34,->,187,35,->,187,36,->,187,37,->,187,38,->,187,39,->,187,40,->,187,41,->,187,42,->,187,43,->,187,44,->,187,45,->,187,46,->,187,47,->,187,48,->,187,49,->,187,50,->,187,51,->,187,52,->,187,53,->,187,54,->,187,55,->,187,56,->,187,57,->,187,58,->,187,59,->,187,60,->,187,61,->,187,62,->,187,63,->,187,64,->,187,65,->,187,66,->,187,67,->,187,68,->,187,69,->,187,70,->,187,71,->,187,72,->,187,73,->,187,74,->,187,180,->,187,181,->,187,182,->,187,183,->,187,184,->,187,185,->,187,192,->,187,193,->,187,194,->,187,195,->,187,196,->,187,197,->,187,198,->,187,199,->,187,200,->,187,201,->,187,202,->,187,203,->,187,204,->,187,205,->,187,206,->,187,207,->,187,208,->,187,209,->,187,210,->,187,211,->,187,212,->,187,213,->,187,214,->,187,215,->,187,216,->,187,217,->,187,218,->,187,219,->,187,220,->,187,221,->,187,222,->,187,223,->,187,224,->,187,225,->,187,226,->,187,227,->,187,228,->,187,229,->,187,230,->,187,231,->,187,232,->,187,233,->,187,234,->,187,235,->,187,236,->,187,237,->,187,238,->,187,239,->,187,240,->,187,241,->,187,242,->,187,243,->,187,244,->,187,245,->,187,246,->,187,247,->,187,248,->,187,249,->,187,250,->,187,251,->,187,252,->,187,253,->,187,254,->,187,255,->,187,256,->,187,257,->,187,258,->,187,259,->,187,260,->,187,261,->,187,262,->,187,263,->,187,264,->,187,265,->,187,266,->,187,267,->,187,268,->,187,269,->,187,270,->,187,271,->,187,272,->,187,273,->,187,274,->,187,275,->,187,276,->,187,277,->,187,278,->,187,279,->,187,280,->,187,281,->,187,282,->,187,283,->,187,284,->,187,285,->,187,286,->,187,287,->,187,288,->,187,289,->,187,290,->,187,291,->,187,292,->,187,293,->,187,294,->,187,295,->,187,296,->,187,297,->,187,298,->,187,299,->,187,300,->,187,301,->,187,302,->,187,303,->,188,6,->,188,7,->,188,9,->,188,11,->,188,12,->,188,13,->,188,14,->,188,15,->,188,16,->,188,17,->,188,18,->,188,19,->,188,20,->,188,21,->,188,22,->,188,23,->,188,24,->,188,25,->,188,26,->,188,27,->,188,28,->,188,29,->,188,30,->,188,31,->,188,32,->,188,33,->,188,34,->,188,35,->,188,36,->,188,37,->,188,38,->,188,39,->,188,40,->,188,41,->,188,42,->,188,43,->,188,44,->,188,45,->,188,46,->,188,47,->,188,48,->,188,49,->,188,50,->,188,51,->,188,52,->,188,53,->,188,54,->,188,55,->,188,56,->,188,57,->,188,58,->,188,59,->,188,60,->,188,61,->,188,62,->,188,63,->,188,64,->,188,65,->,188,66,->,188,67,->,188,68,->,188,69,->,188,70,->,188,71,->,188,72,->,188,73,->,188,74,->,188,75,->,188,181,->,188,182,->,188,183,->,188,194,->,188,196,->,188,197,->,188,198,->,188,199,->,188,200,->,188,201,->,188,202,->,188,203,->,188,204,->,188,205,->,188,206,->,188,207,->,188,208,->,188,209,->,188,210,->,188,211,->,188,212,->,188,213,->,188,214,->,188,215,->,188,216,->,188,217,->,188,218,->,188,219,->,188,220,->,188,221,->,188,222,->,188,223,->,188,224,->,188,225,->,188,226,->,188,227,->,188,228,->,188,229,->,188,230,->,188,231,->,188,232,->,188,233,->,188,234,->,188,235,->,188,236,->,188,237,->,188,238,->,188,239,->,188,240,->,188,241,->,188,242,->,188,243,->,188,244,->,188,245,->,188,246,->,188,247,->,188,248,->,188,249,->,188,250,->,188,251,->,188,252,->,188,253,->,188,254,->,188,255,->,188,256,->,188,257,->,188,258,->,188,259,->,188,260,->,188,261,->,188,262,->,188,263,->,188,264,->,188,265,->,188,266,->,188,267,->,188,268,->,188,269,->,188,270,->,188,271,->,188,272,->,188,273,->,188,274,->,188,275,->,188,276,->,188,277,->,188,278,->,188,279,->,188,280,->,188,281,->,188,282,->,188,283,->,188,284,->,188,285,->,188,286,->,188,287,->,188,288,->,188,289,->,188,290,->,188,291,->,188,292,->,188,293,->,188,294,->,188,295,->,188,296,->,188,297,->,188,298,->,188,299,->,188,300,->,188,301,->,188,302,->,188,303,->,189,5,->,189,9,->,189,11,->,189,12,->,189,13,->,189,14,->,189,15,->,189,16,->,189,17,->,189,18,->,189,19,->,189,20,->,189,21,->,189,22,->,189,23,->,189,24,->,189,25,->,189,26,->,189,27,->,189,28,->,189,29,->,189,30,->,189,31,->,189,32,->,189,33,->,189,34,->,189,35,->,189,36,->,189,37,->,189,38,->,189,39,->,189,40,->,189,41,->,189,42,->,189,43,->,189,44,->,189,45,->,189,46,->,189,47,->,189,48,->,189,49,->,189,50,->,189,51,->,189,52,->,189,53,->,189,54,->,189,55,->,189,56,->,189,57,->,189,58,->,189,59,->,189,60,->,189,61,->,189,62,->,189,63,->,189,64,->,189,65,->,189,66,->,189,67,->,189,68,->,189,69,->,189,70,->,189,71,->,189,72,->,189,73,->,189,74,->,189,179,->,189,180,->,189,181,->,189,198,->,189,199,->,189,200,->,189,201,->,189,202,->,189,203,->,189,204,->,189,205,->,189,206,->,189,209,->,189,210,->,189,211,->,189,212,->,189,213,->,189,214,->,189,215,->,189,216,->,189,217,->,189,218,->,189,219,->,189,220,->,189,221,->,189,222,->,189,223,->,189,224,->,189,225,->,189,226,->,189,227,->,189,228,->,189,229,->,189,230,->,189,231,->,189,232,->,189,233,->,189,234,->,189,235,->,189,236,->,189,237,->,189,238,->,189,239,->,189,240,->,189,241,->,189,242,->,189,243,->,189,244,->,189,245,->,189,246,->,189,247,->,189,248,->,189,249,->,189,250,->,189,251,->,189,252,->,189,253,->,189,254,->,189,255,->,189,256,->,189,257,->,189,258,->,189,259,->,189,260,->,189,261,->,189,262,->,189,263,->,189,264,->,189,265,->,189,266,->,189,267,->,189,268,->,189,269,->,189,270,->,189,271,->,189,272,->,189,273,->,189,274,->,189,275,->,189,276,->,189,277,->,189,278,->,189,279,->,189,280,->,189,281,->,189,282,->,189,283,->,189,284,->,189,285,->,189,286,->,189,287,->,189,288,->,189,289,->,189,290,->,189,291,->,189,292,->,189,293,->,189,294,->,189,295,->,189,296,->,189,297,->,189,298,->,189,299,->,189,300,->,189,301,->,189,302,->,189,303,->,190,0,->,190,2,->,190,6,->,190,7,->,190,8,->,190,10,->,190,11,->,190,12,->,190,13,->,190,14,->,190,15,->,190,16,->,190,17,->,190,18,->,190,19,->,190,20,->,190,21,->,190,22,->,190,23,->,190,24,->,190,25,->,190,26,->,190,27,->,190,28,->,190,29,->,190,30,->,190,31,->,190,32,->,190,33,->,190,34,->,190,35,->,190,36,->,190,37,->,190,38,->,190,39,->,190,40,->,190,41,->,190,42,->,190,43,->,190,44,->,190,45,->,190,46,->,190,47,->,190,48,->,190,49,->,190,50,->,190,51,->,190,52,->,190,53,->,190,54,->,190,55,->,190,56,->,190,57,->,190,58,->,190,59,->,190,60,->,190,61,->,190,62,->,190,63,->,190,64,->,190,65,->,190,66,->,190,67,->,190,68,->,190,69,->,190,70,->,190,71,->,190,72,->,190,73,->,190,74,->,190,179,->,190,180,->,190,181,->,190,182,->,190,183,->,190,209,->,190,210,->,190,211,->,190,212,->,190,213,->,190,214,->,190,215,->,190,216,->,190,217,->,190,218,->,190,219,->,190,220,->,190,221,->,190,222,->,190,223,->,190,224,->,190,225,->,190,226,->,190,227,->,190,228,->,190,229,->,190,230,->,190,231,->,190,232,->,190,233,->,190,234,->,190,235,->,190,236,->,190,237,->,190,238,->,190,239,->,190,240,->,190,241,->,190,242,->,190,243,->,190,244,->,190,245,->,190,246,->,190,247,->,190,248,->,190,249,->,190,250,->,190,251,->,190,252,->,190,253,->,190,254,->,190,255,->,190,256,->,190,257,->,190,258,->,190,259,->,190,260,->,190,261,->,190,262,->,190,263,->,190,264,->,190,265,->,190,266,->,190,267,->,190,268,->,190,269,->,190,270,->,190,271,->,190,272,->,190,273,->,190,274,->,190,275,->,190,276,->,190,277,->,190,278,->,190,279,->,190,280,->,190,281,->,190,282,->,190,283,->,190,284,->,190,285,->,190,286,->,190,287,->,190,288,->,190,289,->,190,290,->,190,291,->,190,292,->,190,293,->,190,294,->,190,295,->,190,296,->,190,297,->,190,298,->,190,299,->,190,300,->,190,301,->,190,302,->,190,303,->,191,0,->,191,4,->,191,5,->,191,6,->,191,7,->,191,8,->,191,9,->,191,10,->,191,11,->,191,12,->,191,13,->,191,14,->,191,15,->,191,16,->,191,17,->,191,18,->,191,19,->,191,20,->,191,21,->,191,22,->,191,23,->,191,24,->,191,25,->,191,26,->,191,27,->,191,28,->,191,29,->,191,30,->,191,31,->,191,32,->,191,33,->,191,34,->,191,35,->,191,36,->,191,37,->,191,38,->,191,39,->,191,40,->,191,41,->,191,42,->,191,43,->,191,44,->,191,45,->,191,46,->,191,47,->,191,48,->,191,49,->,191,50,->,191,51,->,191,52,->,191,53,->,191,54,->,191,55,->,191,56,->,191,57,->,191,58,->,191,59,->,191,60,->,191,61,->,191,62,->,191,63,->,191,64,->,191,65,->,191,66,->,191,67,->,191,68,->,191,69,->,191,70,->,191,71,->,191,72,->,191,73,->,191,74,->,191,75,->,191,178,->,191,179,->,191,180,->,191,181,->,191,182,->,191,183,->,191,209,->,191,212,->,191,213,->,191,214,->,191,215,->,191,216,->,191,217,->,191,218,->,191,219,->,191,220,->,191,221,->,191,222,->,191,223,->,191,224,->,191,225,->,191,226,->,191,227,->,191,228,->,191,229,->,191,230,->,191,231,->,191,232,->,191,233,->,191,234,->,191,235,->,191,236,->,191,237,->,191,238,->,191,239,->,191,240,->,191,241,->,191,242,->,191,243,->,191,244,->,191,245,->,191,246,->,191,247,->,191,248,->,191,249,->,191,250,->,191,251,->,191,252,->,191,253,->,191,254,->,191,255,->,191,256,->,191,257,->,191,258,->,191,259,->,191,260,->,191,261,->,191,262,->,191,263,->,191,264,->,191,265,->,191,266,->,191,267,->,191,268,->,191,269,->,191,270,->,191,271,->,191,272,->,191,273,->,191,274,->,191,275,->,191,276,->,191,277,->,191,278,->,191,279,->,191,280,->,191,281,->,191,282,->,191,283,->,191,284,->,191,285,->,191,286,->,191,287,->,191,288,->,191,289,->,191,290,->,191,291,->,191,292,->,191,293,->,191,294,->,191,295,->,191,296,->,191,297,->,191,298,->,191,299,->,191,300,->,191,301,->,191,302,->,191,303,->,192,6,->,192,7,->,192,8,->,192,10,->,192,11,->,192,12,->,192,13,->,192,14,->,192,15,->,192,16,->,192,17,->,192,18,->,192,19,->,192,20,->,192,21,->,192,22,->,192,23,->,192,24,->,192,25,->,192,26,->,192,27,->,192,28,->,192,29,->,192,30,->,192,31,->,192,32,->,192,33,->,192,34,->,192,35,->,192,36,->,192,37,->,192,38,->,192,39,->,192,40,->,192,41,->,192,42,->,192,43,->,192,44,->,192,45,->,192,46,->,192,47,->,192,48,->,192,49,->,192,50,->,192,51,->,192,52,->,192,53,->,192,54,->,192,55,->,192,56,->,192,57,->,192,58,->,192,59,->,192,60,->,192,61,->,192,62,->,192,63,->,192,64,->,192,65,->,192,66,->,192,67,->,192,68,->,192,69,->,192,70,->,192,71,->,192,72,->,192,73,->,192,74,->,192,75,->,192,76,->,192,178,->,192,179,->,192,180,->,192,181,->,192,182,->,192,183,->,192,211,->,192,212,->,192,213,->,192,214,->,192,215,->,192,216,->,192,217,->,192,218,->,192,219,->,192,220,->,192,221,->,192,222,->,192,223,->,192,224,->,192,225,->,192,226,->,192,227,->,192,228,->,192,229,->,192,230,->,192,231,->,192,232,->,192,233,->,192,234,->,192,235,->,192,236,->,192,237,->,192,238,->,192,239,->,192,240,->,192,241,->,192,242,->,192,243,->,192,244,->,192,245,->,192,246,->,192,247,->,192,248,->,192,249,->,192,250,->,192,251,->,192,252,->,192,253,->,192,254,->,192,255,->,192,256,->,192,257,->,192,258,->,192,259,->,192,260,->,192,261,->,192,262,->,192,263,->,192,264,->,192,265,->,192,266,->,192,267,->,192,268,->,192,269,->,192,270,->,192,271,->,192,272,->,192,273,->,192,274,->,192,275,->,192,276,->,192,277,->,192,278,->,192,279,->,192,280,->,192,281,->,192,282,->,192,283,->,192,284,->,192,285,->,192,286,->,192,287,->,192,288,->,192,289,->,192,290,->,192,291,->,192,292,->,192,293,->,192,294,->,192,295,->,192,296,->,192,297,->,192,298,->,192,299,->,192,300,->,192,301,->,192,302,->,192,303,->,193,3,->,193,4,->,193,5,->,193,7,->,193,8,->,193,11,->,193,13,->,193,14,->,193,15,->,193,16,->,193,17,->,193,18,->,193,19,->,193,20,->,193,21,->,193,22,->,193,23,->,193,24,->,193,25,->,193,26,->,193,27,->,193,28,->,193,29,->,193,30,->,193,31,->,193,32,->,193,33,->,193,34,->,193,35,->,193,36,->,193,37,->,193,38,->,193,39,->,193,40,->,193,41,->,193,42,->,193,43,->,193,44,->,193,45,->,193,46,->,193,47,->,193,48,->,193,49,->,193,50,->,193,51,->,193,52,->,193,53,->,193,54,->,193,55,->,193,56,->,193,57,->,193,58,->,193,59,->,193,60,->,193,61,->,193,62,->,193,63,->,193,64,->,193,65,->,193,66,->,193,67,->,193,68,->,193,69,->,193,70,->,193,71,->,193,72,->,193,73,->,193,74,->,193,75,->,193,76,->,193,77,->,193,178,->,193,179,->,193,180,->,193,181,->,193,182,->,193,212,->,193,213,->,193,214,->,193,215,->,193,216,->,193,220,->,193,221,->,193,222,->,193,223,->,193,224,->,193,225,->,193,226,->,193,227,->,193,228,->,193,229,->,193,230,->,193,231,->,193,232,->,193,233,->,193,234,->,193,235,->,193,236,->,193,237,->,193,238,->,193,239,->,193,240,->,193,241,->,193,242,->,193,243,->,193,244,->,193,245,->,193,246,->,193,247,->,193,248,->,193,249,->,193,250,->,193,251,->,193,252,->,193,253,->,193,254,->,193,255,->,193,256,->,193,257,->,193,258,->,193,259,->,193,260,->,193,261,->,193,262,->,193,263,->,193,264,->,193,265,->,193,266,->,193,267,->,193,268,->,193,269,->,193,270,->,193,271,->,193,272,->,193,273,->,193,274,->,193,275,->,193,276,->,193,277,->,193,278,->,193,279,->,193,280,->,193,281,->,193,282,->,193,283,->,193,284,->,193,285,->,193,286,->,193,287,->,193,288,->,193,289,->,193,290,->,193,291,->,193,292,->,193,293,->,193,294,->,193,295,->,193,296,->,193,297,->,193,298,->,193,299,->,193,300,->,193,301,->,193,302,->,193,303,->,194,2,->,194,4,->,194,5,->,194,6,->,194,8,->,194,9,->,194,10,->,194,12,->,194,14,->,194,15,->,194,16,->,194,17,->,194,18,->,194,19,->,194,20,->,194,21,->,194,22,->,194,23,->,194,24,->,194,25,->,194,26,->,194,27,->,194,28,->,194,29,->,194,30,->,194,31,->,194,32,->,194,33,->,194,34,->,194,35,->,194,36,->,194,37,->,194,38,->,194,39,->,194,40,->,194,41,->,194,42,->,194,43,->,194,44,->,194,45,->,194,46,->,194,47,->,194,48,->,194,49,->,194,50,->,194,51,->,194,52,->,194,53,->,194,54,->,194,55,->,194,56,->,194,57,->,194,58,->,194,59,->,194,60,->,194,61,->,194,62,->,194,63,->,194,64,->,194,65,->,194,66,->,194,67,->,194,68,->,194,69,->,194,70,->,194,71,->,194,72,->,194,73,->,194,74,->,194,75,->,194,76,->,194,177,->,194,178,->,194,179,->,194,180,->,194,181,->,194,182,->,194,213,->,194,214,->,194,215,->,194,216,->,194,221,->,194,222,->,194,223,->,194,224,->,194,225,->,194,226,->,194,227,->,194,228,->,194,229,->,194,230,->,194,231,->,194,232,->,194,233,->,194,234,->,194,235,->,194,236,->,194,237,->,194,238,->,194,239,->,194,240,->,194,241,->,194,242,->,194,243,->,194,244,->,194,245,->,194,246,->,194,247,->,194,248,->,194,249,->,194,250,->,194,251,->,194,252,->,194,253,->,194,254,->,194,255,->,194,256,->,194,257,->,194,258,->,194,259,->,194,260,->,194,261,->,194,262,->,194,263,->,194,264,->,194,265,->,194,266,->,194,267,->,194,268,->,194,269,->,194,270,->,194,271,->,194,272,->,194,273,->,194,274,->,194,275,->,194,276,->,194,277,->,194,278,->,194,279,->,194,280,->,194,281,->,194,282,->,194,283,->,194,284,->,194,285,->,194,286,->,194,287,->,194,288,->,194,289,->,194,290,->,194,291,->,194,292,->,194,293,->,194,294,->,194,295,->,194,296,->,194,297,->,194,298,->,194,299,->,194,300,->,194,301,->,194,302,->,194,303,->,195,10,->,195,11,->,195,12,->,195,14,->,195,16,->,195,17,->,195,18,->,195,19,->,195,20,->,195,21,->,195,22,->,195,23,->,195,24,->,195,25,->,195,26,->,195,27,->,195,28,->,195,29,->,195,30,->,195,31,->,195,32,->,195,33,->,195,34,->,195,35,->,195,36,->,195,37,->,195,38,->,195,39,->,195,40,->,195,41,->,195,42,->,195,43,->,195,44,->,195,45,->,195,46,->,195,47,->,195,48,->,195,49,->,195,50,->,195,51,->,195,52,->,195,53,->,195,54,->,195,55,->,195,56,->,195,57,->,195,58,->,195,59,->,195,60,->,195,61,->,195,62,->,195,63,->,195,64,->,195,65,->,195,66,->,195,67,->,195,68,->,195,69,->,195,70,->,195,71,->,195,72,->,195,73,->,195,74,->,195,75,->,195,76,->,195,77,->,195,171,->,195,175,->,195,176,->,195,177,->,195,178,->,195,179,->,195,180,->,195,181,->,195,182,->,195,183,->,195,213,->,195,214,->,195,215,->,195,219,->,195,220,->,195,221,->,195,222,->,195,223,->,195,224,->,195,225,->,195,226,->,195,227,->,195,228,->,195,229,->,195,230,->,195,231,->,195,232,->,195,233,->,195,234,->,195,235,->,195,236,->,195,237,->,195,238,->,195,239,->,195,240,->,195,241,->,195,242,->,195,243,->,195,244,->,195,245,->,195,246,->,195,247,->,195,248,->,195,249,->,195,250,->,195,251,->,195,252,->,195,253,->,195,254,->,195,255,->,195,256,->,195,257,->,195,258,->,195,259,->,195,260,->,195,261,->,195,262,->,195,263,->,195,264,->,195,265,->,195,266,->,195,267,->,195,268,->,195,269,->,195,270,->,195,271,->,195,272,->,195,273,->,195,274,->,195,275,->,195,276,->,195,277,->,195,278,->,195,279,->,195,280,->,195,281,->,195,282,->,195,283,->,195,284,->,195,285,->,195,286,->,195,287,->,195,288,->,195,289,->,195,290,->,195,291,->,195,292,->,195,293,->,195,294,->,195,295,->,195,296,->,195,297,->,195,298,->,195,299,->,195,300,->,195,301,->,195,302,->,195,303,->,196,0,->,196,1,->,196,2,->,196,6,->,196,12,->,196,13,->,196,15,->,196,17,->,196,18,->,196,19,->,196,20,->,196,21,->,196,22,->,196,23,->,196,24,->,196,25,->,196,26,->,196,27,->,196,28,->,196,29,->,196,30,->,196,31,->,196,32,->,196,33,->,196,34,->,196,35,->,196,36,->,196,37,->,196,38,->,196,39,->,196,40,->,196,41,->,196,42,->,196,43,->,196,44,->,196,45,->,196,46,->,196,47,->,196,48,->,196,49,->,196,50,->,196,51,->,196,52,->,196,53,->,196,54,->,196,55,->,196,56,->,196,57,->,196,58,->,196,59,->,196,60,->,196,61,->,196,62,->,196,63,->,196,64,->,196,65,->,196,66,->,196,67,->,196,68,->,196,69,->,196,70,->,196,71,->,196,72,->,196,73,->,196,74,->,196,75,->,196,76,->,196,77,->,196,175,->,196,176,->,196,179,->,196,180,->,196,181,->,196,182,->,196,183,->,196,184,->,196,214,->,196,215,->,196,218,->,196,219,->,196,220,->,196,221,->,196,222,->,196,223,->,196,224,->,196,225,->,196,226,->,196,227,->,196,228,->,196,229,->,196,230,->,196,231,->,196,232,->,196,233,->,196,234,->,196,235,->,196,236,->,196,237,->,196,238,->,196,239,->,196,240,->,196,241,->,196,242,->,196,243,->,196,244,->,196,245,->,196,246,->,196,247,->,196,248,->,196,249,->,196,250,->,196,251,->,196,252,->,196,253,->,196,254,->,196,255,->,196,256,->,196,257,->,196,258,->,196,259,->,196,260,->,196,261,->,196,262,->,196,263,->,196,264,->,196,265,->,196,266,->,196,267,->,196,268,->,196,269,->,196,270,->,196,271,->,196,272,->,196,273,->,196,274,->,196,275,->,196,276,->,196,277,->,196,278,->,196,279,->,196,280,->,196,281,->,196,282,->,196,283,->,196,284,->,196,285,->,196,286,->,196,287,->,196,288,->,196,289,->,196,290,->,196,291,->,196,292,->,196,293,->,196,294,->,196,295,->,196,296,->,196,297,->,196,298,->,196,299,->,196,300,->,196,301,->,196,302,->,196,303,->,197,0,->,197,2,->,197,3,->,197,6,->,197,7,->,197,8,->,197,11,->,197,12,->,197,14,->,197,16,->,197,19,->,197,20,->,197,21,->,197,22,->,197,23,->,197,24,->,197,25,->,197,26,->,197,27,->,197,28,->,197,29,->,197,30,->,197,31,->,197,32,->,197,33,->,197,34,->,197,35,->,197,36,->,197,37,->,197,38,->,197,39,->,197,40,->,197,41,->,197,42,->,197,43,->,197,44,->,197,45,->,197,46,->,197,47,->,197,48,->,197,49,->,197,50,->,197,51,->,197,52,->,197,53,->,197,54,->,197,55,->,197,56,->,197,57,->,197,58,->,197,59,->,197,60,->,197,61,->,197,62,->,197,63,->,197,64,->,197,65,->,197,66,->,197,67,->,197,68,->,197,69,->,197,70,->,197,71,->,197,72,->,197,73,->,197,74,->,197,75,->,197,76,->,197,77,->,197,172,->,197,175,->,197,176,->,197,177,->,197,178,->,197,179,->,197,180,->,197,181,->,197,182,->,197,183,->,197,184,->,197,185,->,197,218,->,197,219,->,197,220,->,197,221,->,197,222,->,197,223,->,197,224,->,197,225,->,197,226,->,197,227,->,197,228,->,197,229,->,197,230,->,197,231,->,197,232,->,197,233,->,197,234,->,197,235,->,197,236,->,197,237,->,197,238,->,197,239,->,197,240,->,197,241,->,197,242,->,197,243,->,197,244,->,197,245,->,197,246,->,197,247,->,197,248,->,197,249,->,197,250,->,197,251,->,197,252,->,197,253,->,197,254,->,197,255,->,197,256,->,197,257,->,197,258,->,197,259,->,197,260,->,197,261,->,197,262,->,197,263,->,197,264,->,197,265,->,197,266,->,197,267,->,197,268,->,197,269,->,197,270,->,197,271,->,197,272,->,197,273,->,197,274,->,197,275,->,197,276,->,197,277,->,197,278,->,197,279,->,197,280,->,197,281,->,197,282,->,197,283,->,197,284,->,197,285,->,197,286,->,197,287,->,197,288,->,197,289,->,197,290,->,197,291,->,197,292,->,197,293,->,197,294,->,197,295,->,197,296,->,197,297,->,197,298,->,197,299,->,197,300,->,197,301,->,197,302,->,197,303,->,198,3,->,198,11,->,198,13,->,198,15,->,198,16,->,198,17,->,198,19,->,198,20,->,198,21,->,198,22,->,198,23,->,198,24,->,198,25,->,198,26,->,198,27,->,198,28,->,198,29,->,198,30,->,198,31,->,198,32,->,198,33,->,198,34,->,198,35,->,198,36,->,198,37,->,198,38,->,198,39,->,198,40,->,198,41,->,198,42,->,198,43,->,198,44,->,198,45,->,198,46,->,198,47,->,198,48,->,198,49,->,198,50,->,198,51,->,198,52,->,198,53,->,198,54,->,198,55,->,198,56,->,198,57,->,198,58,->,198,59,->,198,60,->,198,61,->,198,62,->,198,63,->,198,64,->,198,65,->,198,66,->,198,67,->,198,68,->,198,69,->,198,70,->,198,71,->,198,72,->,198,73,->,198,74,->,198,75,->,198,76,->,198,166,->,198,172,->,198,173,->,198,174,->,198,175,->,198,176,->,198,177,->,198,178,->,198,179,->,198,180,->,198,181,->,198,182,->,198,183,->,198,184,->,198,219,->,198,220,->,198,221,->,198,222,->,198,223,->,198,224,->,198,225,->,198,226,->,198,227,->,198,228,->,198,229,->,198,230,->,198,231,->,198,232,->,198,233,->,198,234,->,198,235,->,198,236,->,198,237,->,198,238,->,198,239,->,198,240,->,198,241,->,198,242,->,198,243,->,198,244,->,198,245,->,198,246,->,198,247,->,198,248,->,198,249,->,198,250,->,198,251,->,198,252,->,198,253,->,198,254,->,198,255,->,198,256,->,198,257,->,198,258,->,198,259,->,198,260,->,198,261,->,198,262,->,198,263,->,198,264,->,198,265,->,198,266,->,198,267,->,198,268,->,198,269,->,198,270,->,198,271,->,198,272,->,198,273,->,198,274,->,198,275,->,198,276,->,198,277,->,198,278,->,198,279,->,198,280,->,198,281,->,198,282,->,198,283,->,198,284,->,198,285,->,198,286,->,198,287,->,198,288,->,198,289,->,198,290,->,198,291,->,198,292,->,198,293,->,198,294,->,198,295,->,198,296,->,198,297,->,198,298,->,198,299,->,198,300,->,198,301,->,198,302,->,198,303,->,199,0,->,199,4,->,199,5,->,199,8,->,199,9,->,199,10,->,199,11,->,199,14,->,199,15,->,199,16,->,199,17,->,199,19,->,199,20,->,199,21,->,199,22,->,199,23,->,199,24,->,199,25,->,199,26,->,199,27,->,199,28,->,199,29,->,199,30,->,199,31,->,199,32,->,199,33,->,199,34,->,199,35,->,199,36,->,199,37,->,199,38,->,199,39,->,199,40,->,199,41,->,199,42,->,199,43,->,199,44,->,199,45,->,199,46,->,199,47,->,199,48,->,199,49,->,199,50,->,199,51,->,199,52,->,199,53,->,199,54,->,199,55,->,199,56,->,199,57,->,199,58,->,199,59,->,199,60,->,199,61,->,199,62,->,199,63,->,199,64,->,199,65,->,199,66,->,199,67,->,199,68,->,199,69,->,199,70,->,199,71,->,199,72,->,199,73,->,199,74,->,199,75,->,199,76,->,199,77,->,199,169,->,199,173,->,199,174,->,199,175,->,199,176,->,199,177,->,199,178,->,199,179,->,199,180,->,199,181,->,199,182,->,199,183,->,199,184,->,199,185,->,199,220,->,199,221,->,199,222,->,199,223,->,199,224,->,199,225,->,199,226,->,199,227,->,199,228,->,199,229,->,199,230,->,199,231,->,199,232,->,199,233,->,199,234,->,199,235,->,199,236,->,199,237,->,199,238,->,199,239,->,199,240,->,199,241,->,199,242,->,199,243,->,199,244,->,199,245,->,199,246,->,199,247,->,199,248,->,199,249,->,199,250,->,199,251,->,199,252,->,199,253,->,199,254,->,199,255,->,199,256,->,199,257,->,199,258,->,199,259,->,199,260,->,199,261,->,199,262,->,199,263,->,199,264,->,199,265,->,199,266,->,199,267,->,199,268,->,199,269,->,199,270,->,199,271,->,199,272,->,199,273,->,199,274,->,199,275,->,199,276,->,199,277,->,199,278,->,199,279,->,199,280,->,199,281,->,199,282,->,199,283,->,199,284,->,199,285,->,199,286,->,199,287,->,199,288,->,199,289,->,199,290,->,199,291,->,199,292,->,199,293,->,199,294,->,199,295,->,199,296,->,199,297,->,199,298,->,199,299,->,199,300,->,199,301,->,199,302,->,199,303,->,200,0,->,200,1,->,200,2,->,200,4,->,200,5,->,200,12,->,200,13,->,200,14,->,200,16,->,200,17,->,200,18,->,200,19,->,200,20,->,200,21,->,200,22,->,200,23,->,200,24,->,200,25,->,200,26,->,200,27,->,200,28,->,200,29,->,200,30,->,200,31,->,200,32,->,200,33,->,200,34,->,200,35,->,200,36,->,200,37,->,200,38,->,200,39,->,200,40,->,200,41,->,200,42,->,200,43,->,200,44,->,200,45,->,200,46,->,200,47,->,200,48,->,200,49,->,200,50,->,200,51,->,200,52,->,200,53,->,200,54,->,200,55,->,200,56,->,200,57,->,200,58,->,200,59,->,200,60,->,200,61,->,200,62,->,200,63,->,200,64,->,200,65,->,200,66,->,200,67,->,200,68,->,200,69,->,200,70,->,200,71,->,200,72,->,200,73,->,200,74,->,200,75,->,200,76,->,200,77,->,200,173,->,200,174,->,200,175,->,200,176,->,200,177,->,200,178,->,200,179,->,200,180,->,200,181,->,200,182,->,200,183,->,200,184,->,200,185,->,200,220,->,200,221,->,200,222,->,200,223,->,200,224,->,200,225,->,200,226,->,200,227,->,200,228,->,200,229,->,200,230,->,200,231,->,200,232,->,200,233,->,200,234,->,200,235,->,200,236,->,200,237,->,200,238,->,200,239,->,200,240,->,200,241,->,200,242,->,200,243,->,200,244,->,200,245,->,200,246,->,200,247,->,200,248,->,200,249,->,200,250,->,200,251,->,200,252,->,200,253,->,200,254,->,200,255,->,200,256,->,200,257,->,200,258,->,200,259,->,200,260,->,200,261,->,200,262,->,200,263,->,200,264,->,200,265,->,200,266,->,200,267,->,200,268,->,200,269,->,200,270,->,200,271,->,200,272,->,200,273,->,200,274,->,200,275,->,200,276,->,200,277,->,200,278,->,200,279,->,200,280,->,200,281,->,200,282,->,200,283,->,200,284,->,200,285,->,200,286,->,200,287,->,200,288,->,200,289,->,200,290,->,200,291,->,200,292,->,200,293,->,200,294,->,200,295,->,200,296,->,200,297,->,200,298,->,200,299,->,200,300,->,200,301,->,200,302,->,200,303,->,201,0,->,201,6,->,201,7,->,201,8,->,201,13,->,201,16,->,201,17,->,201,19,->,201,20,->,201,21,->,201,22,->,201,23,->,201,24,->,201,25,->,201,26,->,201,27,->,201,28,->,201,29,->,201,30,->,201,31,->,201,32,->,201,33,->,201,34,->,201,35,->,201,36,->,201,37,->,201,38,->,201,39,->,201,40,->,201,41,->,201,42,->,201,43,->,201,44,->,201,45,->,201,46,->,201,47,->,201,48,->,201,49,->,201,50,->,201,51,->,201,52,->,201,53,->,201,54,->,201,55,->,201,56,->,201,57,->,201,58,->,201,59,->,201,60,->,201,61,->,201,62,->,201,63,->,201,64,->,201,65,->,201,66,->,201,67,->,201,68,->,201,69,->,201,70,->,201,71,->,201,72,->,201,73,->,201,74,->,201,75,->,201,76,->,201,156,->,201,169,->,201,173,->,201,174,->,201,175,->,201,176,->,201,177,->,201,178,->,201,179,->,201,180,->,201,181,->,201,182,->,201,183,->,201,184,->,201,185,->,201,219,->,201,220,->,201,221,->,201,222,->,201,223,->,201,224,->,201,225,->,201,226,->,201,227,->,201,228,->,201,229,->,201,230,->,201,231,->,201,232,->,201,233,->,201,236,->,201,237,->,201,238,->,201,239,->,201,240,->,201,241,->,201,242,->,201,243,->,201,244,->,201,245,->,201,246,->,201,247,->,201,248,->,201,249,->,201,250,->,201,251,->,201,252,->,201,253,->,201,254,->,201,255,->,201,256,->,201,257,->,201,258,->,201,259,->,201,260,->,201,261,->,201,262,->,201,263,->,201,264,->,201,265,->,201,266,->,201,267,->,201,268,->,201,269,->,201,270,->,201,271,->,201,272,->,201,273,->,201,274,->,201,275,->,201,276,->,201,277,->,201,278,->,201,279,->,201,280,->,201,281,->,201,282,->,201,283,->,201,284,->,201,285,->,201,286,->,201,287,->,201,288,->,201,289,->,201,290,->,201,291,->,201,292,->,201,293,->,201,294,->,201,295,->,201,296,->,201,297,->,201,298,->,201,299,->,201,300,->,201,301,->,201,302,->,201,303,->,202,1,->,202,6,->,202,12,->,202,13,->,202,15,->,202,16,->,202,18,->,202,20,->,202,21,->,202,22,->,202,23,->,202,24,->,202,25,->,202,26,->,202,27,->,202,28,->,202,29,->,202,30,->,202,31,->,202,32,->,202,33,->,202,34,->,202,35,->,202,36,->,202,37,->,202,38,->,202,39,->,202,40,->,202,41,->,202,42,->,202,43,->,202,44,->,202,45,->,202,46,->,202,47,->,202,48,->,202,49,->,202,50,->,202,51,->,202,52,->,202,53,->,202,54,->,202,55,->,202,56,->,202,57,->,202,58,->,202,59,->,202,60,->,202,61,->,202,62,->,202,63,->,202,64,->,202,65,->,202,66,->,202,67,->,202,68,->,202,69,->,202,70,->,202,71,->,202,72,->,202,73,->,202,74,->,202,75,->,202,76,->,202,156,->,202,173,->,202,174,->,202,175,->,202,176,->,202,177,->,202,178,->,202,179,->,202,180,->,202,181,->,202,182,->,202,183,->,202,184,->,202,185,->,202,218,->,202,219,->,202,220,->,202,221,->,202,222,->,202,223,->,202,224,->,202,225,->,202,226,->,202,227,->,202,228,->,202,229,->,202,230,->,202,231,->,202,232,->,202,233,->,202,234,->,202,239,->,202,240,->,202,241,->,202,242,->,202,243,->,202,244,->,202,245,->,202,246,->,202,247,->,202,248,->,202,249,->,202,250,->,202,251,->,202,252,->,202,253,->,202,254,->,202,255,->,202,256,->,202,257,->,202,258,->,202,259,->,202,260,->,202,261,->,202,262,->,202,263,->,202,264,->,202,265,->,202,266,->,202,267,->,202,268,->,202,269,->,202,270,->,202,271,->,202,272,->,202,273,->,202,274,->,202,275,->,202,276,->,202,277,->,202,278,->,202,279,->,202,280,->,202,281,->,202,282,->,202,283,->,202,284,->,202,285,->,202,286,->,202,287,->,202,288,->,202,289,->,202,290,->,202,291,->,202,292,->,202,293,->,202,294,->,202,295,->,202,296,->,202,297,->,202,298,->,202,299,->,202,300,->,202,301,->,202,302,->,202,303,->,203,0,->,203,4,->,203,5,->,203,7,->,203,9,->,203,11,->,203,12,->,203,15,->,203,17,->,203,20,->,203,21,->,203,22,->,203,23,->,203,24,->,203,25,->,203,26,->,203,27,->,203,28,->,203,29,->,203,30,->,203,31,->,203,32,->,203,33,->,203,34,->,203,35,->,203,36,->,203,37,->,203,38,->,203,39,->,203,40,->,203,41,->,203,42,->,203,43,->,203,44,->,203,45,->,203,46,->,203,47,->,203,48,->,203,49,->,203,50,->,203,51,->,203,52,->,203,53,->,203,54,->,203,55,->,203,56,->,203,57,->,203,58,->,203,59,->,203,60,->,203,61,->,203,62,->,203,63,->,203,64,->,203,65,->,203,66,->,203,67,->,203,68,->,203,69,->,203,70,->,203,71,->,203,72,->,203,73,->,203,74,->,203,75,->,203,76,->,203,77,->,203,173,->,203,174,->,203,175,->,203,176,->,203,177,->,203,178,->,203,179,->,203,180,->,203,181,->,203,182,->,203,183,->,203,184,->,203,219,->,203,220,->,203,221,->,203,222,->,203,223,->,203,224,->,203,230,->,203,231,->,203,239,->,203,240,->,203,241,->,203,242,->,203,243,->,203,244,->,203,245,->,203,246,->,203,247,->,203,248,->,203,249,->,203,250,->,203,251,->,203,252,->,203,253,->,203,254,->,203,255,->,203,256,->,203,257,->,203,258,->,203,259,->,203,260,->,203,261,->,203,262,->,203,263,->,203,264,->,203,265,->,203,266,->,203,267,->,203,268,->,203,269,->,203,270,->,203,271,->,203,272,->,203,273,->,203,274,->,203,275,->,203,276,->,203,277,->,203,278,->,203,279,->,203,280,->,203,281,->,203,282,->,203,283,->,203,284,->,203,285,->,203,286,->,203,287,->,203,288,->,203,289,->,203,290,->,203,291,->,203,292,->,203,293,->,203,294,->,203,295,->,203,296,->,203,297,->,203,298,->,203,299,->,203,300,->,203,301,->,203,302,->,203,303,->,204,3,->,204,5,->,204,6,->,204,9,->,204,14,->,204,15,->,204,16,->,204,17,->,204,19,->,204,20,->,204,21,->,204,22,->,204,23,->,204,24,->,204,25,->,204,26,->,204,27,->,204,28,->,204,29,->,204,30,->,204,31,->,204,32,->,204,33,->,204,34,->,204,35,->,204,36,->,204,37,->,204,38,->,204,39,->,204,40,->,204,41,->,204,42,->,204,43,->,204,44,->,204,45,->,204,46,->,204,47,->,204,48,->,204,49,->,204,50,->,204,51,->,204,52,->,204,53,->,204,54,->,204,55,->,204,56,->,204,57,->,204,58,->,204,59,->,204,60,->,204,61,->,204,62,->,204,63,->,204,64,->,204,65,->,204,66,->,204,67,->,204,68,->,204,69,->,204,70,->,204,71,->,204,72,->,204,73,->,204,74,->,204,75,->,204,76,->,204,77,->,204,142,->,204,173,->,204,174,->,204,175,->,204,176,->,204,177,->,204,178,->,204,179,->,204,180,->,204,181,->,204,182,->,204,238,->,204,239,->,204,240,->,204,241,->,204,242,->,204,243,->,204,244,->,204,245,->,204,246,->,204,247,->,204,248,->,204,249,->,204,250,->,204,251,->,204,252,->,204,253,->,204,254,->,204,255,->,204,256,->,204,257,->,204,258,->,204,259,->,204,260,->,204,261,->,204,262,->,204,263,->,204,264,->,204,265,->,204,266,->,204,267,->,204,268,->,204,269,->,204,270,->,204,271,->,204,272,->,204,273,->,204,274,->,204,275,->,204,276,->,204,277,->,204,278,->,204,279,->,204,280,->,204,281,->,204,282,->,204,283,->,204,284,->,204,285,->,204,286,->,204,287,->,204,288,->,204,289,->,204,290,->,204,291,->,204,292,->,204,293,->,204,294,->,204,295,->,204,296,->,204,297,->,204,298,->,204,299,->,204,300,->,204,301,->,204,302,->,204,303,->,205,0,->,205,2,->,205,3,->,205,4,->,205,5,->,205,6,->,205,7,->,205,9,->,205,11,->,205,12,->,205,13,->,205,14,->,205,15,->,205,16,->,205,17,->,205,18,->,205,19,->,205,20,->,205,21,->,205,22,->,205,23,->,205,24,->,205,25,->,205,26,->,205,27,->,205,28,->,205,29,->,205,30,->,205,31,->,205,32,->,205,33,->,205,34,->,205,35,->,205,36,->,205,37,->,205,38,->,205,39,->,205,40,->,205,41,->,205,42,->,205,43,->,205,44,->,205,45,->,205,46,->,205,47,->,205,48,->,205,49,->,205,50,->,205,51,->,205,52,->,205,53,->,205,54,->,205,55,->,205,56,->,205,57,->,205,58,->,205,59,->,205,60,->,205,61,->,205,62,->,205,63,->,205,64,->,205,65,->,205,66,->,205,67,->,205,68,->,205,69,->,205,70,->,205,71,->,205,72,->,205,73,->,205,74,->,205,75,->,205,166,->,205,174,->,205,175,->,205,176,->,205,177,->,205,178,->,205,179,->,205,180,->,205,181,->,205,239,->,205,240,->,205,241,->,205,242,->,205,243,->,205,244,->,205,245,->,205,246,->,205,247,->,205,248,->,205,249,->,205,250,->,205,251,->,205,252,->,205,253,->,205,254,->,205,255,->,205,256,->,205,257,->,205,258,->,205,259,->,205,260,->,205,261,->,205,262,->,205,263,->,205,264,->,205,265,->,205,266,->,205,267,->,205,268,->,205,269,->,205,270,->,205,271,->,205,272,->,205,273,->,205,274,->,205,275,->,205,276,->,205,277,->,205,278,->,205,279,->,205,280,->,205,281,->,205,282,->,205,283,->,205,284,->,205,285,->,205,286,->,205,287,->,205,288,->,205,289,->,205,290,->,205,291,->,205,292,->,205,293,->,205,294,->,205,295,->,205,296,->,205,297,->,205,298,->,205,299,->,205,300,->,205,301,->,205,302,->,205,303,->,206,1,->,206,3,->,206,4,->,206,5,->,206,6,->,206,7,->,206,9,->,206,13,->,206,15,->,206,16,->,206,18,->,206,19,->,206,20,->,206,21,->,206,22,->,206,23,->,206,24,->,206,25,->,206,26,->,206,27,->,206,28,->,206,29,->,206,30,->,206,31,->,206,32,->,206,33,->,206,34,->,206,35,->,206,36,->,206,37,->,206,38,->,206,39,->,206,40,->,206,41,->,206,42,->,206,43,->,206,44,->,206,45,->,206,46,->,206,47,->,206,48,->,206,49,->,206,50,->,206,51,->,206,52,->,206,53,->,206,54,->,206,55,->,206,56,->,206,57,->,206,58,->,206,59,->,206,60,->,206,61,->,206,62,->,206,63,->,206,64,->,206,65,->,206,66,->,206,67,->,206,68,->,206,69,->,206,70,->,206,71,->,206,72,->,206,73,->,206,74,->,206,166,->,206,167,->,206,173,->,206,174,->,206,175,->,206,176,->,206,177,->,206,178,->,206,181,->,206,239,->,206,240,->,206,241,->,206,242,->,206,243,->,206,244,->,206,245,->,206,246,->,206,247,->,206,248,->,206,249,->,206,250,->,206,251,->,206,252,->,206,253,->,206,254,->,206,255,->,206,256,->,206,257,->,206,258,->,206,259,->,206,260,->,206,261,->,206,262,->,206,263,->,206,264,->,206,265,->,206,266,->,206,267,->,206,268,->,206,269,->,206,270,->,206,271,->,206,272,->,206,273,->,206,274,->,206,275,->,206,276,->,206,277,->,206,278,->,206,279,->,206,280,->,206,281,->,206,282,->,206,283,->,206,284,->,206,285,->,206,286,->,206,287,->,206,288,->,206,289,->,206,290,->,206,291,->,206,292,->,206,293,->,206,294,->,206,295,->,206,296,->,206,297,->,206,298,->,206,299,->,206,300,->,206,301,->,206,302,->,206,303,->,207,7,->,207,13,->,207,15,->,207,16,->,207,17,->,207,19,->,207,20,->,207,21,->,207,22,->,207,23,->,207,24,->,207,25,->,207,26,->,207,27,->,207,28,->,207,29,->,207,30,->,207,31,->,207,32,->,207,33,->,207,34,->,207,35,->,207,36,->,207,37,->,207,38,->,207,39,->,207,40,->,207,41,->,207,42,->,207,43,->,207,44,->,207,45,->,207,46,->,207,47,->,207,48,->,207,49,->,207,50,->,207,51,->,207,52,->,207,53,->,207,54,->,207,55,->,207,56,->,207,57,->,207,58,->,207,59,->,207,60,->,207,61,->,207,62,->,207,63,->,207,64,->,207,65,->,207,66,->,207,67,->,207,68,->,207,69,->,207,70,->,207,71,->,207,72,->,207,73,->,207,74,->,207,166,->,207,167,->,207,168,->,207,171,->,207,172,->,207,173,->,207,174,->,207,175,->,207,176,->,207,177,->,207,239,->,207,240,->,207,241,->,207,242,->,207,243,->,207,244,->,207,245,->,207,246,->,207,247,->,207,248,->,207,249,->,207,250,->,207,251,->,207,252,->,207,253,->,207,254,->,207,255,->,207,256,->,207,257,->,207,258,->,207,259,->,207,260,->,207,261,->,207,262,->,207,263,->,207,264,->,207,265,->,207,266,->,207,267,->,207,268,->,207,269,->,207,270,->,207,271,->,207,272,->,207,273,->,207,274,->,207,275,->,207,276,->,207,277,->,207,278,->,207,279,->,207,280,->,207,281,->,207,282,->,207,283,->,207,284,->,207,285,->,207,286,->,207,287,->,207,288,->,207,289,->,207,290,->,207,291,->,207,292,->,207,293,->,207,294,->,207,295,->,207,296,->,207,297,->,207,298,->,207,299,->,207,300,->,207,301,->,207,302,->,207,303,->,208,0,->,208,2,->,208,4,->,208,5,->,208,6,->,208,9,->,208,10,->,208,16,->,208,17,->,208,18,->,208,20,->,208,21,->,208,22,->,208,23,->,208,24,->,208,25,->,208,26,->,208,27,->,208,28,->,208,29,->,208,30,->,208,31,->,208,32,->,208,33,->,208,34,->,208,35,->,208,36,->,208,37,->,208,38,->,208,39,->,208,40,->,208,41,->,208,42,->,208,43,->,208,44,->,208,45,->,208,46,->,208,47,->,208,48,->,208,49,->,208,50,->,208,51,->,208,52,->,208,53,->,208,54,->,208,55,->,208,56,->,208,57,->,208,58,->,208,59,->,208,60,->,208,61,->,208,62,->,208,63,->,208,64,->,208,65,->,208,66,->,208,67,->,208,68,->,208,69,->,208,70,->,208,71,->,208,72,->,208,73,->,208,116,->,208,168,->,208,169,->,208,172,->,208,173,->,208,174,->,208,175,->,208,176,->,208,177,->,208,239,->,208,240,->,208,241,->,208,242,->,208,243,->,208,244,->,208,245,->,208,246,->,208,247,->,208,248,->,208,249,->,208,250,->,208,251,->,208,252,->,208,253,->,208,254,->,208,255,->,208,256,->,208,257,->,208,258,->,208,259,->,208,260,->,208,261,->,208,262,->,208,263,->,208,264,->,208,265,->,208,266,->,208,267,->,208,268,->,208,269,->,208,270,->,208,271,->,208,272,->,208,273,->,208,274,->,208,275,->,208,276,->,208,277,->,208,278,->,208,279,->,208,280,->,208,281,->,208,282,->,208,283,->,208,284,->,208,285,->,208,286,->,208,287,->,208,288,->,208,289,->,208,290,->,208,291,->,208,292,->,208,293,->,208,294,->,208,295,->,208,296,->,208,297,->,208,298,->,208,299,->,208,300,->,208,301,->,208,302,->,208,303,->,209,0,->,209,3,->,209,5,->,209,6,->,209,7,->,209,8,->,209,9,->,209,12,->,209,16,->,209,17,->,209,18,->,209,19,->,209,20,->,209,21,->,209,22,->,209,23,->,209,24,->,209,25,->,209,26,->,209,27,->,209,28,->,209,29,->,209,30,->,209,31,->,209,32,->,209,33,->,209,34,->,209,35,->,209,36,->,209,37,->,209,38,->,209,39,->,209,40,->,209,41,->,209,42,->,209,43,->,209,44,->,209,45,->,209,46,->,209,47,->,209,48,->,209,49,->,209,50,->,209,51,->,209,52,->,209,53,->,209,54,->,209,55,->,209,56,->,209,57,->,209,58,->,209,59,->,209,60,->,209,61,->,209,62,->,209,63,->,209,64,->,209,65,->,209,66,->,209,67,->,209,68,->,209,69,->,209,70,->,209,71,->,209,72,->,209,73,->,209,165,->,209,166,->,209,167,->,209,168,->,209,169,->,209,170,->,209,171,->,209,172,->,209,173,->,209,174,->,209,175,->,209,176,->,209,177,->,209,184,->,209,239,->,209,240,->,209,241,->,209,242,->,209,243,->,209,244,->,209,245,->,209,246,->,209,247,->,209,248,->,209,249,->,209,250,->,209,251,->,209,252,->,209,253,->,209,254,->,209,255,->,209,256,->,209,257,->,209,258,->,209,259,->,209,260,->,209,261,->,209,262,->,209,263,->,209,264,->,209,265,->,209,266,->,209,267,->,209,268,->,209,269,->,209,270,->,209,271,->,209,272,->,209,273,->,209,274,->,209,275,->,209,276,->,209,277,->,209,278,->,209,279,->,209,280,->,209,281,->,209,282,->,209,283,->,209,284,->,209,285,->,209,286,->,209,287,->,209,288,->,209,289,->,209,290,->,209,291,->,209,292,->,209,293,->,209,294,->,209,295,->,209,296,->,209,297,->,209,298,->,209,299,->,209,300,->,209,301,->,209,302,->,209,303,->,210,0,->,210,1,->,210,2,->,210,3,->,210,4,->,210,5,->,210,7,->,210,13,->,210,15,->,210,17,->,210,19,->,210,20,->,210,21,->,210,22,->,210,23,->,210,24,->,210,25,->,210,26,->,210,27,->,210,28,->,210,29,->,210,30,->,210,31,->,210,32,->,210,33,->,210,34,->,210,35,->,210,36,->,210,37,->,210,38,->,210,39,->,210,40,->,210,41,->,210,42,->,210,43,->,210,44,->,210,45,->,210,46,->,210,47,->,210,48,->,210,49,->,210,50,->,210,51,->,210,52,->,210,53,->,210,54,->,210,55,->,210,56,->,210,57,->,210,58,->,210,59,->,210,60,->,210,61,->,210,62,->,210,63,->,210,64,->,210,65,->,210,66,->,210,67,->,210,68,->,210,69,->,210,70,->,210,71,->,210,72,->,210,149,->,210,150,->,210,151,->,210,152,->,210,153,->,210,154,->,210,155,->,210,156,->,210,157,->,210,158,->,210,163,->,210,166,->,210,167,->,210,168,->,210,169,->,210,170,->,210,171,->,210,172,->,210,173,->,210,174,->,210,175,->,210,176,->,210,177,->,210,183,->,210,184,->,210,207,->,210,208,->,210,239,->,210,240,->,210,241,->,210,242,->,210,243,->,210,244,->,210,245,->,210,246,->,210,247,->,210,248,->,210,249,->,210,250,->,210,251,->,210,252,->,210,253,->,210,254,->,210,255,->,210,256,->,210,257,->,210,258,->,210,259,->,210,260,->,210,261,->,210,262,->,210,263,->,210,264,->,210,265,->,210,266,->,210,267,->,210,268,->,210,269,->,210,270,->,210,271,->,210,272,->,210,273,->,210,274,->,210,275,->,210,276,->,210,277,->,210,278,->,210,279,->,210,280,->,210,281,->,210,282,->,210,283,->,210,284,->,210,285,->,210,286,->,210,287,->,210,288,->,210,289,->,210,290,->,210,291,->,210,292,->,210,293,->,210,294,->,210,295,->,210,296,->,210,297,->,210,298,->,210,299,->,210,300,->,210,301,->,210,302,->,210,303,->,211,0,->,211,3,->,211,4,->,211,6,->,211,8,->,211,9,->,211,10,->,211,11,->,211,18,->,211,19,->,211,20,->,211,21,->,211,22,->,211,23,->,211,24,->,211,25,->,211,26,->,211,27,->,211,28,->,211,29,->,211,30,->,211,31,->,211,32,->,211,33,->,211,34,->,211,35,->,211,36,->,211,37,->,211,38,->,211,39,->,211,40,->,211,41,->,211,42,->,211,43,->,211,44,->,211,45,->,211,46,->,211,47,->,211,48,->,211,49,->,211,50,->,211,51,->,211,52,->,211,53,->,211,54,->,211,55,->,211,56,->,211,57,->,211,58,->,211,59,->,211,60,->,211,61,->,211,62,->,211,63,->,211,64,->,211,65,->,211,66,->,211,67,->,211,68,->,211,69,->,211,70,->,211,71,->,211,145,->,211,146,->,211,147,->,211,148,->,211,149,->,211,150,->,211,151,->,211,152,->,211,153,->,211,154,->,211,155,->,211,156,->,211,157,->,211,158,->,211,159,->,211,160,->,211,161,->,211,165,->,211,172,->,211,173,->,211,174,->,211,175,->,211,176,->,211,185,->,211,186,->,211,206,->,211,207,->,211,208,->,211,209,->,211,238,->,211,239,->,211,240,->,211,241,->,211,242,->,211,243,->,211,244,->,211,245,->,211,246,->,211,247,->,211,248,->,211,249,->,211,250,->,211,251,->,211,252,->,211,253,->,211,254,->,211,255,->,211,256,->,211,257,->,211,258,->,211,259,->,211,260,->,211,261,->,211,262,->,211,263,->,211,264,->,211,265,->,211,266,->,211,267,->,211,268,->,211,269,->,211,270,->,211,271,->,211,272,->,211,273,->,211,274,->,211,275,->,211,276,->,211,277,->,211,278,->,211,279,->,211,280,->,211,281,->,211,282,->,211,283,->,211,284,->,211,285,->,211,286,->,211,287,->,211,288,->,211,289,->,211,290,->,211,291,->,211,292,->,211,293,->,211,294,->,211,295,->,211,296,->,211,297,->,211,298,->,211,299,->,211,300,->,211,301,->,211,302,->,211,303,->,212,2,->,212,3,->,212,4,->,212,5,->,212,8,->,212,9,->,212,10,->,212,11,->,212,13,->,212,14,->,212,16,->,212,18,->,212,19,->,212,20,->,212,21,->,212,22,->,212,23,->,212,24,->,212,25,->,212,26,->,212,27,->,212,28,->,212,29,->,212,30,->,212,31,->,212,32,->,212,33,->,212,34,->,212,35,->,212,36,->,212,37,->,212,38,->,212,39,->,212,40,->,212,41,->,212,42,->,212,43,->,212,44,->,212,45,->,212,46,->,212,47,->,212,48,->,212,49,->,212,50,->,212,51,->,212,52,->,212,53,->,212,54,->,212,55,->,212,56,->,212,57,->,212,58,->,212,59,->,212,60,->,212,61,->,212,62,->,212,63,->,212,64,->,212,65,->,212,66,->,212,67,->,212,68,->,212,69,->,212,70,->,212,71,->,212,142,->,212,143,->,212,144,->,212,145,->,212,146,->,212,147,->,212,148,->,212,149,->,212,150,->,212,151,->,212,152,->,212,153,->,212,154,->,212,155,->,212,156,->,212,157,->,212,158,->,212,159,->,212,160,->,212,161,->,212,162,->,212,163,->,212,171,->,212,172,->,212,173,->,212,174,->,212,175,->,212,176,->,212,207,->,212,208,->,212,209,->,212,210,->,212,211,->,212,237,->,212,238,->,212,239,->,212,240,->,212,244,->,212,245,->,212,246,->,212,247,->,212,248,->,212,249,->,212,250,->,212,251,->,212,252,->,212,253,->,212,254,->,212,255,->,212,256,->,212,257,->,212,258,->,212,259,->,212,260,->,212,261,->,212,262,->,212,263,->,212,264,->,212,265,->,212,266,->,212,267,->,212,268,->,212,269,->,212,270,->,212,271,->,212,272,->,212,273,->,212,274,->,212,275,->,212,276,->,212,277,->,212,278,->,212,279,->,212,280,->,212,281,->,212,282,->,212,283,->,212,284,->,212,285,->,212,286,->,212,287,->,212,288,->,212,289,->,212,290,->,212,291,->,212,292,->,212,293,->,212,294,->,212,295,->,212,296,->,212,297,->,212,298,->,212,299,->,212,300,->,212,301,->,212,302,->,212,303,->,213,0,->,213,3,->,213,4,->,213,6,->,213,8,->,213,15,->,213,17,->,213,18,->,213,19,->,213,20,->,213,21,->,213,22,->,213,23,->,213,24,->,213,25,->,213,26,->,213,27,->,213,28,->,213,29,->,213,30,->,213,31,->,213,32,->,213,33,->,213,34,->,213,35,->,213,36,->,213,37,->,213,38,->,213,39,->,213,40,->,213,41,->,213,42,->,213,43,->,213,44,->,213,45,->,213,46,->,213,47,->,213,48,->,213,49,->,213,50,->,213,51,->,213,52,->,213,53,->,213,54,->,213,55,->,213,56,->,213,57,->,213,58,->,213,59,->,213,60,->,213,61,->,213,62,->,213,63,->,213,64,->,213,65,->,213,66,->,213,67,->,213,68,->,213,69,->,213,70,->,213,71,->,213,121,->,213,140,->,213,141,->,213,142,->,213,143,->,213,144,->,213,145,->,213,146,->,213,147,->,213,148,->,213,149,->,213,150,->,213,151,->,213,152,->,213,153,->,213,154,->,213,155,->,213,156,->,213,157,->,213,158,->,213,159,->,213,160,->,213,161,->,213,162,->,213,163,->,213,164,->,213,165,->,213,166,->,213,171,->,213,172,->,213,173,->,213,174,->,213,175,->,213,176,->,213,209,->,213,210,->,213,211,->,213,212,->,213,237,->,213,238,->,213,239,->,213,244,->,213,245,->,213,246,->,213,247,->,213,248,->,213,249,->,213,250,->,213,251,->,213,252,->,213,253,->,213,254,->,213,255,->,213,256,->,213,257,->,213,258,->,213,259,->,213,260,->,213,261,->,213,262,->,213,263,->,213,264,->,213,265,->,213,266,->,213,267,->,213,268,->,213,269,->,213,270,->,213,271,->,213,272,->,213,273,->,213,274,->,213,275,->,213,276,->,213,277,->,213,278,->,213,279,->,213,280,->,213,281,->,213,282,->,213,283,->,213,284,->,213,285,->,213,286,->,213,287,->,213,288,->,213,289,->,213,290,->,213,291,->,213,292,->,213,293,->,213,294,->,213,295,->,213,296,->,213,297,->,213,298,->,213,299,->,213,300,->,213,301,->,213,302,->,213,303,->,214,0,->,214,2,->,214,5,->,214,9,->,214,10,->,214,11,->,214,13,->,214,14,->,214,15,->,214,16,->,214,17,->,214,18,->,214,19,->,214,20,->,214,21,->,214,22,->,214,23,->,214,24,->,214,25,->,214,26,->,214,27,->,214,28,->,214,29,->,214,30,->,214,31,->,214,32,->,214,33,->,214,34,->,214,35,->,214,36,->,214,37,->,214,38,->,214,39,->,214,40,->,214,41,->,214,42,->,214,43,->,214,44,->,214,45,->,214,46,->,214,47,->,214,48,->,214,49,->,214,50,->,214,51,->,214,52,->,214,53,->,214,54,->,214,55,->,214,56,->,214,57,->,214,58,->,214,59,->,214,60,->,214,61,->,214,62,->,214,63,->,214,64,->,214,65,->,214,66,->,214,67,->,214,68,->,214,69,->,214,70,->,214,138,->,214,139,->,214,140,->,214,141,->,214,142,->,214,143,->,214,144,->,214,145,->,214,146,->,214,147,->,214,148,->,214,149,->,214,150,->,214,151,->,214,152,->,214,153,->,214,154,->,214,155,->,214,156,->,214,157,->,214,158,->,214,159,->,214,160,->,214,161,->,214,162,->,214,163,->,214,164,->,214,165,->,214,166,->,214,167,->,214,172,->,214,173,->,214,174,->,214,175,->,214,176,->,214,210,->,214,211,->,214,212,->,214,213,->,214,237,->,214,238,->,214,239,->,214,245,->,214,246,->,214,247,->,214,248,->,214,249,->,214,250,->,214,251,->,214,252,->,214,253,->,214,254,->,214,255,->,214,256,->,214,257,->,214,258,->,214,259,->,214,260,->,214,261,->,214,262,->,214,263,->,214,264,->,214,265,->,214,266,->,214,267,->,214,268,->,214,269,->,214,270,->,214,271,->,214,272,->,214,273,->,214,274,->,214,275,->,214,276,->,214,277,->,214,278,->,214,279,->,214,280,->,214,281,->,214,282,->,214,283,->,214,284,->,214,285,->,214,286,->,214,287,->,214,288,->,214,289,->,214,290,->,214,291,->,214,292,->,214,293,->,214,294,->,214,295,->,214,296,->,214,297,->,214,298,->,214,299,->,214,300,->,214,301,->,214,302,->,214,303,->,215,6,->,215,7,->,215,8,->,215,10,->,215,11,->,215,12,->,215,13,->,215,14,->,215,15,->,215,16,->,215,17,->,215,18,->,215,19,->,215,20,->,215,21,->,215,22,->,215,23,->,215,24,->,215,25,->,215,26,->,215,27,->,215,28,->,215,29,->,215,30,->,215,31,->,215,32,->,215,33,->,215,34,->,215,35,->,215,36,->,215,37,->,215,38,->,215,39,->,215,40,->,215,41,->,215,42,->,215,43,->,215,44,->,215,45,->,215,46,->,215,47,->,215,48,->,215,49,->,215,50,->,215,51,->,215,52,->,215,53,->,215,54,->,215,55,->,215,56,->,215,57,->,215,58,->,215,59,->,215,60,->,215,61,->,215,62,->,215,63,->,215,64,->,215,65,->,215,66,->,215,67,->,215,68,->,215,69,->,215,118,->,215,136,->,215,137,->,215,138,->,215,139,->,215,140,->,215,141,->,215,142,->,215,143,->,215,144,->,215,145,->,215,146,->,215,147,->,215,148,->,215,149,->,215,150,->,215,151,->,215,152,->,215,153,->,215,154,->,215,155,->,215,156,->,215,157,->,215,158,->,215,159,->,215,160,->,215,161,->,215,162,->,215,163,->,215,164,->,215,165,->,215,166,->,215,167,->,215,168,->,215,173,->,215,174,->,215,175,->,215,211,->,215,212,->,215,213,->,215,214,->,215,236,->,215,237,->,215,245,->,215,246,->,215,247,->,215,248,->,215,249,->,215,250,->,215,251,->,215,252,->,215,253,->,215,254,->,215,255,->,215,256,->,215,257,->,215,258,->,215,259,->,215,260,->,215,261,->,215,262,->,215,263,->,215,264,->,215,265,->,215,266,->,215,267,->,215,268,->,215,269,->,215,270,->,215,271,->,215,272,->,215,273,->,215,274,->,215,275,->,215,276,->,215,277,->,215,278,->,215,279,->,215,280,->,215,281,->,215,282,->,215,283,->,215,284,->,215,285,->,215,286,->,215,287,->,215,288,->,215,289,->,215,290,->,215,291,->,215,292,->,215,293,->,215,294,->,215,295,->,215,296,->,215,297,->,215,298,->,215,299,->,215,300,->,215,301,->,215,302,->,215,303,->,216,3,->,216,6,->,216,9,->,216,10,->,216,12,->,216,13,->,216,14,->,216,15,->,216,16,->,216,17,->,216,18,->,216,19,->,216,20,->,216,21,->,216,22,->,216,23,->,216,24,->,216,25,->,216,26,->,216,27,->,216,28,->,216,29,->,216,30,->,216,31,->,216,32,->,216,33,->,216,34,->,216,35,->,216,36,->,216,37,->,216,38,->,216,39,->,216,40,->,216,41,->,216,42,->,216,43,->,216,44,->,216,45,->,216,46,->,216,47,->,216,48,->,216,49,->,216,50,->,216,51,->,216,52,->,216,53,->,216,54,->,216,55,->,216,56,->,216,57,->,216,58,->,216,59,->,216,60,->,216,61,->,216,62,->,216,63,->,216,64,->,216,65,->,216,66,->,216,67,->,216,68,->,216,69,->,216,135,->,216,136,->,216,137,->,216,138,->,216,139,->,216,140,->,216,141,->,216,142,->,216,143,->,216,144,->,216,145,->,216,146,->,216,147,->,216,148,->,216,149,->,216,150,->,216,151,->,216,152,->,216,153,->,216,154,->,216,155,->,216,156,->,216,157,->,216,158,->,216,159,->,216,160,->,216,161,->,216,162,->,216,163,->,216,164,->,216,165,->,216,166,->,216,167,->,216,168,->,216,169,->,216,174,->,216,175,->,216,176,->,216,179,->,216,211,->,216,212,->,216,213,->,216,214,->,216,215,->,216,216,->,216,236,->,216,246,->,216,247,->,216,248,->,216,249,->,216,250,->,216,251,->,216,252,->,216,253,->,216,254,->,216,255,->,216,256,->,216,257,->,216,258,->,216,259,->,216,260,->,216,261,->,216,262,->,216,263,->,216,264,->,216,265,->,216,266,->,216,267,->,216,268,->,216,269,->,216,270,->,216,271,->,216,272,->,216,273,->,216,274,->,216,275,->,216,276,->,216,277,->,216,278,->,216,279,->,216,280,->,216,281,->,216,282,->,216,283,->,216,284,->,216,285,->,216,286,->,216,287,->,216,288,->,216,289,->,216,290,->,216,291,->,216,292,->,216,293,->,216,294,->,216,295,->,216,296,->,216,297,->,216,298,->,216,299,->,216,300,->,216,301,->,216,302,->,216,303,->,217,2,->,217,3,->,217,4,->,217,6,->,217,7,->,217,8,->,217,9,->,217,11,->,217,12,->,217,13,->,217,14,->,217,15,->,217,16,->,217,17,->,217,18,->,217,19,->,217,20,->,217,21,->,217,22,->,217,23,->,217,24,->,217,25,->,217,26,->,217,27,->,217,28,->,217,29,->,217,30,->,217,31,->,217,32,->,217,33,->,217,34,->,217,35,->,217,36,->,217,37,->,217,38,->,217,39,->,217,40,->,217,41,->,217,42,->,217,43,->,217,44,->,217,45,->,217,46,->,217,47,->,217,48,->,217,49,->,217,50,->,217,51,->,217,52,->,217,53,->,217,54,->,217,55,->,217,56,->,217,57,->,217,58,->,217,59,->,217,60,->,217,61,->,217,62,->,217,63,->,217,64,->,217,65,->,217,66,->,217,67,->,217,68,->,217,123,->,217,130,->,217,134,->,217,135,->,217,136,->,217,137,->,217,138,->,217,139,->,217,140,->,217,141,->,217,142,->,217,143,->,217,144,->,217,145,->,217,146,->,217,147,->,217,148,->,217,149,->,217,150,->,217,151,->,217,152,->,217,153,->,217,154,->,217,155,->,217,156,->,217,157,->,217,158,->,217,159,->,217,160,->,217,161,->,217,162,->,217,163,->,217,164,->,217,165,->,217,166,->,217,167,->,217,168,->,217,169,->,217,170,->,217,179,->,217,212,->,217,213,->,217,214,->,217,215,->,217,216,->,217,217,->,217,218,->,217,219,->,217,235,->,217,236,->,217,244,->,217,245,->,217,246,->,217,247,->,217,248,->,217,249,->,217,250,->,217,251,->,217,252,->,217,253,->,217,254,->,217,255,->,217,256,->,217,257,->,217,258,->,217,259,->,217,260,->,217,261,->,217,262,->,217,263,->,217,264,->,217,265,->,217,266,->,217,267,->,217,268,->,217,269,->,217,270,->,217,271,->,217,272,->,217,273,->,217,274,->,217,275,->,217,276,->,217,277,->,217,278,->,217,279,->,217,280,->,217,281,->,217,282,->,217,283,->,217,284,->,217,285,->,217,286,->,217,287,->,217,288,->,217,289,->,217,290,->,217,291,->,217,292,->,217,293,->,217,294,->,217,295,->,217,296,->,217,297,->,217,298,->,217,299,->,217,300,->,217,301,->,217,302,->,217,303,->,218,1,->,218,3,->,218,6,->,218,7,->,218,9,->,218,10,->,218,12,->,218,15,->,218,16,->,218,17,->,218,18,->,218,19,->,218,20,->,218,21,->,218,22,->,218,23,->,218,24,->,218,25,->,218,26,->,218,27,->,218,28,->,218,29,->,218,30,->,218,31,->,218,32,->,218,33,->,218,34,->,218,35,->,218,36,->,218,37,->,218,38,->,218,39,->,218,40,->,218,41,->,218,42,->,218,43,->,218,44,->,218,45,->,218,46,->,218,47,->,218,48,->,218,49,->,218,50,->,218,51,->,218,52,->,218,53,->,218,54,->,218,55,->,218,56,->,218,57,->,218,58,->,218,59,->,218,60,->,218,61,->,218,62,->,218,63,->,218,64,->,218,65,->,218,66,->,218,67,->,218,133,->,218,134,->,218,135,->,218,136,->,218,137,->,218,138,->,218,139,->,218,140,->,218,141,->,218,142,->,218,143,->,218,144,->,218,145,->,218,146,->,218,147,->,218,148,->,218,149,->,218,150,->,218,151,->,218,152,->,218,153,->,218,154,->,218,155,->,218,156,->,218,157,->,218,158,->,218,159,->,218,160,->,218,161,->,218,162,->,218,163,->,218,164,->,218,165,->,218,166,->,218,167,->,218,168,->,218,169,->,218,170,->,218,171,->,218,179,->,218,213,->,218,214,->,218,215,->,218,216,->,218,217,->,218,218,->,218,219,->,218,220,->,218,221,->,218,222,->,218,223,->,218,234,->,218,235,->,218,236,->,218,237,->,218,245,->,218,246,->,218,247,->,218,248,->,218,249,->,218,250,->,218,251,->,218,252,->,218,253,->,218,254,->,218,255,->,218,256,->,218,257,->,218,258,->,218,259,->,218,260,->,218,261,->,218,262,->,218,263,->,218,264,->,218,265,->,218,266,->,218,267,->,218,268,->,218,269,->,218,270,->,218,271,->,218,272,->,218,273,->,218,274,->,218,275,->,218,276,->,218,277,->,218,278,->,218,279,->,218,280,->,218,281,->,218,282,->,218,283,->,218,284,->,218,285,->,218,286,->,218,287,->,218,288,->,218,289,->,218,290,->,218,291,->,218,292,->,218,293,->,218,294,->,218,295,->,218,296,->,218,297,->,218,298,->,218,299,->,218,300,->,218,301,->,218,302,->,218,303,->,219,2,->,219,5,->,219,6,->,219,8,->,219,9,->,219,12,->,219,13,->,219,14,->,219,15,->,219,16,->,219,17,->,219,18,->,219,19,->,219,20,->,219,21,->,219,22,->,219,23,->,219,24,->,219,25,->,219,26,->,219,27,->,219,28,->,219,29,->,219,30,->,219,31,->,219,32,->,219,33,->,219,34,->,219,35,->,219,36,->,219,37,->,219,38,->,219,39,->,219,40,->,219,41,->,219,42,->,219,43,->,219,44,->,219,45,->,219,46,->,219,47,->,219,48,->,219,49,->,219,50,->,219,51,->,219,52,->,219,53,->,219,54,->,219,55,->,219,56,->,219,57,->,219,58,->,219,59,->,219,60,->,219,61,->,219,62,->,219,63,->,219,64,->,219,65,->,219,66,->,219,67,->,219,68,->,219,132,->,219,133,->,219,134,->,219,135,->,219,136,->,219,137,->,219,138,->,219,139,->,219,140,->,219,141,->,219,142,->,219,143,->,219,144,->,219,145,->,219,146,->,219,147,->,219,148,->,219,149,->,219,150,->,219,151,->,219,152,->,219,153,->,219,154,->,219,155,->,219,156,->,219,157,->,219,158,->,219,159,->,219,160,->,219,161,->,219,162,->,219,163,->,219,164,->,219,165,->,219,166,->,219,167,->,219,168,->,219,169,->,219,170,->,219,171,->,219,172,->,219,178,->,219,179,->,219,180,->,219,214,->,219,215,->,219,216,->,219,217,->,219,218,->,219,219,->,219,220,->,219,221,->,219,222,->,219,223,->,219,224,->,219,225,->,219,226,->,219,232,->,219,233,->,219,234,->,219,235,->,219,236,->,219,245,->,219,246,->,219,247,->,219,248,->,219,249,->,219,250,->,219,251,->,219,252,->,219,253,->,219,254,->,219,255,->,219,256,->,219,257,->,219,258,->,219,259,->,219,260,->,219,261,->,219,262,->,219,263,->,219,264,->,219,265,->,219,266,->,219,267,->,219,268,->,219,269,->,219,270,->,219,271,->,219,272,->,219,273,->,219,274,->,219,275,->,219,276,->,219,277,->,219,278,->,219,279,->,219,280,->,219,281,->,219,282,->,219,283,->,219,284,->,219,285,->,219,286,->,219,287,->,219,288,->,219,289,->,219,290,->,219,291,->,219,292,->,219,293,->,219,294,->,219,295,->,219,296,->,219,297,->,219,298,->,219,299,->,219,300,->,219,301,->,219,302,->,219,303,->,220,6,->,220,10,->,220,11,->,220,13,->,220,14,->,220,15,->,220,16,->,220,17,->,220,18,->,220,19,->,220,20,->,220,21,->,220,22,->,220,23,->,220,24,->,220,25,->,220,26,->,220,27,->,220,28,->,220,29,->,220,30,->,220,31,->,220,32,->,220,33,->,220,34,->,220,35,->,220,36,->,220,37,->,220,38,->,220,39,->,220,40,->,220,41,->,220,42,->,220,43,->,220,44,->,220,45,->,220,46,->,220,47,->,220,48,->,220,49,->,220,50,->,220,51,->,220,52,->,220,53,->,220,54,->,220,55,->,220,56,->,220,57,->,220,58,->,220,59,->,220,60,->,220,61,->,220,62,->,220,63,->,220,64,->,220,65,->,220,66,->,220,67,->,220,131,->,220,132,->,220,133,->,220,134,->,220,135,->,220,136,->,220,137,->,220,138,->,220,139,->,220,140,->,220,141,->,220,142,->,220,143,->,220,144,->,220,145,->,220,146,->,220,147,->,220,148,->,220,149,->,220,150,->,220,151,->,220,152,->,220,153,->,220,154,->,220,155,->,220,156,->,220,157,->,220,158,->,220,159,->,220,160,->,220,161,->,220,162,->,220,163,->,220,164,->,220,165,->,220,166,->,220,167,->,220,168,->,220,169,->,220,170,->,220,171,->,220,172,->,220,173,->,220,190,->,220,216,->,220,217,->,220,218,->,220,219,->,220,220,->,220,221,->,220,222,->,220,223,->,220,224,->,220,225,->,220,226,->,220,227,->,220,228,->,220,229,->,220,230,->,220,231,->,220,232,->,220,233,->,220,234,->,220,235,->,220,236,->,220,245,->,220,246,->,220,247,->,220,248,->,220,249,->,220,250,->,220,251,->,220,252,->,220,253,->,220,254,->,220,255,->,220,256,->,220,257,->,220,258,->,220,259,->,220,260,->,220,261,->,220,262,->,220,263,->,220,264,->,220,265,->,220,266,->,220,267,->,220,268,->,220,269,->,220,270,->,220,271,->,220,272,->,220,273,->,220,274,->,220,275,->,220,276,->,220,277,->,220,278,->,220,279,->,220,280,->,220,281,->,220,282,->,220,283,->,220,284,->,220,285,->,220,286,->,220,287,->,220,288,->,220,289,->,220,290,->,220,291,->,220,292,->,220,293,->,220,294,->,220,295,->,220,296,->,220,297,->,220,298,->,220,299,->,220,300,->,220,301,->,220,302,->,220,303,->,221,1,->,221,3,->,221,6,->,221,8,->,221,9,->,221,11,->,221,12,->,221,13,->,221,14,->,221,15,->,221,16,->,221,17,->,221,18,->,221,19,->,221,20,->,221,21,->,221,22,->,221,23,->,221,24,->,221,25,->,221,26,->,221,27,->,221,28,->,221,29,->,221,30,->,221,31,->,221,32,->,221,33,->,221,34,->,221,35,->,221,36,->,221,37,->,221,38,->,221,39,->,221,40,->,221,41,->,221,42,->,221,43,->,221,44,->,221,45,->,221,46,->,221,47,->,221,48,->,221,49,->,221,50,->,221,51,->,221,52,->,221,53,->,221,54,->,221,55,->,221,56,->,221,57,->,221,58,->,221,59,->,221,60,->,221,61,->,221,62,->,221,63,->,221,64,->,221,65,->,221,66,->,221,67,->,221,130,->,221,131,->,221,132,->,221,133,->,221,134,->,221,135,->,221,136,->,221,137,->,221,138,->,221,139,->,221,140,->,221,141,->,221,142,->,221,143,->,221,144,->,221,145,->,221,146,->,221,147,->,221,148,->,221,149,->,221,150,->,221,151,->,221,152,->,221,153,->,221,154,->,221,155,->,221,156,->,221,157,->,221,158,->,221,159,->,221,160,->,221,161,->,221,162,->,221,163,->,221,164,->,221,165,->,221,166,->,221,167,->,221,168,->,221,169,->,221,170,->,221,171,->,221,172,->,221,173,->,221,174,->,221,179,->,221,189,->,221,190,->,221,191,->,221,221,->,221,222,->,221,223,->,221,224,->,221,225,->,221,226,->,221,227,->,221,228,->,221,229,->,221,230,->,221,231,->,221,232,->,221,233,->,221,234,->,221,235,->,221,236,->,221,246,->,221,247,->,221,248,->,221,249,->,221,250,->,221,251,->,221,252,->,221,253,->,221,254,->,221,255,->,221,256,->,221,257,->,221,258,->,221,259,->,221,260,->,221,261,->,221,262,->,221,263,->,221,264,->,221,265,->,221,266,->,221,267,->,221,268,->,221,269,->,221,270,->,221,271,->,221,272,->,221,273,->,221,274,->,221,275,->,221,276,->,221,277,->,221,278,->,221,279,->,221,280,->,221,281,->,221,282,->,221,283,->,221,284,->,221,285,->,221,286,->,221,287,->,221,288,->,221,289,->,221,290,->,221,291,->,221,292,->,221,293,->,221,294,->,221,295,->,221,296,->,221,297,->,221,298,->,221,299,->,221,300,->,221,301,->,221,302,->,221,303,->,222,1,->,222,2,->,222,5,->,222,6,->,222,7,->,222,9,->,222,10,->,222,12,->,222,13,->,222,14,->,222,15,->,222,16,->,222,17,->,222,18,->,222,19,->,222,20,->,222,21,->,222,22,->,222,23,->,222,24,->,222,25,->,222,26,->,222,27,->,222,28,->,222,29,->,222,30,->,222,31,->,222,32,->,222,33,->,222,34,->,222,35,->,222,36,->,222,37,->,222,38,->,222,39,->,222,40,->,222,41,->,222,42,->,222,43,->,222,44,->,222,45,->,222,46,->,222,47,->,222,48,->,222,49,->,222,50,->,222,51,->,222,52,->,222,53,->,222,54,->,222,55,->,222,56,->,222,57,->,222,58,->,222,59,->,222,60,->,222,61,->,222,62,->,222,63,->,222,64,->,222,65,->,222,66,->,222,102,->,222,130,->,222,131,->,222,132,->,222,133,->,222,134,->,222,135,->,222,136,->,222,137,->,222,138,->,222,139,->,222,140,->,222,141,->,222,142,->,222,143,->,222,144,->,222,145,->,222,146,->,222,147,->,222,148,->,222,149,->,222,150,->,222,151,->,222,152,->,222,153,->,222,154,->,222,155,->,222,156,->,222,157,->,222,158,->,222,159,->,222,160,->,222,161,->,222,162,->,222,163,->,222,164,->,222,165,->,222,166,->,222,167,->,222,168,->,222,169,->,222,170,->,222,171,->,222,172,->,222,173,->,222,174,->,222,175,->,222,188,->,222,190,->,222,191,->,222,192,->,222,193,->,222,205,->,222,223,->,222,224,->,222,225,->,222,226,->,222,227,->,222,228,->,222,229,->,222,230,->,222,231,->,222,232,->,222,233,->,222,234,->,222,235,->,222,247,->,222,248,->,222,249,->,222,250,->,222,251,->,222,252,->,222,253,->,222,254,->,222,255,->,222,256,->,222,257,->,222,258,->,222,259,->,222,260,->,222,261,->,222,262,->,222,263,->,222,264,->,222,265,->,222,266,->,222,267,->,222,268,->,222,269,->,222,270,->,222,271,->,222,272,->,222,273,->,222,274,->,222,275,->,222,276,->,222,277,->,222,278,->,222,279,->,222,280,->,222,281,->,222,282,->,222,283,->,222,284,->,222,285,->,222,286,->,222,287,->,222,288,->,222,289,->,222,290,->,222,291,->,222,292,->,222,293,->,222,294,->,222,295,->,222,296,->,222,297,->,222,298,->,222,299,->,222,300,->,222,301,->,222,302,->,222,303,->,223,1,->,223,2,->,223,3,->,223,9,->,223,11,->,223,12,->,223,13,->,223,14,->,223,15,->,223,16,->,223,17,->,223,18,->,223,19,->,223,20,->,223,21,->,223,22,->,223,23,->,223,24,->,223,25,->,223,26,->,223,27,->,223,28,->,223,29,->,223,30,->,223,31,->,223,32,->,223,33,->,223,34,->,223,35,->,223,36,->,223,37,->,223,38,->,223,39,->,223,40,->,223,41,->,223,42,->,223,43,->,223,44,->,223,45,->,223,46,->,223,47,->,223,48,->,223,49,->,223,50,->,223,51,->,223,52,->,223,53,->,223,54,->,223,55,->,223,56,->,223,57,->,223,58,->,223,59,->,223,60,->,223,61,->,223,62,->,223,63,->,223,64,->,223,65,->,223,129,->,223,130,->,223,131,->,223,132,->,223,133,->,223,134,->,223,135,->,223,136,->,223,137,->,223,138,->,223,139,->,223,140,->,223,141,->,223,142,->,223,143,->,223,144,->,223,145,->,223,146,->,223,147,->,223,148,->,223,149,->,223,150,->,223,151,->,223,152,->,223,153,->,223,154,->,223,155,->,223,156,->,223,157,->,223,158,->,223,159,->,223,160,->,223,161,->,223,162,->,223,163,->,223,164,->,223,165,->,223,166,->,223,167,->,223,168,->,223,169,->,223,170,->,223,171,->,223,172,->,223,173,->,223,174,->,223,175,->,223,176,->,223,190,->,223,191,->,223,192,->,223,193,->,223,194,->,223,195,->,223,196,->,223,205,->,223,227,->,223,228,->,223,229,->,223,230,->,223,231,->,223,232,->,223,233,->,223,234,->,223,235,->,223,247,->,223,248,->,223,249,->,223,250,->,223,251,->,223,252,->,223,253,->,223,254,->,223,255,->,223,256,->,223,257,->,223,258,->,223,259,->,223,260,->,223,261,->,223,262,->,223,263,->,223,264,->,223,265,->,223,266,->,223,267,->,223,268,->,223,269,->,223,270,->,223,271,->,223,272,->,223,273,->,223,274,->,223,275,->,223,276,->,223,277,->,223,278,->,223,279,->,223,280,->,223,281,->,223,282,->,223,283,->,223,284,->,223,285,->,223,286,->,223,287,->,223,288,->,223,289,->,223,290,->,223,291,->,223,292,->,223,293,->,223,294,->,223,295,->,223,296,->,223,297,->,223,298,->,223,299,->,223,300,->,223,301,->,223,302,->,223,303,->,224,0,->,224,1,->,224,2,->,224,3,->,224,8,->,224,9,->,224,10,->,224,11,->,224,12,->,224,13,->,224,14,->,224,15,->,224,16,->,224,17,->,224,18,->,224,19,->,224,20,->,224,21,->,224,22,->,224,23,->,224,24,->,224,25,->,224,26,->,224,27,->,224,28,->,224,29,->,224,30,->,224,31,->,224,32,->,224,33,->,224,34,->,224,35,->,224,36,->,224,37,->,224,38,->,224,39,->,224,40,->,224,41,->,224,42,->,224,43,->,224,44,->,224,45,->,224,46,->,224,47,->,224,48,->,224,49,->,224,50,->,224,51,->,224,52,->,224,53,->,224,54,->,224,55,->,224,56,->,224,57,->,224,58,->,224,59,->,224,60,->,224,61,->,224,62,->,224,63,->,224,64,->,224,65,->,224,129,->,224,130,->,224,131,->,224,132,->,224,133,->,224,134,->,224,135,->,224,136,->,224,137,->,224,138,->,224,139,->,224,140,->,224,141,->,224,142,->,224,143,->,224,144,->,224,145,->,224,146,->,224,147,->,224,148,->,224,149,->,224,150,->,224,151,->,224,152,->,224,153,->,224,154,->,224,155,->,224,156,->,224,157,->,224,158,->,224,159,->,224,160,->,224,161,->,224,162,->,224,163,->,224,164,->,224,165,->,224,166,->,224,167,->,224,168,->,224,169,->,224,170,->,224,171,->,224,172,->,224,173,->,224,174,->,224,175,->,224,176,->,224,186,->,224,191,->,224,192,->,224,193,->,224,194,->,224,195,->,224,205,->,224,231,->,224,232,->,224,233,->,224,234,->,224,248,->,224,249,->,224,250,->,224,251,->,224,252,->,224,253,->,224,254,->,224,255,->,224,256,->,224,257,->,224,258,->,224,259,->,224,260,->,224,261,->,224,262,->,224,263,->,224,264,->,224,265,->,224,266,->,224,267,->,224,268,->,224,269,->,224,270,->,224,271,->,224,272,->,224,273,->,224,274,->,224,275,->,224,276,->,224,277,->,224,278,->,224,279,->,224,280,->,224,281,->,224,282,->,224,283,->,224,284,->,224,285,->,224,286,->,224,287,->,224,288,->,224,289,->,224,290,->,224,291,->,224,292,->,224,293,->,224,294,->,224,295,->,224,296,->,224,297,->,224,298,->,224,299,->,224,300,->,224,301,->,224,302,->,224,303,->,225,2,->,225,3,->,225,4,->,225,6,->,225,7,->,225,8,->,225,9,->,225,10,->,225,11,->,225,12,->,225,13,->,225,14,->,225,15,->,225,16,->,225,17,->,225,18,->,225,19,->,225,20,->,225,21,->,225,22,->,225,23,->,225,24,->,225,25,->,225,26,->,225,27,->,225,28,->,225,29,->,225,30,->,225,31,->,225,32,->,225,33,->,225,34,->,225,35,->,225,36,->,225,37,->,225,38,->,225,39,->,225,40,->,225,41,->,225,42,->,225,43,->,225,44,->,225,45,->,225,46,->,225,47,->,225,48,->,225,49,->,225,50,->,225,51,->,225,52,->,225,53,->,225,54,->,225,55,->,225,56,->,225,57,->,225,58,->,225,59,->,225,60,->,225,61,->,225,62,->,225,63,->,225,64,->,225,65,->,225,128,->,225,129,->,225,130,->,225,131,->,225,132,->,225,133,->,225,134,->,225,135,->,225,136,->,225,137,->,225,138,->,225,139,->,225,140,->,225,141,->,225,142,->,225,143,->,225,144,->,225,145,->,225,146,->,225,147,->,225,148,->,225,149,->,225,150,->,225,151,->,225,152,->,225,153,->,225,154,->,225,155,->,225,156,->,225,157,->,225,158,->,225,159,->,225,160,->,225,161,->,225,162,->,225,163,->,225,164,->,225,165,->,225,166,->,225,167,->,225,168,->,225,169,->,225,170,->,225,171,->,225,172,->,225,173,->,225,174,->,225,175,->,225,176,->,225,180,->,225,185,->,225,186,->,225,189,->,225,190,->,225,191,->,225,192,->,225,193,->,225,194,->,225,195,->,225,248,->,225,249,->,225,250,->,225,251,->,225,252,->,225,253,->,225,254,->,225,255,->,225,256,->,225,257,->,225,258,->,225,259,->,225,260,->,225,261,->,225,262,->,225,263,->,225,264,->,225,265,->,225,266,->,225,267,->,225,268,->,225,269,->,225,270,->,225,271,->,225,272,->,225,273,->,225,274,->,225,275,->,225,276,->,225,277,->,225,278,->,225,279,->,225,280,->,225,281,->,225,282,->,225,283,->,225,284,->,225,285,->,225,286,->,225,287,->,225,288,->,225,289,->,225,290,->,225,291,->,225,292,->,225,293,->,225,294,->,225,295,->,225,296,->,225,297,->,225,298,->,225,299,->,225,300,->,225,301,->,225,302,->,225,303,->,226,2,->,226,3,->,226,4,->,226,5,->,226,6,->,226,7,->,226,8,->,226,9,->,226,10,->,226,11,->,226,12,->,226,13,->,226,14,->,226,15,->,226,16,->,226,17,->,226,18,->,226,19,->,226,20,->,226,21,->,226,22,->,226,23,->,226,24,->,226,25,->,226,26,->,226,27,->,226,28,->,226,29,->,226,30,->,226,31,->,226,32,->,226,33,->,226,34,->,226,35,->,226,36,->,226,37,->,226,38,->,226,39,->,226,40,->,226,41,->,226,42,->,226,43,->,226,44,->,226,45,->,226,46,->,226,47,->,226,48,->,226,49,->,226,50,->,226,51,->,226,52,->,226,53,->,226,54,->,226,55,->,226,56,->,226,57,->,226,58,->,226,59,->,226,60,->,226,61,->,226,62,->,226,63,->,226,64,->,226,128,->,226,129,->,226,130,->,226,131,->,226,132,->,226,133,->,226,134,->,226,135,->,226,136,->,226,137,->,226,138,->,226,139,->,226,140,->,226,141,->,226,142,->,226,143,->,226,144,->,226,145,->,226,146,->,226,147,->,226,148,->,226,149,->,226,150,->,226,151,->,226,152,->,226,153,->,226,154,->,226,155,->,226,156,->,226,157,->,226,158,->,226,159,->,226,160,->,226,161,->,226,162,->,226,163,->,226,164,->,226,165,->,226,166,->,226,167,->,226,168,->,226,169,->,226,170,->,226,171,->,226,172,->,226,173,->,226,174,->,226,175,->,226,176,->,226,180,->,226,186,->,226,190,->,226,191,->,226,192,->,226,193,->,226,194,->,226,195,->,226,196,->,226,197,->,226,244,->,226,245,->,226,248,->,226,249,->,226,250,->,226,251,->,226,252,->,226,253,->,226,254,->,226,255,->,226,256,->,226,257,->,226,258,->,226,259,->,226,260,->,226,261,->,226,262,->,226,263,->,226,264,->,226,265,->,226,266,->,226,267,->,226,268,->,226,269,->,226,270,->,226,271,->,226,272,->,226,273,->,226,274,->,226,275,->,226,276,->,226,277,->,226,278,->,226,279,->,226,280,->,226,281,->,226,282,->,226,283,->,226,284,->,226,285,->,226,286,->,226,287,->,226,288,->,226,289,->,226,290,->,226,291,->,226,292,->,226,293,->,226,294,->,226,295,->,226,296,->,226,297,->,226,298,->,226,299,->,226,300,->,226,301,->,226,302,->,226,303,->,227,1,->,227,3,->,227,5,->,227,6,->,227,7,->,227,8,->,227,9,->,227,10,->,227,11,->,227,12,->,227,13,->,227,14,->,227,15,->,227,16,->,227,17,->,227,18,->,227,19,->,227,20,->,227,21,->,227,22,->,227,23,->,227,24,->,227,25,->,227,26,->,227,27,->,227,28,->,227,29,->,227,30,->,227,31,->,227,32,->,227,33,->,227,34,->,227,35,->,227,36,->,227,37,->,227,38,->,227,39,->,227,40,->,227,41,->,227,42,->,227,43,->,227,44,->,227,45,->,227,46,->,227,47,->,227,48,->,227,49,->,227,50,->,227,51,->,227,52,->,227,53,->,227,54,->,227,55,->,227,56,->,227,57,->,227,58,->,227,59,->,227,60,->,227,61,->,227,62,->,227,63,->,227,64,->,227,127,->,227,128,->,227,129,->,227,130,->,227,131,->,227,132,->,227,133,->,227,134,->,227,135,->,227,136,->,227,137,->,227,138,->,227,139,->,227,140,->,227,141,->,227,142,->,227,143,->,227,144,->,227,145,->,227,146,->,227,147,->,227,148,->,227,149,->,227,150,->,227,151,->,227,152,->,227,153,->,227,154,->,227,155,->,227,156,->,227,157,->,227,158,->,227,159,->,227,160,->,227,161,->,227,162,->,227,163,->,227,164,->,227,165,->,227,166,->,227,167,->,227,168,->,227,169,->,227,170,->,227,171,->,227,172,->,227,173,->,227,174,->,227,175,->,227,176,->,227,181,->,227,192,->,227,193,->,227,194,->,227,195,->,227,196,->,227,197,->,227,244,->,227,245,->,227,246,->,227,247,->,227,250,->,227,251,->,227,252,->,227,253,->,227,254,->,227,255,->,227,256,->,227,257,->,227,258,->,227,259,->,227,260,->,227,261,->,227,262,->,227,263,->,227,264,->,227,265,->,227,266,->,227,267,->,227,268,->,227,269,->,227,270,->,227,271,->,227,272,->,227,273,->,227,274,->,227,275,->,227,276,->,227,277,->,227,278,->,227,279,->,227,280,->,227,281,->,227,282,->,227,283,->,227,284,->,227,285,->,227,286,->,227,287,->,227,288,->,227,289,->,227,290,->,227,291,->,227,292,->,227,293,->,227,294,->,227,295,->,227,296,->,227,297,->,227,298,->,227,299,->,227,300,->,227,301,->,227,302,->,227,303,->,228,1,->,228,3,->,228,6,->,228,7,->,228,8,->,228,9,->,228,10,->,228,11,->,228,12,->,228,13,->,228,14,->,228,15,->,228,16,->,228,17,->,228,18,->,228,19,->,228,20,->,228,21,->,228,22,->,228,23,->,228,24,->,228,25,->,228,26,->,228,27,->,228,28,->,228,29,->,228,30,->,228,31,->,228,32,->,228,33,->,228,34,->,228,35,->,228,36,->,228,37,->,228,38,->,228,39,->,228,40,->,228,41,->,228,42,->,228,43,->,228,44,->,228,45,->,228,46,->,228,47,->,228,48,->,228,49,->,228,50,->,228,51,->,228,52,->,228,53,->,228,54,->,228,55,->,228,56,->,228,57,->,228,58,->,228,59,->,228,60,->,228,61,->,228,62,->,228,63,->,228,127,->,228,128,->,228,129,->,228,130,->,228,131,->,228,132,->,228,133,->,228,134,->,228,135,->,228,136,->,228,137,->,228,138,->,228,139,->,228,140,->,228,141,->,228,142,->,228,143,->,228,144,->,228,145,->,228,146,->,228,147,->,228,148,->,228,149,->,228,150,->,228,151,->,228,152,->,228,153,->,228,154,->,228,155,->,228,156,->,228,157,->,228,158,->,228,159,->,228,160,->,228,161,->,228,162,->,228,163,->,228,164,->,228,165,->,228,166,->,228,167,->,228,168,->,228,169,->,228,170,->,228,171,->,228,172,->,228,173,->,228,174,->,228,175,->,228,176,->,228,177,->,228,181,->,228,194,->,228,195,->,228,196,->,228,197,->,228,244,->,228,245,->,228,246,->,228,247,->,228,251,->,228,252,->,228,253,->,228,254,->,228,255,->,228,256,->,228,257,->,228,258,->,228,259,->,228,260,->,228,261,->,228,262,->,228,263,->,228,264,->,228,265,->,228,266,->,228,267,->,228,268,->,228,269,->,228,270,->,228,271,->,228,272,->,228,273,->,228,274,->,228,275,->,228,276,->,228,277,->,228,278,->,228,279,->,228,280,->,228,281,->,228,282,->,228,283,->,228,284,->,228,285,->,228,286,->,228,287,->,228,288,->,228,289,->,228,290,->,228,291,->,228,292,->,228,293,->,228,294,->,228,295,->,228,296,->,228,297,->,228,298,->,228,299,->,228,300,->,228,301,->,228,302,->,228,303,->,229,0,->,229,1,->,229,2,->,229,4,->,229,5,->,229,6,->,229,7,->,229,8,->,229,9,->,229,10,->,229,11,->,229,12,->,229,13,->,229,14,->,229,15,->,229,16,->,229,17,->,229,18,->,229,19,->,229,20,->,229,21,->,229,22,->,229,23,->,229,24,->,229,25,->,229,26,->,229,27,->,229,28,->,229,29,->,229,30,->,229,31,->,229,32,->,229,33,->,229,34,->,229,35,->,229,36,->,229,37,->,229,38,->,229,39,->,229,40,->,229,41,->,229,42,->,229,43,->,229,44,->,229,45,->,229,46,->,229,47,->,229,48,->,229,49,->,229,50,->,229,51,->,229,52,->,229,53,->,229,54,->,229,55,->,229,56,->,229,57,->,229,58,->,229,59,->,229,60,->,229,61,->,229,62,->,229,63,->,229,107,->,229,127,->,229,128,->,229,129,->,229,130,->,229,131,->,229,132,->,229,133,->,229,134,->,229,135,->,229,136,->,229,137,->,229,138,->,229,139,->,229,140,->,229,141,->,229,142,->,229,143,->,229,144,->,229,145,->,229,146,->,229,147,->,229,148,->,229,149,->,229,150,->,229,151,->,229,152,->,229,153,->,229,154,->,229,155,->,229,156,->,229,157,->,229,158,->,229,159,->,229,160,->,229,161,->,229,162,->,229,163,->,229,164,->,229,165,->,229,166,->,229,167,->,229,168,->,229,169,->,229,170,->,229,171,->,229,172,->,229,173,->,229,174,->,229,175,->,229,176,->,229,177,->,229,181,->,229,194,->,229,195,->,229,196,->,229,197,->,229,252,->,229,253,->,229,254,->,229,255,->,229,256,->,229,257,->,229,258,->,229,259,->,229,260,->,229,261,->,229,262,->,229,263,->,229,264,->,229,265,->,229,266,->,229,267,->,229,268,->,229,269,->,229,270,->,229,271,->,229,272,->,229,273,->,229,274,->,229,275,->,229,276,->,229,277,->,229,278,->,229,279,->,229,280,->,229,281,->,229,282,->,229,283,->,229,284,->,229,285,->,229,286,->,229,287,->,229,288,->,229,289,->,229,290,->,229,291,->,229,292,->,229,293,->,229,294,->,229,295,->,229,296,->,229,297,->,229,298,->,229,299,->,229,300,->,229,301,->,229,302,->,229,303,->,230,0,->,230,1,->,230,2,->,230,3,->,230,4,->,230,5,->,230,6,->,230,7,->,230,8,->,230,9,->,230,10,->,230,11,->,230,12,->,230,13,->,230,14,->,230,15,->,230,16,->,230,17,->,230,18,->,230,19,->,230,20,->,230,21,->,230,22,->,230,23,->,230,24,->,230,25,->,230,26,->,230,27,->,230,28,->,230,29,->,230,30,->,230,31,->,230,32,->,230,33,->,230,34,->,230,35,->,230,36,->,230,37,->,230,38,->,230,39,->,230,40,->,230,41,->,230,42,->,230,43,->,230,44,->,230,45,->,230,46,->,230,47,->,230,48,->,230,49,->,230,50,->,230,51,->,230,52,->,230,53,->,230,54,->,230,55,->,230,56,->,230,57,->,230,58,->,230,59,->,230,60,->,230,61,->,230,62,->,230,63,->,230,64,->,230,126,->,230,127,->,230,128,->,230,129,->,230,130,->,230,131,->,230,132,->,230,133,->,230,134,->,230,135,->,230,136,->,230,137,->,230,138,->,230,139,->,230,140,->,230,141,->,230,142,->,230,143,->,230,144,->,230,145,->,230,146,->,230,147,->,230,148,->,230,149,->,230,150,->,230,151,->,230,152,->,230,153,->,230,154,->,230,155,->,230,156,->,230,157,->,230,158,->,230,159,->,230,160,->,230,161,->,230,162,->,230,163,->,230,164,->,230,165,->,230,166,->,230,167,->,230,168,->,230,169,->,230,170,->,230,171,->,230,172,->,230,173,->,230,174,->,230,175,->,230,176,->,230,177,->,230,193,->,230,194,->,230,195,->,230,196,->,230,197,->,230,198,->,230,252,->,230,253,->,230,254,->,230,255,->,230,256,->,230,257,->,230,258,->,230,259,->,230,260,->,230,261,->,230,262,->,230,263,->,230,264,->,230,265,->,230,266,->,230,267,->,230,268,->,230,269,->,230,270,->,230,271,->,230,272,->,230,273,->,230,274,->,230,275,->,230,276,->,230,277,->,230,278,->,230,279,->,230,280,->,230,281,->,230,282,->,230,283,->,230,284,->,230,285,->,230,286,->,230,287,->,230,288,->,230,289,->,230,290,->,230,291,->,230,292,->,230,293,->,230,294,->,230,295,->,230,296,->,230,297,->,230,298,->,230,299,->,230,300,->,230,301,->,230,302,->,230,303,->,231,1,->,231,2,->,231,3,->,231,4,->,231,5,->,231,6,->,231,7,->,231,8,->,231,9,->,231,10,->,231,11,->,231,12,->,231,13,->,231,14,->,231,15,->,231,16,->,231,17,->,231,18,->,231,19,->,231,20,->,231,21,->,231,22,->,231,23,->,231,24,->,231,25,->,231,26,->,231,27,->,231,28,->,231,29,->,231,30,->,231,31,->,231,32,->,231,33,->,231,34,->,231,35,->,231,36,->,231,37,->,231,38,->,231,39,->,231,40,->,231,41,->,231,42,->,231,43,->,231,44,->,231,45,->,231,46,->,231,47,->,231,48,->,231,49,->,231,50,->,231,51,->,231,52,->,231,53,->,231,54,->,231,55,->,231,56,->,231,57,->,231,58,->,231,59,->,231,60,->,231,61,->,231,62,->,231,63,->,231,64,->,231,79,->,231,122,->,231,126,->,231,127,->,231,128,->,231,129,->,231,130,->,231,131,->,231,132,->,231,133,->,231,134,->,231,135,->,231,136,->,231,137,->,231,138,->,231,139,->,231,140,->,231,141,->,231,142,->,231,143,->,231,144,->,231,145,->,231,146,->,231,147,->,231,148,->,231,149,->,231,150,->,231,151,->,231,152,->,231,153,->,231,154,->,231,155,->,231,156,->,231,157,->,231,158,->,231,159,->,231,160,->,231,161,->,231,162,->,231,163,->,231,164,->,231,165,->,231,166,->,231,167,->,231,168,->,231,169,->,231,170,->,231,171,->,231,172,->,231,173,->,231,174,->,231,175,->,231,176,->,231,177,->,231,194,->,231,195,->,231,196,->,231,197,->,231,198,->,231,199,->,231,249,->,231,250,->,231,253,->,231,254,->,231,255,->,231,256,->,231,257,->,231,258,->,231,259,->,231,260,->,231,261,->,231,262,->,231,263,->,231,264,->,231,265,->,231,266,->,231,267,->,231,268,->,231,269,->,231,270,->,231,271,->,231,272,->,231,273,->,231,274,->,231,275,->,231,276,->,231,277,->,231,278,->,231,279,->,231,280,->,231,281,->,231,282,->,231,283,->,231,284,->,231,285,->,231,286,->,231,287,->,231,288,->,231,289,->,231,290,->,231,291,->,231,292,->,231,293,->,231,294,->,231,295,->,231,296,->,231,297,->,231,298,->,231,299,->,231,300,->,231,301,->,231,302,->,231,303,->,232,0,->,232,1,->,232,2,->,232,3,->,232,4,->,232,5,->,232,6,->,232,7,->,232,8,->,232,9,->,232,10,->,232,11,->,232,12,->,232,13,->,232,14,->,232,15,->,232,16,->,232,17,->,232,18,->,232,19,->,232,20,->,232,21,->,232,22,->,232,23,->,232,24,->,232,25,->,232,26,->,232,27,->,232,28,->,232,29,->,232,30,->,232,31,->,232,32,->,232,33,->,232,34,->,232,35,->,232,36,->,232,37,->,232,38,->,232,39,->,232,40,->,232,41,->,232,42,->,232,43,->,232,44,->,232,45,->,232,46,->,232,47,->,232,48,->,232,49,->,232,50,->,232,51,->,232,52,->,232,53,->,232,54,->,232,55,->,232,56,->,232,57,->,232,58,->,232,59,->,232,60,->,232,61,->,232,62,->,232,63,->,232,64,->,232,79,->,232,110,->,232,119,->,232,126,->,232,127,->,232,128,->,232,129,->,232,130,->,232,131,->,232,132,->,232,133,->,232,134,->,232,135,->,232,136,->,232,137,->,232,138,->,232,139,->,232,140,->,232,141,->,232,142,->,232,143,->,232,144,->,232,145,->,232,146,->,232,147,->,232,148,->,232,149,->,232,150,->,232,151,->,232,152,->,232,153,->,232,154,->,232,155,->,232,156,->,232,157,->,232,158,->,232,159,->,232,160,->,232,161,->,232,162,->,232,163,->,232,164,->,232,165,->,232,166,->,232,167,->,232,168,->,232,169,->,232,170,->,232,171,->,232,172,->,232,173,->,232,174,->,232,175,->,232,176,->,232,177,->,232,194,->,232,195,->,232,196,->,232,197,->,232,198,->,232,199,->,232,248,->,232,249,->,232,250,->,232,251,->,232,252,->,232,253,->,232,254,->,232,255,->,232,256,->,232,257,->,232,258,->,232,259,->,232,260,->,232,261,->,232,262,->,232,263,->,232,264,->,232,265,->,232,266,->,232,267,->,232,268,->,232,269,->,232,270,->,232,271,->,232,272,->,232,273,->,232,274,->,232,275,->,232,276,->,232,277,->,232,278,->,232,279,->,232,280,->,232,281,->,232,282,->,232,283,->,232,284,->,232,285,->,232,286,->,232,287,->,232,288,->,232,289,->,232,290,->,232,291,->,232,292,->,232,293,->,232,294,->,232,295,->,232,296,->,232,297,->,232,298,->,232,299,->,232,300,->,232,301,->,232,302,->,232,303,->,233,0,->,233,1,->,233,2,->,233,3,->,233,4,->,233,5,->,233,6,->,233,7,->,233,8,->,233,9,->,233,10,->,233,11,->,233,12,->,233,13,->,233,14,->,233,15,->,233,16,->,233,17,->,233,18,->,233,19,->,233,20,->,233,21,->,233,22,->,233,23,->,233,24,->,233,25,->,233,26,->,233,27,->,233,28,->,233,29,->,233,30,->,233,31,->,233,32,->,233,33,->,233,34,->,233,35,->,233,36,->,233,37,->,233,38,->,233,39,->,233,40,->,233,41,->,233,42,->,233,43,->,233,44,->,233,45,->,233,46,->,233,47,->,233,48,->,233,49,->,233,50,->,233,51,->,233,52,->,233,53,->,233,54,->,233,55,->,233,56,->,233,57,->,233,58,->,233,59,->,233,60,->,233,61,->,233,62,->,233,63,->,233,64,->,233,126,->,233,127,->,233,128,->,233,129,->,233,130,->,233,131,->,233,132,->,233,133,->,233,134,->,233,135,->,233,136,->,233,137,->,233,138,->,233,139,->,233,140,->,233,141,->,233,142,->,233,143,->,233,144,->,233,145,->,233,146,->,233,147,->,233,148,->,233,149,->,233,150,->,233,151,->,233,152,->,233,153,->,233,154,->,233,155,->,233,156,->,233,157,->,233,158,->,233,159,->,233,160,->,233,161,->,233,162,->,233,163,->,233,164,->,233,165,->,233,166,->,233,167,->,233,168,->,233,169,->,233,170,->,233,171,->,233,172,->,233,173,->,233,174,->,233,175,->,233,176,->,233,177,->,233,194,->,233,195,->,233,196,->,233,197,->,233,198,->,233,199,->,233,200,->,233,248,->,233,249,->,233,250,->,233,251,->,233,252,->,233,253,->,233,254,->,233,255,->,233,256,->,233,257,->,233,258,->,233,259,->,233,260,->,233,261,->,233,262,->,233,263,->,233,264,->,233,265,->,233,266,->,233,267,->,233,268,->,233,269,->,233,270,->,233,271,->,233,272,->,233,273,->,233,274,->,233,275,->,233,276,->,233,277,->,233,278,->,233,279,->,233,280,->,233,281,->,233,282,->,233,283,->,233,284,->,233,285,->,233,286,->,233,287,->,233,288,->,233,289,->,233,290,->,233,291,->,233,292,->,233,293,->,233,294,->,233,295,->,233,296,->,233,297,->,233,298,->,233,299,->,233,300,->,233,301,->,233,302,->,233,303,->,234,0,->,234,1,->,234,2,->,234,3,->,234,4,->,234,5,->,234,6,->,234,7,->,234,8,->,234,9,->,234,10,->,234,11,->,234,12,->,234,13,->,234,14,->,234,15,->,234,16,->,234,17,->,234,18,->,234,19,->,234,20,->,234,21,->,234,22,->,234,23,->,234,24,->,234,25,->,234,26,->,234,27,->,234,28,->,234,29,->,234,30,->,234,31,->,234,32,->,234,33,->,234,34,->,234,35,->,234,36,->,234,37,->,234,38,->,234,39,->,234,40,->,234,41,->,234,42,->,234,43,->,234,44,->,234,45,->,234,46,->,234,47,->,234,48,->,234,49,->,234,50,->,234,51,->,234,52,->,234,53,->,234,54,->,234,55,->,234,56,->,234,57,->,234,58,->,234,59,->,234,60,->,234,61,->,234,62,->,234,63,->,234,64,->,234,65,->,234,126,->,234,127,->,234,128,->,234,129,->,234,130,->,234,131,->,234,132,->,234,133,->,234,134,->,234,135,->,234,136,->,234,137,->,234,138,->,234,139,->,234,140,->,234,141,->,234,142,->,234,143,->,234,144,->,234,145,->,234,146,->,234,147,->,234,148,->,234,149,->,234,150,->,234,151,->,234,152,->,234,153,->,234,154,->,234,155,->,234,156,->,234,157,->,234,158,->,234,159,->,234,160,->,234,161,->,234,162,->,234,163,->,234,164,->,234,165,->,234,166,->,234,167,->,234,168,->,234,169,->,234,170,->,234,171,->,234,172,->,234,173,->,234,174,->,234,175,->,234,176,->,234,177,->,234,194,->,234,197,->,234,198,->,234,199,->,234,200,->,234,248,->,234,249,->,234,250,->,234,251,->,234,252,->,234,253,->,234,254,->,234,255,->,234,256,->,234,257,->,234,258,->,234,259,->,234,260,->,234,261,->,234,262,->,234,263,->,234,264,->,234,265,->,234,266,->,234,267,->,234,268,->,234,269,->,234,270,->,234,271,->,234,272,->,234,273,->,234,274,->,234,275,->,234,276,->,234,277,->,234,278,->,234,279,->,234,280,->,234,281,->,234,282,->,234,283,->,234,284,->,234,285,->,234,286,->,234,287,->,234,288,->,234,289,->,234,290,->,234,291,->,234,292,->,234,293,->,234,294,->,234,295,->,234,296,->,234,297,->,234,298,->,234,299,->,234,300,->,234,301,->,234,302,->,234,303,->,235,0,->,235,1,->,235,2,->,235,3,->,235,4,->,235,5,->,235,6,->,235,7,->,235,8,->,235,9,->,235,10,->,235,11,->,235,12,->,235,13,->,235,14,->,235,15,->,235,16,->,235,17,->,235,18,->,235,19,->,235,20,->,235,21,->,235,22,->,235,23,->,235,24,->,235,25,->,235,26,->,235,27,->,235,28,->,235,29,->,235,30,->,235,31,->,235,32,->,235,33,->,235,34,->,235,35,->,235,36,->,235,37,->,235,38,->,235,39,->,235,40,->,235,41,->,235,42,->,235,43,->,235,44,->,235,45,->,235,46,->,235,47,->,235,48,->,235,49,->,235,50,->,235,51,->,235,52,->,235,53,->,235,54,->,235,55,->,235,56,->,235,57,->,235,58,->,235,59,->,235,60,->,235,61,->,235,62,->,235,63,->,235,64,->,235,65,->,235,126,->,235,127,->,235,128,->,235,129,->,235,130,->,235,131,->,235,132,->,235,133,->,235,134,->,235,135,->,235,136,->,235,137,->,235,138,->,235,139,->,235,140,->,235,141,->,235,142,->,235,143,->,235,144,->,235,145,->,235,146,->,235,147,->,235,148,->,235,149,->,235,150,->,235,151,->,235,152,->,235,153,->,235,154,->,235,155,->,235,156,->,235,157,->,235,158,->,235,159,->,235,160,->,235,161,->,235,162,->,235,163,->,235,164,->,235,165,->,235,166,->,235,167,->,235,168,->,235,169,->,235,170,->,235,171,->,235,172,->,235,173,->,235,174,->,235,175,->,235,176,->,235,177,->,235,199,->,235,200,->,235,248,->,235,249,->,235,250,->,235,251,->,235,252,->,235,253,->,235,254,->,235,255,->,235,256,->,235,257,->,235,258,->,235,259,->,235,260,->,235,261,->,235,262,->,235,263,->,235,264,->,235,265,->,235,266,->,235,267,->,235,268,->,235,269,->,235,270,->,235,271,->,235,272,->,235,273,->,235,274,->,235,275,->,235,276,->,235,277,->,235,278,->,235,279,->,235,280,->,235,281,->,235,282,->,235,283,->,235,284,->,235,285,->,235,286,->,235,287,->,235,288,->,235,289,->,235,290,->,235,291,->,235,292,->,235,293,->,235,294,->,235,295,->,235,296,->,235,297,->,235,298,->,235,299,->,235,300,->,235,301,->,235,302,->,235,303,->,236,0,->,236,1,->,236,2,->,236,3,->,236,4,->,236,5,->,236,6,->,236,7,->,236,8,->,236,9,->,236,10,->,236,11,->,236,12,->,236,13,->,236,14,->,236,15,->,236,16,->,236,17,->,236,18,->,236,19,->,236,20,->,236,21,->,236,22,->,236,23,->,236,24,->,236,25,->,236,26,->,236,27,->,236,28,->,236,29,->,236,30,->,236,31,->,236,32,->,236,33,->,236,34,->,236,35,->,236,36,->,236,37,->,236,38,->,236,39,->,236,40,->,236,41,->,236,42,->,236,43,->,236,44,->,236,45,->,236,46,->,236,47,->,236,48,->,236,49,->,236,50,->,236,51,->,236,52,->,236,53,->,236,54,->,236,55,->,236,56,->,236,57,->,236,58,->,236,59,->,236,60,->,236,61,->,236,62,->,236,63,->,236,64,->,236,85,->,236,126,->,236,127,->,236,128,->,236,129,->,236,130,->,236,131,->,236,132,->,236,133,->,236,134,->,236,135,->,236,136,->,236,137,->,236,138,->,236,139,->,236,140,->,236,141,->,236,142,->,236,143,->,236,144,->,236,145,->,236,146,->,236,147,->,236,148,->,236,149,->,236,150,->,236,151,->,236,152,->,236,153,->,236,154,->,236,155,->,236,156,->,236,157,->,236,158,->,236,159,->,236,160,->,236,161,->,236,162,->,236,163,->,236,164,->,236,165,->,236,166,->,236,167,->,236,168,->,236,169,->,236,170,->,236,171,->,236,172,->,236,173,->,236,174,->,236,175,->,236,176,->,236,177,->,236,246,->,236,247,->,236,248,->,236,249,->,236,250,->,236,251,->,236,252,->,236,253,->,236,254,->,236,255,->,236,256,->,236,257,->,236,258,->,236,259,->,236,260,->,236,261,->,236,262,->,236,263,->,236,264,->,236,265,->,236,266,->,236,267,->,236,268,->,236,269,->,236,270,->,236,271,->,236,272,->,236,273,->,236,274,->,236,275,->,236,276,->,236,277,->,236,278,->,236,279,->,236,280,->,236,281,->,236,282,->,236,283,->,236,284,->,236,285,->,236,286,->,236,287,->,236,288,->,236,289,->,236,290,->,236,291,->,236,292,->,236,293,->,236,294,->,236,295,->,236,296,->,236,297,->,236,298,->,236,299,->,236,300,->,236,301,->,236,302,->,236,303,->,237,0,->,237,1,->,237,2,->,237,3,->,237,4,->,237,5,->,237,6,->,237,7,->,237,8,->,237,9,->,237,10,->,237,11,->,237,12,->,237,13,->,237,14,->,237,15,->,237,16,->,237,17,->,237,18,->,237,19,->,237,20,->,237,21,->,237,22,->,237,23,->,237,24,->,237,25,->,237,26,->,237,27,->,237,28,->,237,29,->,237,30,->,237,31,->,237,32,->,237,33,->,237,34,->,237,35,->,237,36,->,237,37,->,237,38,->,237,39,->,237,40,->,237,41,->,237,42,->,237,43,->,237,44,->,237,45,->,237,46,->,237,47,->,237,48,->,237,49,->,237,50,->,237,51,->,237,52,->,237,53,->,237,54,->,237,55,->,237,56,->,237,57,->,237,58,->,237,59,->,237,60,->,237,61,->,237,62,->,237,63,->,237,64,->,237,65,->,237,84,->,237,88,->,237,126,->,237,127,->,237,128,->,237,129,->,237,130,->,237,131,->,237,132,->,237,133,->,237,134,->,237,135,->,237,136,->,237,137,->,237,138,->,237,139,->,237,140,->,237,141,->,237,142,->,237,143,->,237,144,->,237,145,->,237,146,->,237,147,->,237,148,->,237,149,->,237,150,->,237,151,->,237,152,->,237,153,->,237,154,->,237,155,->,237,156,->,237,157,->,237,158,->,237,159,->,237,160,->,237,161,->,237,162,->,237,163,->,237,164,->,237,165,->,237,166,->,237,167,->,237,168,->,237,169,->,237,170,->,237,171,->,237,172,->,237,173,->,237,174,->,237,175,->,237,176,->,237,177,->,237,246,->,237,247,->,237,248,->,237,249,->,237,250,->,237,256,->,237,257,->,237,258,->,237,259,->,237,260,->,237,261,->,237,262,->,237,263,->,237,264,->,237,265,->,237,266,->,237,267,->,237,268,->,237,269,->,237,270,->,237,271,->,237,272,->,237,273,->,237,274,->,237,275,->,237,276,->,237,277,->,237,278,->,237,279,->,237,280,->,237,281,->,237,282,->,237,283,->,237,284,->,237,285,->,237,286,->,237,287,->,237,288,->,237,289,->,237,290,->,237,291,->,237,292,->,237,293,->,237,294,->,237,295,->,237,296,->,237,297,->,237,298,->,237,299,->,237,300,->,237,301,->,237,302,->,237,303,->,238,0,->,238,1,->,238,2,->,238,3,->,238,4,->,238,5,->,238,6,->,238,7,->,238,8,->,238,9,->,238,10,->,238,11,->,238,12,->,238,13,->,238,14,->,238,15,->,238,16,->,238,17,->,238,18,->,238,19,->,238,20,->,238,21,->,238,22,->,238,23,->,238,24,->,238,25,->,238,26,->,238,27,->,238,28,->,238,29,->,238,30,->,238,31,->,238,32,->,238,33,->,238,34,->,238,35,->,238,36,->,238,37,->,238,38,->,238,39,->,238,40,->,238,41,->,238,42,->,238,43,->,238,44,->,238,45,->,238,46,->,238,47,->,238,48,->,238,49,->,238,50,->,238,51,->,238,52,->,238,53,->,238,54,->,238,55,->,238,56,->,238,57,->,238,58,->,238,59,->,238,60,->,238,61,->,238,62,->,238,63,->,238,64,->,238,65,->,238,126,->,238,127,->,238,128,->,238,129,->,238,130,->,238,131,->,238,132,->,238,133,->,238,134,->,238,135,->,238,136,->,238,137,->,238,138,->,238,139,->,238,140,->,238,141,->,238,142,->,238,143,->,238,144,->,238,145,->,238,146,->,238,147,->,238,148,->,238,149,->,238,150,->,238,151,->,238,152,->,238,153,->,238,154,->,238,155,->,238,156,->,238,157,->,238,158,->,238,159,->,238,160,->,238,161,->,238,162,->,238,163,->,238,164,->,238,165,->,238,166,->,238,167,->,238,168,->,238,169,->,238,170,->,238,171,->,238,172,->,238,173,->,238,174,->,238,175,->,238,176,->,238,177,->,238,247,->,238,250,->,238,257,->,238,258,->,238,259,->,238,260,->,238,261,->,238,262,->,238,263,->,238,264,->,238,265,->,238,266,->,238,267,->,238,268,->,238,269,->,238,270,->,238,271,->,238,272,->,238,273,->,238,274,->,238,275,->,238,276,->,238,277,->,238,278,->,238,279,->,238,280,->,238,281,->,238,282,->,238,283,->,238,284,->,238,285,->,238,286,->,238,287,->,238,288,->,238,289,->,238,290,->,238,291,->,238,292,->,238,293,->,238,294,->,238,295,->,238,296,->,238,297,->,238,298,->,238,299,->,238,300,->,238,301,->,238,302,->,238,303,->,239,0,->,239,1,->,239,2,->,239,3,->,239,4,->,239,5,->,239,6,->,239,7,->,239,8,->,239,9,->,239,10,->,239,11,->,239,12,->,239,13,->,239,14,->,239,15,->,239,16,->,239,17,->,239,18,->,239,19,->,239,20,->,239,21,->,239,22,->,239,23,->,239,24,->,239,25,->,239,26,->,239,27,->,239,28,->,239,29,->,239,30,->,239,31,->,239,32,->,239,33,->,239,34,->,239,35,->,239,36,->,239,37,->,239,38,->,239,39,->,239,40,->,239,41,->,239,42,->,239,43,->,239,44,->,239,45,->,239,46,->,239,47,->,239,48,->,239,49,->,239,50,->,239,51,->,239,52,->,239,53,->,239,54,->,239,55,->,239,56,->,239,57,->,239,58,->,239,59,->,239,60,->,239,61,->,239,62,->,239,63,->,239,64,->,239,65,->,239,66,->,239,126,->,239,127,->,239,128,->,239,129,->,239,130,->,239,131,->,239,132,->,239,133,->,239,134,->,239,135,->,239,136,->,239,137,->,239,138,->,239,139,->,239,140,->,239,141,->,239,142,->,239,143,->,239,144,->,239,145,->,239,146,->,239,147,->,239,148,->,239,149,->,239,150,->,239,151,->,239,152,->,239,153,->,239,154,->,239,155,->,239,156,->,239,157,->,239,158,->,239,159,->,239,160,->,239,161,->,239,162,->,239,163,->,239,164,->,239,165,->,239,166,->,239,167,->,239,168,->,239,169,->,239,170,->,239,171,->,239,172,->,239,173,->,239,174,->,239,175,->,239,176,->,239,180,->,239,183,->,239,184,->,239,256,->,239,257,->,239,258,->,239,259,->,239,260,->,239,261,->,239,262,->,239,263,->,239,264,->,239,265,->,239,266,->,239,267,->,239,268,->,239,269,->,239,270,->,239,271,->,239,272,->,239,273,->,239,274,->,239,275,->,239,276,->,239,277,->,239,278,->,239,279,->,239,280,->,239,281,->,239,282,->,239,283,->,239,284,->,239,285,->,239,286,->,239,287,->,239,288,->,239,289,->,239,290,->,239,291,->,239,292,->,239,293,->,239,294,->,239,295,->,239,296,->,239,297,->,239,298,->,239,299,->,239,300,->,239,301,->,239,302,->,239,303,->,240,0,->,240,1,->,240,2,->,240,3,->,240,4,->,240,5,->,240,6,->,240,7,->,240,8,->,240,9,->,240,10,->,240,11,->,240,12,->,240,13,->,240,14,->,240,15,->,240,16,->,240,17,->,240,18,->,240,19,->,240,20,->,240,21,->,240,22,->,240,23,->,240,24,->,240,25,->,240,26,->,240,27,->,240,28,->,240,29,->,240,30,->,240,31,->,240,32,->,240,33,->,240,34,->,240,35,->,240,36,->,240,37,->,240,38,->,240,39,->,240,40,->,240,41,->,240,42,->,240,43,->,240,44,->,240,45,->,240,46,->,240,47,->,240,48,->,240,49,->,240,50,->,240,51,->,240,52,->,240,53,->,240,54,->,240,55,->,240,56,->,240,57,->,240,58,->,240,59,->,240,60,->,240,61,->,240,62,->,240,63,->,240,64,->,240,65,->,240,66,->,240,67,->,240,127,->,240,128,->,240,129,->,240,130,->,240,131,->,240,132,->,240,133,->,240,134,->,240,135,->,240,136,->,240,137,->,240,138,->,240,139,->,240,140,->,240,141,->,240,142,->,240,143,->,240,144,->,240,145,->,240,146,->,240,147,->,240,148,->,240,149,->,240,150,->,240,151,->,240,152,->,240,153,->,240,154,->,240,155,->,240,156,->,240,157,->,240,158,->,240,159,->,240,160,->,240,161,->,240,162,->,240,163,->,240,164,->,240,165,->,240,166,->,240,167,->,240,168,->,240,169,->,240,170,->,240,171,->,240,172,->,240,173,->,240,174,->,240,175,->,240,176,->,240,183,->,240,184,->,240,251,->,240,252,->,240,253,->,240,254,->,240,255,->,240,256,->,240,257,->,240,258,->,240,259,->,240,260,->,240,261,->,240,262,->,240,263,->,240,264,->,240,265,->,240,266,->,240,267,->,240,268,->,240,269,->,240,270,->,240,271,->,240,272,->,240,273,->,240,274,->,240,275,->,240,276,->,240,277,->,240,278,->,240,279,->,240,280,->,240,281,->,240,282,->,240,283,->,240,284,->,240,285,->,240,286,->,240,287,->,240,288,->,240,289,->,240,290,->,240,291,->,240,292,->,240,293,->,240,294,->,240,295,->,240,296,->,240,297,->,240,298,->,240,299,->,240,300,->,240,301,->,240,302,->,240,303,->,241,0,->,241,1,->,241,2,->,241,3,->,241,4,->,241,5,->,241,6,->,241,7,->,241,8,->,241,9,->,241,10,->,241,11,->,241,12,->,241,13,->,241,14,->,241,15,->,241,16,->,241,17,->,241,18,->,241,19,->,241,20,->,241,21,->,241,22,->,241,23,->,241,24,->,241,25,->,241,26,->,241,27,->,241,28,->,241,29,->,241,30,->,241,31,->,241,32,->,241,33,->,241,34,->,241,35,->,241,36,->,241,37,->,241,38,->,241,39,->,241,40,->,241,41,->,241,42,->,241,43,->,241,44,->,241,45,->,241,46,->,241,47,->,241,48,->,241,49,->,241,50,->,241,51,->,241,52,->,241,53,->,241,54,->,241,55,->,241,56,->,241,57,->,241,58,->,241,59,->,241,60,->,241,61,->,241,62,->,241,63,->,241,64,->,241,65,->,241,66,->,241,67,->,241,87,->,241,95,->,241,100,->,241,101,->,241,127,->,241,128,->,241,129,->,241,130,->,241,131,->,241,132,->,241,133,->,241,134,->,241,135,->,241,136,->,241,137,->,241,138,->,241,139,->,241,140,->,241,141,->,241,142,->,241,143,->,241,144,->,241,145,->,241,146,->,241,147,->,241,148,->,241,149,->,241,150,->,241,151,->,241,152,->,241,153,->,241,154,->,241,155,->,241,156,->,241,157,->,241,158,->,241,159,->,241,160,->,241,161,->,241,162,->,241,163,->,241,164,->,241,165,->,241,166,->,241,167,->,241,168,->,241,169,->,241,170,->,241,171,->,241,172,->,241,173,->,241,174,->,241,175,->,241,176,->,241,183,->,241,184,->,241,250,->,241,251,->,241,252,->,241,253,->,241,254,->,241,255,->,241,256,->,241,257,->,241,258,->,241,259,->,241,260,->,241,261,->,241,262,->,241,263,->,241,264,->,241,265,->,241,266,->,241,267,->,241,268,->,241,269,->,241,270,->,241,271,->,241,272,->,241,273,->,241,274,->,241,275,->,241,276,->,241,277,->,241,278,->,241,279,->,241,280,->,241,281,->,241,282,->,241,283,->,241,284,->,241,285,->,241,286,->,241,287,->,241,288,->,241,289,->,241,290,->,241,291,->,241,292,->,241,293,->,241,294,->,241,295,->,241,296,->,241,297,->,241,298,->,241,299,->,241,300,->,241,301,->,241,302,->,241,303,->,242,0,->,242,1,->,242,2,->,242,3,->,242,4,->,242,5,->,242,6,->,242,7,->,242,8,->,242,9,->,242,10,->,242,11,->,242,12,->,242,13,->,242,14,->,242,15,->,242,16,->,242,17,->,242,18,->,242,19,->,242,20,->,242,21,->,242,22,->,242,23,->,242,24,->,242,25,->,242,26,->,242,27,->,242,28,->,242,29,->,242,30,->,242,31,->,242,32,->,242,33,->,242,34,->,242,35,->,242,36,->,242,37,->,242,38,->,242,39,->,242,40,->,242,41,->,242,42,->,242,43,->,242,44,->,242,45,->,242,46,->,242,47,->,242,48,->,242,49,->,242,50,->,242,51,->,242,52,->,242,53,->,242,54,->,242,55,->,242,56,->,242,57,->,242,58,->,242,59,->,242,60,->,242,61,->,242,62,->,242,63,->,242,64,->,242,65,->,242,66,->,242,67,->,242,68,->,242,93,->,242,101,->,242,102,->,242,103,->,242,104,->,242,127,->,242,128,->,242,129,->,242,130,->,242,131,->,242,132,->,242,133,->,242,134,->,242,135,->,242,136,->,242,137,->,242,138,->,242,139,->,242,140,->,242,141,->,242,142,->,242,143,->,242,144,->,242,145,->,242,146,->,242,147,->,242,148,->,242,149,->,242,150,->,242,151,->,242,152,->,242,153,->,242,154,->,242,155,->,242,156,->,242,157,->,242,158,->,242,159,->,242,160,->,242,161,->,242,162,->,242,163,->,242,164,->,242,165,->,242,166,->,242,167,->,242,168,->,242,169,->,242,170,->,242,171,->,242,172,->,242,173,->,242,174,->,242,175,->,242,182,->,242,183,->,242,184,->,242,248,->,242,249,->,242,250,->,242,251,->,242,252,->,242,253,->,242,254,->,242,255,->,242,256,->,242,257,->,242,258,->,242,259,->,242,260,->,242,261,->,242,262,->,242,263,->,242,264,->,242,265,->,242,266,->,242,267,->,242,268,->,242,269,->,242,270,->,242,271,->,242,272,->,242,273,->,242,274,->,242,275,->,242,276,->,242,277,->,242,278,->,242,279,->,242,280,->,242,281,->,242,282,->,242,283,->,242,284,->,242,285,->,242,286,->,242,287,->,242,288,->,242,289,->,242,290,->,242,291,->,242,292,->,242,293,->,242,294,->,242,295,->,242,296,->,242,297,->,242,298,->,242,299,->,242,300,->,242,301,->,242,302,->,242,303,->,243,0,->,243,1,->,243,2,->,243,3,->,243,4,->,243,5,->,243,6,->,243,7,->,243,8,->,243,9,->,243,10,->,243,11,->,243,12,->,243,13,->,243,14,->,243,15,->,243,16,->,243,17,->,243,18,->,243,19,->,243,20,->,243,21,->,243,22,->,243,23,->,243,24,->,243,25,->,243,26,->,243,27,->,243,28,->,243,29,->,243,30,->,243,31,->,243,32,->,243,33,->,243,34,->,243,35,->,243,36,->,243,37,->,243,38,->,243,39,->,243,40,->,243,41,->,243,42,->,243,43,->,243,44,->,243,45,->,243,46,->,243,47,->,243,48,->,243,49,->,243,50,->,243,51,->,243,52,->,243,53,->,243,54,->,243,55,->,243,56,->,243,57,->,243,58,->,243,59,->,243,60,->,243,61,->,243,62,->,243,63,->,243,64,->,243,65,->,243,66,->,243,67,->,243,68,->,243,69,->,243,94,->,243,95,->,243,101,->,243,102,->,243,128,->,243,129,->,243,130,->,243,131,->,243,132,->,243,133,->,243,134,->,243,135,->,243,136,->,243,137,->,243,138,->,243,139,->,243,140,->,243,141,->,243,142,->,243,143,->,243,144,->,243,145,->,243,146,->,243,147,->,243,148,->,243,149,->,243,150,->,243,151,->,243,152,->,243,153,->,243,154,->,243,155,->,243,156,->,243,157,->,243,158,->,243,159,->,243,160,->,243,161,->,243,162,->,243,163,->,243,164,->,243,165,->,243,166,->,243,167,->,243,168,->,243,169,->,243,170,->,243,171,->,243,172,->,243,173,->,243,174,->,243,175,->,243,182,->,243,195,->,243,245,->,243,246,->,243,247,->,243,248,->,243,249,->,243,250,->,243,251,->,243,252,->,243,253,->,243,254,->,243,255,->,243,256,->,243,257,->,243,258,->,243,259,->,243,260,->,243,261,->,243,262,->,243,263,->,243,264,->,243,265,->,243,266,->,243,267,->,243,268,->,243,269,->,243,270,->,243,271,->,243,272,->,243,273,->,243,274,->,243,275,->,243,276,->,243,277,->,243,278,->,243,279,->,243,280,->,243,281,->,243,282,->,243,283,->,243,284,->,243,285,->,243,286,->,243,287,->,243,288,->,243,289,->,243,290,->,243,291,->,243,292,->,243,293,->,243,294,->,243,295,->,243,296,->,243,297,->,243,298,->,243,299,->,243,300,->,243,301,->,243,302,->,243,303,->,244,0,->,244,1,->,244,2,->,244,3,->,244,4,->,244,5,->,244,6,->,244,7,->,244,8,->,244,9,->,244,10,->,244,11,->,244,12,->,244,13,->,244,14,->,244,15,->,244,16,->,244,17,->,244,18,->,244,19,->,244,20,->,244,21,->,244,22,->,244,23,->,244,24,->,244,25,->,244,26,->,244,27,->,244,28,->,244,29,->,244,30,->,244,31,->,244,32,->,244,33,->,244,34,->,244,35,->,244,36,->,244,37,->,244,38,->,244,39,->,244,40,->,244,41,->,244,42,->,244,43,->,244,44,->,244,45,->,244,46,->,244,47,->,244,48,->,244,49,->,244,50,->,244,51,->,244,52,->,244,53,->,244,54,->,244,55,->,244,56,->,244,57,->,244,58,->,244,59,->,244,60,->,244,61,->,244,62,->,244,63,->,244,64,->,244,65,->,244,66,->,244,67,->,244,68,->,244,69,->,244,86,->,244,87,->,244,95,->,244,96,->,244,97,->,244,98,->,244,99,->,244,100,->,244,101,->,244,102,->,244,111,->,244,114,->,244,128,->,244,129,->,244,130,->,244,131,->,244,132,->,244,133,->,244,134,->,244,135,->,244,136,->,244,137,->,244,138,->,244,139,->,244,140,->,244,141,->,244,142,->,244,143,->,244,144,->,244,145,->,244,146,->,244,147,->,244,148,->,244,149,->,244,150,->,244,151,->,244,152,->,244,153,->,244,154,->,244,155,->,244,156,->,244,157,->,244,158,->,244,159,->,244,160,->,244,161,->,244,162,->,244,163,->,244,164,->,244,165,->,244,166,->,244,167,->,244,168,->,244,169,->,244,170,->,244,171,->,244,172,->,244,173,->,244,174,->,244,182,->,244,183,->,244,243,->,244,244,->,244,245,->,244,246,->,244,247,->,244,248,->,244,249,->,244,250,->,244,251,->,244,252,->,244,253,->,244,254,->,244,255,->,244,256,->,244,257,->,244,258,->,244,259,->,244,260,->,244,261,->,244,262,->,244,263,->,244,264,->,244,265,->,244,266,->,244,267,->,244,268,->,244,269,->,244,270,->,244,271,->,244,272,->,244,273,->,244,274,->,244,275,->,244,276,->,244,277,->,244,278,->,244,279,->,244,280,->,244,281,->,244,282,->,244,283,->,244,284,->,244,285,->,244,286,->,244,287,->,244,288,->,244,289,->,244,290,->,244,291,->,244,292,->,244,293,->,244,294,->,244,295,->,244,296,->,244,297,->,244,298,->,244,299,->,244,300,->,244,301,->,244,302,->,244,303,->,245,0,->,245,1,->,245,2,->,245,3,->,245,4,->,245,5,->,245,6,->,245,7,->,245,8,->,245,9,->,245,10,->,245,11,->,245,12,->,245,13,->,245,14,->,245,15,->,245,16,->,245,17,->,245,18,->,245,19,->,245,20,->,245,21,->,245,22,->,245,23,->,245,24,->,245,25,->,245,26,->,245,27,->,245,28,->,245,29,->,245,30,->,245,31,->,245,32,->,245,33,->,245,34,->,245,35,->,245,36,->,245,37,->,245,38,->,245,39,->,245,40,->,245,41,->,245,42,->,245,43,->,245,44,->,245,45,->,245,46,->,245,47,->,245,48,->,245,49,->,245,50,->,245,51,->,245,52,->,245,53,->,245,54,->,245,55,->,245,56,->,245,57,->,245,58,->,245,59,->,245,60,->,245,61,->,245,62,->,245,63,->,245,64,->,245,65,->,245,66,->,245,67,->,245,68,->,245,75,->,245,76,->,245,77,->,245,84,->,245,85,->,245,86,->,245,87,->,245,94,->,245,95,->,245,96,->,245,100,->,245,101,->,245,102,->,245,103,->,245,108,->,245,109,->,245,110,->,245,111,->,245,112,->,245,118,->,245,126,->,245,129,->,245,130,->,245,131,->,245,132,->,245,133,->,245,134,->,245,135,->,245,136,->,245,137,->,245,138,->,245,139,->,245,140,->,245,141,->,245,142,->,245,143,->,245,144,->,245,145,->,245,146,->,245,147,->,245,148,->,245,149,->,245,150,->,245,151,->,245,152,->,245,153,->,245,154,->,245,155,->,245,156,->,245,157,->,245,158,->,245,159,->,245,160,->,245,161,->,245,162,->,245,163,->,245,164,->,245,165,->,245,166,->,245,167,->,245,168,->,245,169,->,245,170,->,245,171,->,245,172,->,245,173,->,245,174,->,245,182,->,245,183,->,245,235,->,245,236,->,245,241,->,245,242,->,245,243,->,245,244,->,245,245,->,245,246,->,245,247,->,245,248,->,245,249,->,245,250,->,245,251,->,245,252,->,245,253,->,245,254,->,245,255,->,245,256,->,245,257,->,245,258,->,245,259,->,245,260,->,245,261,->,245,262,->,245,263,->,245,264,->,245,265,->,245,266,->,245,267,->,245,268,->,245,269,->,245,270,->,245,271,->,245,272,->,245,273,->,245,274,->,245,275,->,245,276,->,245,277,->,245,278,->,245,279,->,245,280,->,245,281,->,245,282,->,245,283,->,245,284,->,245,285,->,245,286,->,245,287,->,245,288,->,245,289,->,245,290,->,245,291,->,245,292,->,245,293,->,245,294,->,245,295,->,245,296,->,245,297,->,245,298,->,245,299,->,245,300,->,245,301,->,245,302,->,245,303,->,246,0,->,246,1,->,246,2,->,246,3,->,246,4,->,246,5,->,246,6,->,246,7,->,246,8,->,246,9,->,246,10,->,246,11,->,246,12,->,246,13,->,246,14,->,246,15,->,246,16,->,246,17,->,246,18,->,246,19,->,246,20,->,246,21,->,246,22,->,246,23,->,246,24,->,246,25,->,246,26,->,246,27,->,246,28,->,246,29,->,246,30,->,246,31,->,246,32,->,246,33,->,246,34,->,246,35,->,246,36,->,246,37,->,246,38,->,246,39,->,246,40,->,246,41,->,246,42,->,246,43,->,246,44,->,246,45,->,246,46,->,246,47,->,246,48,->,246,49,->,246,50,->,246,51,->,246,52,->,246,53,->,246,54,->,246,55,->,246,56,->,246,57,->,246,58,->,246,59,->,246,60,->,246,61,->,246,62,->,246,63,->,246,64,->,246,65,->,246,66,->,246,67,->,246,75,->,246,76,->,246,77,->,246,78,->,246,79,->,246,80,->,246,81,->,246,82,->,246,83,->,246,84,->,246,85,->,246,86,->,246,87,->,246,88,->,246,93,->,246,94,->,246,95,->,246,96,->,246,97,->,246,98,->,246,101,->,246,102,->,246,103,->,246,104,->,246,105,->,246,110,->,246,111,->,246,112,->,246,113,->,246,114,->,246,115,->,246,116,->,246,117,->,246,118,->,246,126,->,246,127,->,246,128,->,246,129,->,246,130,->,246,131,->,246,132,->,246,133,->,246,134,->,246,135,->,246,136,->,246,137,->,246,138,->,246,139,->,246,140,->,246,141,->,246,142,->,246,143,->,246,144,->,246,145,->,246,146,->,246,147,->,246,148,->,246,149,->,246,150,->,246,151,->,246,152,->,246,153,->,246,154,->,246,155,->,246,156,->,246,157,->,246,158,->,246,159,->,246,160,->,246,161,->,246,162,->,246,163,->,246,164,->,246,165,->,246,166,->,246,167,->,246,168,->,246,169,->,246,170,->,246,171,->,246,172,->,246,173,->,246,181,->,246,235,->,246,236,->,246,237,->,246,238,->,246,239,->,246,240,->,246,241,->,246,242,->,246,243,->,246,244,->,246,245,->,246,246,->,246,247,->,246,248,->,246,249,->,246,250,->,246,251,->,246,252,->,246,253,->,246,254,->,246,255,->,246,256,->,246,257,->,246,258,->,246,259,->,246,260,->,246,261,->,246,262,->,246,263,->,246,264,->,246,265,->,246,266,->,246,267,->,246,268,->,246,269,->,246,270,->,246,271,->,246,272,->,246,273,->,246,274,->,246,275,->,246,276,->,246,277,->,246,278,->,246,279,->,246,280,->,246,281,->,246,282,->,246,283,->,246,284,->,246,285,->,246,286,->,246,287,->,246,288,->,246,289,->,246,290,->,246,291,->,246,292,->,246,293,->,246,294,->,246,295,->,246,296,->,246,297,->,246,298,->,246,299,->,246,300,->,246,301,->,246,302,->,246,303,->,247,0,->,247,1,->,247,2,->,247,3,->,247,4,->,247,5,->,247,6,->,247,7,->,247,8,->,247,9,->,247,10,->,247,11,->,247,12,->,247,13,->,247,14,->,247,15,->,247,16,->,247,17,->,247,18,->,247,19,->,247,20,->,247,21,->,247,22,->,247,23,->,247,24,->,247,25,->,247,26,->,247,27,->,247,28,->,247,29,->,247,30,->,247,31,->,247,32,->,247,33,->,247,34,->,247,35,->,247,36,->,247,37,->,247,38,->,247,39,->,247,40,->,247,41,->,247,42,->,247,43,->,247,44,->,247,45,->,247,46,->,247,47,->,247,48,->,247,49,->,247,50,->,247,51,->,247,52,->,247,53,->,247,54,->,247,55,->,247,56,->,247,57,->,247,58,->,247,59,->,247,60,->,247,61,->,247,62,->,247,63,->,247,64,->,247,65,->,247,66,->,247,75,->,247,76,->,247,77,->,247,78,->,247,79,->,247,80,->,247,81,->,247,82,->,247,83,->,247,84,->,247,85,->,247,86,->,247,87,->,247,88,->,247,89,->,247,92,->,247,93,->,247,94,->,247,95,->,247,96,->,247,97,->,247,98,->,247,99,->,247,102,->,247,105,->,247,106,->,247,107,->,247,110,->,247,111,->,247,127,->,247,130,->,247,131,->,247,132,->,247,133,->,247,134,->,247,135,->,247,136,->,247,137,->,247,138,->,247,139,->,247,140,->,247,141,->,247,142,->,247,143,->,247,144,->,247,145,->,247,146,->,247,147,->,247,148,->,247,149,->,247,150,->,247,151,->,247,152,->,247,153,->,247,154,->,247,155,->,247,156,->,247,157,->,247,158,->,247,159,->,247,160,->,247,161,->,247,162,->,247,163,->,247,164,->,247,165,->,247,166,->,247,167,->,247,168,->,247,169,->,247,170,->,247,171,->,247,172,->,247,180,->,247,181,->,247,182,->,247,194,->,247,195,->,247,232,->,247,233,->,247,234,->,247,235,->,247,236,->,247,237,->,247,238,->,247,239,->,247,240,->,247,241,->,247,242,->,247,243,->,247,244,->,247,245,->,247,246,->,247,247,->,247,248,->,247,249,->,247,250,->,247,251,->,247,252,->,247,253,->,247,254,->,247,255,->,247,256,->,247,257,->,247,258,->,247,259,->,247,260,->,247,261,->,247,262,->,247,263,->,247,264,->,247,265,->,247,266,->,247,267,->,247,268,->,247,269,->,247,270,->,247,271,->,247,272,->,247,273,->,247,274,->,247,275,->,247,276,->,247,277,->,247,278,->,247,279,->,247,280,->,247,281,->,247,282,->,247,283,->,247,284,->,247,285,->,247,286,->,247,287,->,247,288,->,247,289,->,247,290,->,247,291,->,247,292,->,247,293,->,247,294,->,247,295,->,247,296,->,247,297,->,247,298,->,247,299,->,247,300,->,247,301,->,247,302,->,247,303,->,248,0,->,248,1,->,248,2,->,248,3,->,248,4,->,248,5,->,248,6,->,248,7,->,248,8,->,248,9,->,248,10,->,248,11,->,248,12,->,248,13,->,248,14,->,248,15,->,248,16,->,248,17,->,248,18,->,248,19,->,248,20,->,248,21,->,248,22,->,248,23,->,248,24,->,248,25,->,248,26,->,248,27,->,248,28,->,248,29,->,248,30,->,248,31,->,248,32,->,248,33,->,248,34,->,248,35,->,248,36,->,248,37,->,248,38,->,248,39,->,248,40,->,248,41,->,248,42,->,248,43,->,248,44,->,248,45,->,248,46,->,248,47,->,248,48,->,248,49,->,248,50,->,248,51,->,248,52,->,248,53,->,248,54,->,248,55,->,248,56,->,248,57,->,248,58,->,248,59,->,248,60,->,248,61,->,248,62,->,248,63,->,248,64,->,248,65,->,248,66,->,248,67,->,248,75,->,248,76,->,248,77,->,248,78,->,248,79,->,248,80,->,248,81,->,248,82,->,248,83,->,248,84,->,248,85,->,248,86,->,248,87,->,248,88,->,248,89,->,248,92,->,248,93,->,248,94,->,248,95,->,248,96,->,248,97,->,248,98,->,248,99,->,248,100,->,248,101,->,248,102,->,248,103,->,248,104,->,248,105,->,248,106,->,248,107,->,248,108,->,248,109,->,248,110,->,248,111,->,248,112,->,248,116,->,248,131,->,248,132,->,248,133,->,248,134,->,248,135,->,248,136,->,248,137,->,248,138,->,248,139,->,248,140,->,248,141,->,248,142,->,248,143,->,248,144,->,248,145,->,248,146,->,248,147,->,248,148,->,248,149,->,248,150,->,248,151,->,248,152,->,248,153,->,248,154,->,248,155,->,248,156,->,248,157,->,248,158,->,248,159,->,248,160,->,248,161,->,248,162,->,248,163,->,248,164,->,248,165,->,248,166,->,248,167,->,248,168,->,248,169,->,248,170,->,248,171,->,248,172,->,248,181,->,248,194,->,248,195,->,248,196,->,248,206,->,248,207,->,248,229,->,248,232,->,248,233,->,248,234,->,248,235,->,248,236,->,248,237,->,248,238,->,248,239,->,248,240,->,248,241,->,248,242,->,248,243,->,248,244,->,248,245,->,248,246,->,248,247,->,248,248,->,248,249,->,248,250,->,248,251,->,248,252,->,248,253,->,248,254,->,248,255,->,248,256,->,248,257,->,248,258,->,248,259,->,248,260,->,248,261,->,248,262,->,248,263,->,248,264,->,248,265,->,248,266,->,248,267,->,248,268,->,248,269,->,248,270,->,248,271,->,248,272,->,248,273,->,248,274,->,248,275,->,248,276,->,248,277,->,248,278,->,248,279,->,248,280,->,248,281,->,248,282,->,248,283,->,248,284,->,248,285,->,248,286,->,248,287,->,248,288,->,248,289,->,248,290,->,248,291,->,248,292,->,248,293,->,248,294,->,248,295,->,248,296,->,248,297,->,248,298,->,248,299,->,248,300,->,248,301,->,248,302,->,248,303,->,249,0,->,249,1,->,249,2,->,249,3,->,249,4,->,249,5,->,249,6,->,249,7,->,249,8,->,249,9,->,249,10,->,249,11,->,249,12,->,249,13,->,249,14,->,249,15,->,249,16,->,249,17,->,249,18,->,249,19,->,249,20,->,249,21,->,249,22,->,249,23,->,249,24,->,249,25,->,249,26,->,249,27,->,249,28,->,249,29,->,249,30,->,249,31,->,249,32,->,249,33,->,249,34,->,249,35,->,249,36,->,249,37,->,249,38,->,249,39,->,249,40,->,249,41,->,249,42,->,249,43,->,249,44,->,249,45,->,249,46,->,249,47,->,249,48,->,249,49,->,249,50,->,249,51,->,249,52,->,249,53,->,249,54,->,249,55,->,249,56,->,249,57,->,249,58,->,249,59,->,249,60,->,249,61,->,249,62,->,249,63,->,249,64,->,249,65,->,249,66,->,249,67,->,249,74,->,249,75,->,249,76,->,249,77,->,249,78,->,249,79,->,249,80,->,249,81,->,249,82,->,249,83,->,249,84,->,249,85,->,249,86,->,249,87,->,249,88,->,249,89,->,249,92,->,249,93,->,249,94,->,249,95,->,249,96,->,249,97,->,249,98,->,249,99,->,249,100,->,249,101,->,249,102,->,249,103,->,249,104,->,249,105,->,249,106,->,249,107,->,249,108,->,249,111,->,249,112,->,249,116,->,249,117,->,249,118,->,249,127,->,249,130,->,249,131,->,249,132,->,249,133,->,249,134,->,249,135,->,249,136,->,249,137,->,249,138,->,249,139,->,249,140,->,249,141,->,249,142,->,249,143,->,249,144,->,249,145,->,249,146,->,249,147,->,249,148,->,249,149,->,249,150,->,249,151,->,249,152,->,249,153,->,249,154,->,249,155,->,249,156,->,249,157,->,249,158,->,249,159,->,249,160,->,249,161,->,249,162,->,249,163,->,249,164,->,249,165,->,249,166,->,249,167,->,249,168,->,249,169,->,249,170,->,249,171,->,249,181,->,249,182,->,249,193,->,249,194,->,249,195,->,249,196,->,249,197,->,249,207,->,249,208,->,249,222,->,249,223,->,249,229,->,249,230,->,249,231,->,249,232,->,249,233,->,249,234,->,249,235,->,249,236,->,249,237,->,249,238,->,249,239,->,249,240,->,249,241,->,249,242,->,249,243,->,249,244,->,249,245,->,249,246,->,249,247,->,249,248,->,249,249,->,249,250,->,249,251,->,249,252,->,249,253,->,249,254,->,249,255,->,249,256,->,249,257,->,249,258,->,249,259,->,249,260,->,249,261,->,249,262,->,249,263,->,249,264,->,249,265,->,249,266,->,249,267,->,249,268,->,249,269,->,249,270,->,249,271,->,249,272,->,249,273,->,249,274,->,249,275,->,249,276,->,249,277,->,249,278,->,249,279,->,249,280,->,249,281,->,249,282,->,249,283,->,249,284,->,249,285,->,249,286,->,249,287,->,249,288,->,249,289,->,249,290,->,249,291,->,249,292,->,249,293,->,249,294,->,249,295,->,249,296,->,249,297,->,249,298,->,249,299,->,249,300,->,249,301,->,249,302,->,249,303,->,250,0,->,250,1,->,250,2,->,250,3,->,250,4,->,250,5,->,250,6,->,250,7,->,250,8,->,250,9,->,250,10,->,250,11,->,250,12,->,250,13,->,250,14,->,250,15,->,250,16,->,250,17,->,250,18,->,250,19,->,250,20,->,250,21,->,250,22,->,250,23,->,250,24,->,250,25,->,250,26,->,250,27,->,250,28,->,250,29,->,250,30,->,250,31,->,250,32,->,250,33,->,250,34,->,250,35,->,250,36,->,250,37,->,250,38,->,250,39,->,250,40,->,250,41,->,250,42,->,250,43,->,250,44,->,250,45,->,250,46,->,250,47,->,250,48,->,250,49,->,250,50,->,250,51,->,250,52,->,250,53,->,250,54,->,250,55,->,250,56,->,250,57,->,250,58,->,250,59,->,250,60,->,250,61,->,250,62,->,250,63,->,250,64,->,250,65,->,250,66,->,250,74,->,250,75,->,250,76,->,250,77,->,250,78,->,250,79,->,250,80,->,250,81,->,250,82,->,250,83,->,250,84,->,250,85,->,250,86,->,250,87,->,250,88,->,250,89,->,250,92,->,250,93,->,250,94,->,250,95,->,250,96,->,250,97,->,250,98,->,250,99,->,250,100,->,250,101,->,250,102,->,250,103,->,250,104,->,250,105,->,250,106,->,250,107,->,250,108,->,250,109,->,250,110,->,250,114,->,250,117,->,250,122,->,250,130,->,250,131,->,250,132,->,250,133,->,250,134,->,250,135,->,250,136,->,250,137,->,250,138,->,250,139,->,250,140,->,250,141,->,250,142,->,250,143,->,250,144,->,250,145,->,250,146,->,250,147,->,250,148,->,250,149,->,250,150,->,250,151,->,250,152,->,250,153,->,250,154,->,250,155,->,250,156,->,250,157,->,250,158,->,250,159,->,250,160,->,250,161,->,250,162,->,250,163,->,250,164,->,250,165,->,250,166,->,250,167,->,250,168,->,250,169,->,250,170,->,250,182,->,250,193,->,250,194,->,250,195,->,250,196,->,250,197,->,250,223,->,250,224,->,250,225,->,250,226,->,250,227,->,250,228,->,250,229,->,250,231,->,250,232,->,250,234,->,250,235,->,250,236,->,250,237,->,250,238,->,250,239,->,250,240,->,250,241,->,250,242,->,250,243,->,250,244,->,250,245,->,250,246,->,250,247,->,250,248,->,250,249,->,250,250,->,250,251,->,250,252,->,250,253,->,250,254,->,250,255,->,250,256,->,250,257,->,250,262,->,250,263,->,250,264,->,250,265,->,250,266,->,250,267,->,250,268,->,250,269,->,250,270,->,250,271,->,250,272,->,250,273,->,250,274,->,250,275,->,250,276,->,250,277,->,250,278,->,250,279,->,250,280,->,250,281,->,250,282,->,250,283,->,250,284,->,250,285,->,250,286,->,250,287,->,250,288,->,250,289,->,250,290,->,250,291,->,250,292,->,250,293,->,250,294,->,250,295,->,250,296,->,250,297,->,250,298,->,250,299,->,250,300,->,250,301,->,250,302,->,250,303,->,251,0,->,251,1,->,251,2,->,251,3,->,251,4,->,251,5,->,251,6,->,251,7,->,251,8,->,251,9,->,251,10,->,251,11,->,251,12,->,251,13,->,251,14,->,251,15,->,251,16,->,251,17,->,251,18,->,251,19,->,251,20,->,251,21,->,251,22,->,251,23,->,251,24,->,251,25,->,251,26,->,251,27,->,251,28,->,251,29,->,251,30,->,251,31,->,251,32,->,251,33,->,251,34,->,251,35,->,251,36,->,251,37,->,251,38,->,251,39,->,251,40,->,251,41,->,251,42,->,251,43,->,251,44,->,251,45,->,251,46,->,251,47,->,251,48,->,251,49,->,251,50,->,251,51,->,251,52,->,251,53,->,251,54,->,251,55,->,251,56,->,251,57,->,251,58,->,251,59,->,251,60,->,251,61,->,251,62,->,251,63,->,251,64,->,251,65,->,251,66,->,251,72,->,251,73,->,251,74,->,251,75,->,251,76,->,251,77,->,251,78,->,251,79,->,251,80,->,251,81,->,251,82,->,251,83,->,251,84,->,251,85,->,251,86,->,251,87,->,251,88,->,251,89,->,251,90,->,251,91,->,251,92,->,251,93,->,251,94,->,251,95,->,251,96,->,251,97,->,251,98,->,251,99,->,251,100,->,251,101,->,251,102,->,251,103,->,251,104,->,251,105,->,251,106,->,251,107,->,251,110,->,251,120,->,251,121,->,251,122,->,251,133,->,251,134,->,251,135,->,251,136,->,251,137,->,251,138,->,251,139,->,251,140,->,251,141,->,251,142,->,251,143,->,251,144,->,251,145,->,251,146,->,251,147,->,251,148,->,251,149,->,251,150,->,251,151,->,251,152,->,251,153,->,251,154,->,251,155,->,251,156,->,251,157,->,251,158,->,251,159,->,251,160,->,251,161,->,251,162,->,251,163,->,251,164,->,251,165,->,251,166,->,251,167,->,251,168,->,251,169,->,251,180,->,251,181,->,251,182,->,251,192,->,251,193,->,251,194,->,251,195,->,251,196,->,251,217,->,251,218,->,251,219,->,251,222,->,251,224,->,251,226,->,251,227,->,251,228,->,251,229,->,251,230,->,251,233,->,251,234,->,251,235,->,251,236,->,251,237,->,251,238,->,251,239,->,251,240,->,251,241,->,251,242,->,251,243,->,251,244,->,251,245,->,251,246,->,251,247,->,251,248,->,251,249,->,251,250,->,251,251,->,251,252,->,251,253,->,251,254,->,251,255,->,251,256,->,251,257,->,251,263,->,251,264,->,251,265,->,251,266,->,251,267,->,251,268,->,251,269,->,251,270,->,251,271,->,251,272,->,251,273,->,251,274,->,251,275,->,251,276,->,251,277,->,251,278,->,251,279,->,251,280,->,251,281,->,251,282,->,251,283,->,251,284,->,251,285,->,251,286,->,251,287,->,251,288,->,251,289,->,251,290,->,251,291,->,251,292,->,251,293,->,251,294,->,251,295,->,251,296,->,251,297,->,251,298,->,251,299,->,251,300,->,251,301,->,251,302,->,251,303,->,252,0,->,252,1,->,252,2,->,252,3,->,252,4,->,252,5,->,252,6,->,252,7,->,252,8,->,252,9,->,252,10,->,252,11,->,252,12,->,252,13,->,252,14,->,252,15,->,252,16,->,252,17,->,252,18,->,252,19,->,252,20,->,252,21,->,252,22,->,252,23,->,252,24,->,252,25,->,252,26,->,252,27,->,252,28,->,252,29,->,252,30,->,252,31,->,252,32,->,252,33,->,252,34,->,252,35,->,252,36,->,252,37,->,252,38,->,252,39,->,252,40,->,252,41,->,252,42,->,252,43,->,252,44,->,252,45,->,252,46,->,252,47,->,252,48,->,252,49,->,252,50,->,252,51,->,252,52,->,252,53,->,252,54,->,252,55,->,252,56,->,252,57,->,252,58,->,252,59,->,252,60,->,252,61,->,252,62,->,252,63,->,252,64,->,252,65,->,252,66,->,252,75,->,252,76,->,252,77,->,252,78,->,252,79,->,252,80,->,252,81,->,252,82,->,252,83,->,252,84,->,252,85,->,252,86,->,252,87,->,252,88,->,252,89,->,252,90,->,252,91,->,252,92,->,252,93,->,252,94,->,252,95,->,252,96,->,252,97,->,252,98,->,252,99,->,252,100,->,252,101,->,252,102,->,252,103,->,252,104,->,252,105,->,252,106,->,252,107,->,252,108,->,252,109,->,252,110,->,252,111,->,252,120,->,252,134,->,252,135,->,252,136,->,252,137,->,252,138,->,252,139,->,252,140,->,252,141,->,252,142,->,252,143,->,252,144,->,252,145,->,252,146,->,252,147,->,252,148,->,252,149,->,252,150,->,252,151,->,252,152,->,252,153,->,252,154,->,252,155,->,252,156,->,252,157,->,252,158,->,252,159,->,252,160,->,252,161,->,252,162,->,252,163,->,252,164,->,252,165,->,252,166,->,252,167,->,252,168,->,252,180,->,252,181,->,252,192,->,252,193,->,252,194,->,252,195,->,252,213,->,252,218,->,252,219,->,252,220,->,252,224,->,252,225,->,252,227,->,252,228,->,252,229,->,252,230,->,252,232,->,252,233,->,252,234,->,252,235,->,252,236,->,252,237,->,252,238,->,252,239,->,252,240,->,252,241,->,252,242,->,252,243,->,252,244,->,252,245,->,252,246,->,252,247,->,252,248,->,252,249,->,252,250,->,252,251,->,252,252,->,252,253,->,252,254,->,252,255,->,252,256,->,252,257,->,252,258,->,252,259,->,252,260,->,252,261,->,252,262,->,252,263,->,252,264,->,252,265,->,252,266,->,252,267,->,252,268,->,252,269,->,252,270,->,252,271,->,252,272,->,252,273,->,252,274,->,252,275,->,252,276,->,252,277,->,252,278,->,252,279,->,252,280,->,252,281,->,252,282,->,252,283,->,252,284,->,252,285,->,252,286,->,252,287,->,252,288,->,252,289,->,252,290,->,252,291,->,252,292,->,252,293,->,252,294,->,252,295,->,252,296,->,252,297,->,252,298,->,252,299,->,252,300,->,252,301,->,252,302,->,252,303,->,253,0,->,253,1,->,253,2,->,253,3,->,253,4,->,253,5,->,253,6,->,253,7,->,253,8,->,253,9,->,253,10,->,253,11,->,253,12,->,253,13,->,253,14,->,253,15,->,253,16,->,253,17,->,253,18,->,253,19,->,253,20,->,253,21,->,253,22,->,253,23,->,253,24,->,253,25,->,253,26,->,253,27,->,253,28,->,253,29,->,253,30,->,253,31,->,253,32,->,253,33,->,253,34,->,253,35,->,253,36,->,253,37,->,253,38,->,253,39,->,253,40,->,253,41,->,253,42,->,253,43,->,253,44,->,253,45,->,253,46,->,253,47,->,253,48,->,253,49,->,253,50,->,253,51,->,253,52,->,253,53,->,253,54,->,253,55,->,253,56,->,253,57,->,253,58,->,253,59,->,253,60,->,253,61,->,253,62,->,253,63,->,253,64,->,253,65,->,253,66,->,253,67,->,253,75,->,253,76,->,253,77,->,253,78,->,253,79,->,253,80,->,253,81,->,253,82,->,253,83,->,253,84,->,253,85,->,253,86,->,253,87,->,253,88,->,253,89,->,253,90,->,253,91,->,253,92,->,253,93,->,253,94,->,253,95,->,253,96,->,253,97,->,253,98,->,253,101,->,253,102,->,253,103,->,253,104,->,253,105,->,253,106,->,253,107,->,253,108,->,253,109,->,253,110,->,253,111,->,253,123,->,253,133,->,253,134,->,253,135,->,253,136,->,253,137,->,253,138,->,253,139,->,253,140,->,253,141,->,253,142,->,253,143,->,253,144,->,253,145,->,253,146,->,253,147,->,253,148,->,253,149,->,253,150,->,253,151,->,253,152,->,253,153,->,253,154,->,253,155,->,253,156,->,253,157,->,253,158,->,253,159,->,253,160,->,253,161,->,253,162,->,253,163,->,253,164,->,253,165,->,253,166,->,253,180,->,253,181,->,253,182,->,253,193,->,253,194,->,253,195,->,253,201,->,253,202,->,253,203,->,253,213,->,253,214,->,253,215,->,253,216,->,253,217,->,253,218,->,253,219,->,253,220,->,253,222,->,253,223,->,253,224,->,253,225,->,253,226,->,253,227,->,253,228,->,253,229,->,253,230,->,253,231,->,253,232,->,253,233,->,253,234,->,253,235,->,253,236,->,253,237,->,253,238,->,253,239,->,253,240,->,253,241,->,253,242,->,253,243,->,253,244,->,253,245,->,253,246,->,253,247,->,253,248,->,253,249,->,253,250,->,253,251,->,253,252,->,253,253,->,253,254,->,253,255,->,253,256,->,253,257,->,253,258,->,253,259,->,253,260,->,253,261,->,253,262,->,253,263,->,253,264,->,253,265,->,253,266,->,253,267,->,253,268,->,253,269,->,253,270,->,253,271,->,253,272,->,253,273,->,253,274,->,253,275,->,253,276,->,253,277,->,253,278,->,253,279,->,253,280,->,253,281,->,253,282,->,253,283,->,253,284,->,253,285,->,253,286,->,253,287,->,253,288,->,253,289,->,253,290,->,253,291,->,253,292,->,253,293,->,253,294,->,253,295,->,253,296,->,253,297,->,253,298,->,253,299,->,253,300,->,253,301,->,253,302,->,253,303,->,254,0,->,254,1,->,254,2,->,254,3,->,254,4,->,254,5,->,254,6,->,254,7,->,254,8,->,254,9,->,254,10,->,254,11,->,254,12,->,254,13,->,254,14,->,254,15,->,254,16,->,254,17,->,254,18,->,254,19,->,254,20,->,254,21,->,254,22,->,254,23,->,254,24,->,254,25,->,254,26,->,254,27,->,254,28,->,254,29,->,254,30,->,254,31,->,254,32,->,254,33,->,254,34,->,254,35,->,254,36,->,254,37,->,254,38,->,254,39,->,254,40,->,254,41,->,254,42,->,254,43,->,254,44,->,254,45,->,254,46,->,254,47,->,254,48,->,254,49,->,254,50,->,254,51,->,254,52,->,254,53,->,254,54,->,254,55,->,254,56,->,254,57,->,254,58,->,254,59,->,254,60,->,254,61,->,254,62,->,254,63,->,254,64,->,254,65,->,254,66,->,254,67,->,254,77,->,254,78,->,254,79,->,254,80,->,254,81,->,254,82,->,254,83,->,254,84,->,254,85,->,254,86,->,254,87,->,254,88,->,254,89,->,254,90,->,254,91,->,254,92,->,254,93,->,254,94,->,254,95,->,254,96,->,254,97,->,254,98,->,254,99,->,254,100,->,254,103,->,254,104,->,254,105,->,254,106,->,254,107,->,254,108,->,254,109,->,254,110,->,254,111,->,254,131,->,254,132,->,254,133,->,254,134,->,254,137,->,254,138,->,254,139,->,254,140,->,254,141,->,254,142,->,254,143,->,254,144,->,254,145,->,254,146,->,254,147,->,254,148,->,254,149,->,254,150,->,254,151,->,254,152,->,254,153,->,254,154,->,254,155,->,254,156,->,254,157,->,254,158,->,254,159,->,254,160,->,254,161,->,254,162,->,254,163,->,254,164,->,254,165,->,254,179,->,254,180,->,254,181,->,254,193,->,254,194,->,254,195,->,254,196,->,254,197,->,254,198,->,254,199,->,254,200,->,254,201,->,254,202,->,254,203,->,254,204,->,254,209,->,254,210,->,254,212,->,254,213,->,254,214,->,254,215,->,254,216,->,254,217,->,254,218,->,254,219,->,254,220,->,254,221,->,254,222,->,254,223,->,254,224,->,254,225,->,254,226,->,254,227,->,254,228,->,254,229,->,254,232,->,254,233,->,254,234,->,254,235,->,254,236,->,254,237,->,254,238,->,254,239,->,254,240,->,254,241,->,254,242,->,254,243,->,254,244,->,254,245,->,254,246,->,254,247,->,254,248,->,254,249,->,254,250,->,254,251,->,254,252,->,254,253,->,254,254,->,254,255,->,254,256,->,254,257,->,254,258,->,254,259,->,254,260,->,254,261,->,254,262,->,254,263,->,254,264,->,254,265,->,254,266,->,254,267,->,254,268,->,254,269,->,254,270,->,254,271,->,254,272,->,254,273,->,254,274,->,254,275,->,254,276,->,254,277,->,254,278,->,254,279,->,254,280,->,254,281,->,254,282,->,254,283,->,254,284,->,254,285,->,254,286,->,254,287,->,254,288,->,254,289,->,254,290,->,254,291,->,254,292,->,254,293,->,254,294,->,254,295,->,254,296,->,254,297,->,254,298,->,254,299,->,254,300,->,254,301,->,254,302,->,254,303,->,255,0,->,255,1,->,255,2,->,255,3,->,255,4,->,255,5,->,255,6,->,255,7,->,255,8,->,255,9,->,255,10,->,255,11,->,255,12,->,255,13,->,255,14,->,255,15,->,255,16,->,255,17,->,255,18,->,255,19,->,255,20,->,255,21,->,255,22,->,255,23,->,255,24,->,255,25,->,255,26,->,255,27,->,255,28,->,255,29,->,255,30,->,255,31,->,255,32,->,255,33,->,255,34,->,255,35,->,255,36,->,255,37,->,255,38,->,255,39,->,255,40,->,255,41,->,255,42,->,255,43,->,255,44,->,255,45,->,255,46,->,255,47,->,255,48,->,255,49,->,255,50,->,255,51,->,255,52,->,255,53,->,255,54,->,255,55,->,255,56,->,255,57,->,255,58,->,255,59,->,255,60,->,255,61,->,255,62,->,255,63,->,255,64,->,255,65,->,255,66,->,255,67,->,255,77,->,255,78,->,255,79,->,255,80,->,255,81,->,255,82,->,255,83,->,255,84,->,255,85,->,255,86,->,255,87,->,255,88,->,255,91,->,255,92,->,255,93,->,255,94,->,255,95,->,255,96,->,255,97,->,255,98,->,255,99,->,255,100,->,255,103,->,255,104,->,255,105,->,255,106,->,255,107,->,255,108,->,255,109,->,255,110,->,255,111,->,255,112,->,255,113,->,255,114,->,255,115,->,255,119,->,255,122,->,255,132,->,255,133,->,255,134,->,255,135,->,255,136,->,255,137,->,255,138,->,255,139,->,255,140,->,255,141,->,255,142,->,255,143,->,255,144,->,255,145,->,255,146,->,255,147,->,255,148,->,255,149,->,255,150,->,255,151,->,255,152,->,255,153,->,255,154,->,255,155,->,255,156,->,255,157,->,255,158,->,255,159,->,255,160,->,255,161,->,255,162,->,255,163,->,255,180,->,255,184,->,255,185,->,255,186,->,255,187,->,255,188,->,255,192,->,255,193,->,255,194,->,255,195,->,255,196,->,255,197,->,255,198,->,255,199,->,255,200,->,255,201,->,255,202,->,255,203,->,255,204,->,255,209,->,255,210,->,255,211,->,255,212,->,255,213,->,255,214,->,255,215,->,255,216,->,255,217,->,255,218,->,255,219,->,255,220,->,255,221,->,255,222,->,255,223,->,255,224,->,255,225,->,255,227,->,255,228,->,255,229,->,255,230,->,255,231,->,255,232,->,255,233,->,255,234,->,255,235,->,255,236,->,255,237,->,255,238,->,255,239,->,255,240,->,255,241,->,255,242,->,255,243,->,255,244,->,255,245,->,255,246,->,255,247,->,255,248,->,255,249,->,255,250,->,255,251,->,255,252,->,255,253,->,255,254,->,255,255,->,255,256,->,255,257,->,255,258,->,255,259,->,255,260,->,255,261,->,255,262,->,255,263,->,255,264,->,255,265,->,255,266,->,255,267,->,255,268,->,255,269,->,255,270,->,255,271,->,255,272,->,255,273,->,255,274,->,255,275,->,255,276,->,255,277,->,255,278,->,255,279,->,255,280,->,255,281,->,255,282,->,255,283,->,255,284,->,255,285,->,255,286,->,255,287,->,255,288,->,255,289,->,255,290,->,255,291,->,255,292,->,255,293,->,255,294,->,255,295,->,255,296,->,255,297,->,255,298,->,255,299,->,255,300,->,255,301,->,255,302,->,255,303,->,256,0,->,256,1,->,256,2,->,256,3,->,256,4,->,256,5,->,256,6,->,256,7,->,256,8,->,256,9,->,256,10,->,256,11,->,256,12,->,256,13,->,256,14,->,256,15,->,256,16,->,256,17,->,256,18,->,256,19,->,256,20,->,256,21,->,256,22,->,256,23,->,256,24,->,256,25,->,256,26,->,256,27,->,256,28,->,256,29,->,256,30,->,256,31,->,256,32,->,256,33,->,256,34,->,256,35,->,256,36,->,256,37,->,256,38,->,256,39,->,256,40,->,256,41,->,256,42,->,256,43,->,256,44,->,256,45,->,256,46,->,256,47,->,256,48,->,256,49,->,256,50,->,256,51,->,256,52,->,256,53,->,256,54,->,256,55,->,256,56,->,256,57,->,256,58,->,256,59,->,256,60,->,256,61,->,256,62,->,256,63,->,256,64,->,256,65,->,256,66,->,256,76,->,256,77,->,256,78,->,256,79,->,256,80,->,256,81,->,256,82,->,256,83,->,256,84,->,256,85,->,256,86,->,256,87,->,256,88,->,256,91,->,256,92,->,256,93,->,256,94,->,256,95,->,256,96,->,256,97,->,256,98,->,256,104,->,256,105,->,256,106,->,256,107,->,256,108,->,256,109,->,256,110,->,256,111,->,256,112,->,256,113,->,256,114,->,256,115,->,256,128,->,256,133,->,256,134,->,256,135,->,256,136,->,256,137,->,256,140,->,256,141,->,256,142,->,256,143,->,256,144,->,256,145,->,256,146,->,256,147,->,256,148,->,256,149,->,256,150,->,256,151,->,256,152,->,256,153,->,256,154,->,256,155,->,256,156,->,256,157,->,256,158,->,256,159,->,256,160,->,256,161,->,256,180,->,256,185,->,256,186,->,256,187,->,256,188,->,256,192,->,256,193,->,256,194,->,256,195,->,256,196,->,256,197,->,256,198,->,256,199,->,256,200,->,256,209,->,256,210,->,256,211,->,256,212,->,256,213,->,256,214,->,256,215,->,256,216,->,256,217,->,256,218,->,256,219,->,256,220,->,256,221,->,256,222,->,256,223,->,256,224,->,256,225,->,256,227,->,256,228,->,256,229,->,256,230,->,256,231,->,256,232,->,256,233,->,256,234,->,256,235,->,256,236,->,256,237,->,256,238,->,256,239,->,256,240,->,256,241,->,256,242,->,256,243,->,256,244,->,256,245,->,256,246,->,256,247,->,256,248,->,256,249,->,256,250,->,256,251,->,256,252,->,256,253,->,256,254,->,256,255,->,256,256,->,256,257,->,256,258,->,256,259,->,256,260,->,256,261,->,256,262,->,256,263,->,256,264,->,256,265,->,256,266,->,256,267,->,256,268,->,256,269,->,256,270,->,256,271,->,256,272,->,256,273,->,256,274,->,256,275,->,256,276,->,256,277,->,256,278,->,256,279,->,256,280,->,256,281,->,256,282,->,256,283,->,256,284,->,256,285,->,256,286,->,256,287,->,256,288,->,256,289,->,256,290,->,256,291,->,256,292,->,256,293,->,256,294,->,256,295,->,256,296,->,256,297,->,256,298,->,256,299,->,256,300,->,256,301,->,256,302,->,256,303,->,257,0,->,257,1,->,257,2,->,257,3,->,257,4,->,257,5,->,257,6,->,257,7,->,257,8,->,257,9,->,257,10,->,257,11,->,257,12,->,257,13,->,257,14,->,257,15,->,257,16,->,257,17,->,257,18,->,257,19,->,257,20,->,257,21,->,257,22,->,257,23,->,257,24,->,257,25,->,257,26,->,257,27,->,257,28,->,257,29,->,257,30,->,257,31,->,257,32,->,257,33,->,257,34,->,257,35,->,257,36,->,257,37,->,257,38,->,257,39,->,257,40,->,257,41,->,257,42,->,257,43,->,257,44,->,257,45,->,257,46,->,257,47,->,257,48,->,257,49,->,257,50,->,257,51,->,257,52,->,257,53,->,257,54,->,257,55,->,257,56,->,257,57,->,257,58,->,257,59,->,257,60,->,257,61,->,257,62,->,257,63,->,257,64,->,257,65,->,257,66,->,257,76,->,257,77,->,257,78,->,257,79,->,257,80,->,257,81,->,257,82,->,257,83,->,257,84,->,257,85,->,257,86,->,257,87,->,257,90,->,257,91,->,257,92,->,257,93,->,257,94,->,257,95,->,257,96,->,257,97,->,257,98,->,257,102,->,257,111,->,257,112,->,257,113,->,257,114,->,257,121,->,257,122,->,257,126,->,257,127,->,257,128,->,257,129,->,257,133,->,257,134,->,257,135,->,257,136,->,257,137,->,257,138,->,257,139,->,257,140,->,257,141,->,257,142,->,257,143,->,257,144,->,257,145,->,257,146,->,257,147,->,257,148,->,257,149,->,257,150,->,257,151,->,257,152,->,257,153,->,257,154,->,257,155,->,257,156,->,257,157,->,257,158,->,257,180,->,257,186,->,257,187,->,257,188,->,257,192,->,257,193,->,257,194,->,257,195,->,257,196,->,257,197,->,257,198,->,257,199,->,257,200,->,257,201,->,257,209,->,257,210,->,257,211,->,257,212,->,257,213,->,257,214,->,257,215,->,257,216,->,257,217,->,257,218,->,257,219,->,257,220,->,257,221,->,257,222,->,257,223,->,257,224,->,257,225,->,257,226,->,257,227,->,257,228,->,257,229,->,257,230,->,257,231,->,257,232,->,257,233,->,257,234,->,257,235,->,257,236,->,257,237,->,257,238,->,257,239,->,257,240,->,257,241,->,257,242,->,257,243,->,257,244,->,257,245,->,257,246,->,257,247,->,257,248,->,257,249,->,257,250,->,257,251,->,257,252,->,257,253,->,257,254,->,257,255,->,257,256,->,257,257,->,257,258,->,257,259,->,257,260,->,257,261,->,257,262,->,257,263,->,257,264,->,257,265,->,257,266,->,257,267,->,257,268,->,257,269,->,257,270,->,257,271,->,257,272,->,257,273,->,257,274,->,257,275,->,257,276,->,257,277,->,257,278,->,257,279,->,257,280,->,257,281,->,257,282,->,257,283,->,257,284,->,257,285,->,257,286,->,257,287,->,257,288,->,257,289,->,257,290,->,257,291,->,257,292,->,257,293,->,257,294,->,257,295,->,257,296,->,257,297,->,257,298,->,257,299,->,257,300,->,257,301,->,257,302,->,257,303,->,258,0,->,258,1,->,258,2,->,258,3,->,258,4,->,258,5,->,258,6,->,258,7,->,258,8,->,258,9,->,258,10,->,258,11,->,258,12,->,258,13,->,258,14,->,258,15,->,258,16,->,258,17,->,258,18,->,258,19,->,258,20,->,258,21,->,258,22,->,258,23,->,258,24,->,258,25,->,258,26,->,258,27,->,258,28,->,258,29,->,258,30,->,258,31,->,258,32,->,258,33,->,258,34,->,258,35,->,258,36,->,258,37,->,258,38,->,258,39,->,258,40,->,258,41,->,258,42,->,258,43,->,258,44,->,258,45,->,258,46,->,258,47,->,258,48,->,258,49,->,258,50,->,258,51,->,258,52,->,258,53,->,258,54,->,258,55,->,258,56,->,258,57,->,258,58,->,258,59,->,258,60,->,258,61,->,258,62,->,258,63,->,258,64,->,258,65,->,258,66,->,258,74,->,258,75,->,258,76,->,258,77,->,258,78,->,258,79,->,258,80,->,258,81,->,258,82,->,258,83,->,258,84,->,258,85,->,258,88,->,258,89,->,258,90,->,258,91,->,258,92,->,258,93,->,258,94,->,258,95,->,258,96,->,258,97,->,258,98,->,258,99,->,258,100,->,258,101,->,258,102,->,258,103,->,258,106,->,258,109,->,258,110,->,258,111,->,258,112,->,258,113,->,258,114,->,258,118,->,258,119,->,258,120,->,258,121,->,258,122,->,258,123,->,258,124,->,258,125,->,258,126,->,258,127,->,258,128,->,258,129,->,258,130,->,258,131,->,258,132,->,258,133,->,258,134,->,258,135,->,258,136,->,258,137,->,258,138,->,258,139,->,258,140,->,258,141,->,258,142,->,258,143,->,258,144,->,258,145,->,258,146,->,258,147,->,258,148,->,258,149,->,258,150,->,258,151,->,258,152,->,258,153,->,258,154,->,258,187,->,258,190,->,258,191,->,258,192,->,258,193,->,258,194,->,258,195,->,258,196,->,258,197,->,258,198,->,258,199,->,258,200,->,258,201,->,258,210,->,258,211,->,258,212,->,258,213,->,258,214,->,258,215,->,258,216,->,258,217,->,258,218,->,258,219,->,258,220,->,258,221,->,258,223,->,258,224,->,258,225,->,258,226,->,258,227,->,258,228,->,258,229,->,258,230,->,258,231,->,258,232,->,258,233,->,258,234,->,258,235,->,258,236,->,258,237,->,258,238,->,258,239,->,258,240,->,258,241,->,258,242,->,258,243,->,258,244,->,258,245,->,258,246,->,258,247,->,258,248,->,258,249,->,258,250,->,258,251,->,258,252,->,258,253,->,258,254,->,258,255,->,258,256,->,258,257,->,258,258,->,258,259,->,258,260,->,258,261,->,258,262,->,258,263,->,258,264,->,258,265,->,258,266,->,258,267,->,258,268,->,258,269,->,258,270,->,258,271,->,258,272,->,258,273,->,258,274,->,258,275,->,258,276,->,258,277,->,258,278,->,258,279,->,258,280,->,258,281,->,258,282,->,258,283,->,258,284,->,258,285,->,258,286,->,258,287,->,258,288,->,258,289,->,258,290,->,258,291,->,258,292,->,258,293,->,258,294,->,258,295,->,258,296,->,258,297,->,258,298,->,258,299,->,258,300,->,258,301,->,258,302,->,258,303,->,259,0,->,259,1,->,259,2,->,259,3,->,259,4,->,259,5,->,259,6,->,259,7,->,259,8,->,259,9,->,259,10,->,259,11,->,259,12,->,259,13,->,259,14,->,259,15,->,259,16,->,259,17,->,259,18,->,259,19,->,259,20,->,259,21,->,259,22,->,259,23,->,259,24,->,259,25,->,259,26,->,259,27,->,259,28,->,259,29,->,259,30,->,259,31,->,259,32,->,259,33,->,259,34,->,259,35,->,259,36,->,259,37,->,259,38,->,259,39,->,259,40,->,259,41,->,259,42,->,259,43,->,259,44,->,259,45,->,259,46,->,259,47,->,259,48,->,259,49,->,259,50,->,259,51,->,259,52,->,259,53,->,259,54,->,259,55,->,259,56,->,259,57,->,259,58,->,259,59,->,259,60,->,259,61,->,259,62,->,259,63,->,259,64,->,259,65,->,259,66,->,259,73,->,259,74,->,259,75,->,259,76,->,259,77,->,259,78,->,259,79,->,259,80,->,259,81,->,259,82,->,259,83,->,259,84,->,259,85,->,259,86,->,259,87,->,259,88,->,259,89,->,259,90,->,259,91,->,259,92,->,259,93,->,259,94,->,259,95,->,259,96,->,259,97,->,259,98,->,259,99,->,259,100,->,259,101,->,259,102,->,259,103,->,259,104,->,259,105,->,259,106,->,259,107,->,259,108,->,259,109,->,259,110,->,259,111,->,259,112,->,259,113,->,259,114,->,259,117,->,259,118,->,259,119,->,259,120,->,259,121,->,259,122,->,259,123,->,259,124,->,259,125,->,259,126,->,259,127,->,259,128,->,259,129,->,259,130,->,259,131,->,259,132,->,259,133,->,259,134,->,259,135,->,259,136,->,259,137,->,259,138,->,259,139,->,259,140,->,259,141,->,259,142,->,259,143,->,259,144,->,259,145,->,259,146,->,259,147,->,259,148,->,259,149,->,259,150,->,259,185,->,259,186,->,259,187,->,259,188,->,259,189,->,259,190,->,259,191,->,259,192,->,259,193,->,259,194,->,259,195,->,259,196,->,259,197,->,259,198,->,259,199,->,259,200,->,259,201,->,259,202,->,259,210,->,259,211,->,259,212,->,259,213,->,259,214,->,259,215,->,259,216,->,259,217,->,259,218,->,259,219,->,259,221,->,259,222,->,259,223,->,259,224,->,259,225,->,259,226,->,259,227,->,259,229,->,259,230,->,259,231,->,259,232,->,259,233,->,259,234,->,259,235,->,259,236,->,259,237,->,259,238,->,259,239,->,259,240,->,259,241,->,259,242,->,259,243,->,259,244,->,259,245,->,259,246,->,259,247,->,259,248,->,259,249,->,259,250,->,259,251,->,259,252,->,259,253,->,259,254,->,259,255,->,259,256,->,259,257,->,259,258,->,259,259,->,259,260,->,259,261,->,259,262,->,259,263,->,259,264,->,259,265,->,259,266,->,259,267,->,259,268,->,259,269,->,259,270,->,259,271,->,259,272,->,259,273,->,259,274,->,259,275,->,259,276,->,259,277,->,259,278,->,259,279,->,259,280,->,259,281,->,259,282,->,259,283,->,259,284,->,259,285,->,259,286,->,259,287,->,259,288,->,259,289,->,259,290,->,259,291,->,259,292,->,259,293,->,259,294,->,259,295,->,259,296,->,259,297,->,259,298,->,259,299,->,259,300,->,259,301,->,259,302,->,259,303,->,260,0,->,260,1,->,260,2,->,260,3,->,260,4,->,260,5,->,260,6,->,260,7,->,260,8,->,260,9,->,260,10,->,260,11,->,260,12,->,260,13,->,260,14,->,260,15,->,260,16,->,260,17,->,260,18,->,260,19,->,260,20,->,260,21,->,260,22,->,260,23,->,260,24,->,260,25,->,260,26,->,260,27,->,260,28,->,260,29,->,260,30,->,260,31,->,260,32,->,260,33,->,260,34,->,260,35,->,260,36,->,260,37,->,260,38,->,260,39,->,260,40,->,260,41,->,260,42,->,260,43,->,260,44,->,260,45,->,260,46,->,260,47,->,260,48,->,260,49,->,260,50,->,260,51,->,260,52,->,260,53,->,260,54,->,260,55,->,260,56,->,260,57,->,260,58,->,260,59,->,260,60,->,260,61,->,260,62,->,260,63,->,260,64,->,260,65,->,260,66,->,260,73,->,260,74,->,260,75,->,260,76,->,260,77,->,260,78,->,260,79,->,260,80,->,260,81,->,260,82,->,260,83,->,260,84,->,260,85,->,260,86,->,260,87,->,260,89,->,260,91,->,260,92,->,260,93,->,260,94,->,260,95,->,260,96,->,260,97,->,260,98,->,260,99,->,260,100,->,260,101,->,260,102,->,260,103,->,260,104,->,260,105,->,260,106,->,260,107,->,260,108,->,260,109,->,260,110,->,260,111,->,260,112,->,260,113,->,260,114,->,260,117,->,260,118,->,260,119,->,260,120,->,260,121,->,260,122,->,260,123,->,260,124,->,260,125,->,260,126,->,260,127,->,260,128,->,260,129,->,260,130,->,260,131,->,260,132,->,260,133,->,260,134,->,260,135,->,260,136,->,260,137,->,260,138,->,260,139,->,260,140,->,260,141,->,260,142,->,260,143,->,260,144,->,260,145,->,260,146,->,260,147,->,260,148,->,260,149,->,260,150,->,260,158,->,260,183,->,260,186,->,260,187,->,260,188,->,260,189,->,260,190,->,260,191,->,260,194,->,260,195,->,260,196,->,260,197,->,260,198,->,260,199,->,260,200,->,260,201,->,260,202,->,260,203,->,260,210,->,260,211,->,260,212,->,260,213,->,260,214,->,260,215,->,260,216,->,260,217,->,260,218,->,260,219,->,260,220,->,260,221,->,260,223,->,260,224,->,260,225,->,260,226,->,260,227,->,260,228,->,260,229,->,260,230,->,260,231,->,260,232,->,260,233,->,260,234,->,260,235,->,260,236,->,260,237,->,260,238,->,260,239,->,260,240,->,260,241,->,260,242,->,260,243,->,260,244,->,260,245,->,260,246,->,260,247,->,260,248,->,260,249,->,260,250,->,260,251,->,260,252,->,260,253,->,260,254,->,260,255,->,260,256,->,260,257,->,260,258,->,260,259,->,260,260,->,260,261,->,260,262,->,260,263,->,260,264,->,260,265,->,260,266,->,260,267,->,260,268,->,260,269,->,260,270,->,260,271,->,260,272,->,260,273,->,260,274,->,260,275,->,260,276,->,260,277,->,260,278,->,260,279,->,260,280,->,260,281,->,260,282,->,260,283,->,260,284,->,260,285,->,260,286,->,260,287,->,260,288,->,260,289,->,260,290,->,260,291,->,260,292,->,260,293,->,260,294,->,260,295,->,260,296,->,260,297,->,260,298,->,260,299,->,260,300,->,260,301,->,260,302,->,260,303,->,261,0,->,261,1,->,261,2,->,261,3,->,261,4,->,261,5,->,261,6,->,261,7,->,261,8,->,261,9,->,261,10,->,261,11,->,261,12,->,261,13,->,261,14,->,261,15,->,261,16,->,261,17,->,261,18,->,261,19,->,261,20,->,261,21,->,261,22,->,261,23,->,261,24,->,261,25,->,261,26,->,261,27,->,261,28,->,261,29,->,261,30,->,261,31,->,261,32,->,261,33,->,261,34,->,261,35,->,261,36,->,261,37,->,261,38,->,261,39,->,261,40,->,261,41,->,261,42,->,261,43,->,261,44,->,261,45,->,261,46,->,261,47,->,261,48,->,261,49,->,261,50,->,261,51,->,261,52,->,261,53,->,261,54,->,261,55,->,261,56,->,261,57,->,261,58,->,261,59,->,261,60,->,261,61,->,261,62,->,261,63,->,261,64,->,261,65,->,261,66,->,261,67,->,261,68,->,261,69,->,261,70,->,261,71,->,261,72,->,261,73,->,261,74,->,261,75,->,261,76,->,261,77,->,261,78,->,261,79,->,261,80,->,261,81,->,261,82,->,261,83,->,261,84,->,261,85,->,261,92,->,261,93,->,261,94,->,261,95,->,261,96,->,261,97,->,261,98,->,261,99,->,261,100,->,261,101,->,261,102,->,261,103,->,261,104,->,261,105,->,261,106,->,261,107,->,261,108,->,261,109,->,261,110,->,261,111,->,261,112,->,261,113,->,261,114,->,261,115,->,261,116,->,261,117,->,261,118,->,261,119,->,261,120,->,261,121,->,261,122,->,261,123,->,261,124,->,261,125,->,261,126,->,261,127,->,261,128,->,261,129,->,261,130,->,261,131,->,261,132,->,261,133,->,261,134,->,261,135,->,261,136,->,261,137,->,261,138,->,261,139,->,261,140,->,261,141,->,261,142,->,261,143,->,261,144,->,261,145,->,261,146,->,261,147,->,261,148,->,261,149,->,261,150,->,261,156,->,261,157,->,261,158,->,261,159,->,261,160,->,261,161,->,261,162,->,261,163,->,261,164,->,261,185,->,261,186,->,261,187,->,261,188,->,261,189,->,261,190,->,261,191,->,261,195,->,261,201,->,261,202,->,261,203,->,261,204,->,261,211,->,261,212,->,261,213,->,261,214,->,261,215,->,261,216,->,261,217,->,261,218,->,261,222,->,261,223,->,261,224,->,261,225,->,261,226,->,261,227,->,261,228,->,261,229,->,261,230,->,261,231,->,261,232,->,261,233,->,261,234,->,261,235,->,261,236,->,261,237,->,261,238,->,261,239,->,261,240,->,261,241,->,261,242,->,261,243,->,261,244,->,261,245,->,261,246,->,261,247,->,261,248,->,261,249,->,261,250,->,261,251,->,261,252,->,261,253,->,261,254,->,261,255,->,261,256,->,261,257,->,261,258,->,261,259,->,261,260,->,261,261,->,261,262,->,261,263,->,261,264,->,261,265,->,261,266,->,261,267,->,261,268,->,261,269,->,261,270,->,261,271,->,261,272,->,261,273,->,261,274,->,261,275,->,261,276,->,261,277,->,261,278,->,261,279,->,261,280,->,261,281,->,261,282,->,261,283,->,261,284,->,261,285,->,261,286,->,261,287,->,261,288,->,261,289,->,261,290,->,261,291,->,261,292,->,261,293,->,261,294,->,261,295,->,261,296,->,261,297,->,261,298,->,261,299,->,261,300,->,261,301,->,261,302,->,261,303,->,262,0,->,262,1,->,262,2,->,262,3,->,262,4,->,262,5,->,262,6,->,262,7,->,262,8,->,262,9,->,262,10,->,262,11,->,262,12,->,262,13,->,262,14,->,262,15,->,262,16,->,262,17,->,262,18,->,262,19,->,262,20,->,262,21,->,262,22,->,262,23,->,262,24,->,262,25,->,262,26,->,262,27,->,262,28,->,262,29,->,262,30,->,262,31,->,262,32,->,262,33,->,262,34,->,262,35,->,262,36,->,262,37,->,262,38,->,262,39,->,262,40,->,262,41,->,262,42,->,262,43,->,262,44,->,262,45,->,262,46,->,262,47,->,262,48,->,262,49,->,262,50,->,262,51,->,262,52,->,262,53,->,262,54,->,262,55,->,262,56,->,262,57,->,262,58,->,262,59,->,262,60,->,262,61,->,262,62,->,262,63,->,262,64,->,262,65,->,262,66,->,262,67,->,262,68,->,262,69,->,262,70,->,262,71,->,262,72,->,262,73,->,262,74,->,262,75,->,262,76,->,262,77,->,262,78,->,262,79,->,262,80,->,262,81,->,262,82,->,262,83,->,262,84,->,262,85,->,262,92,->,262,93,->,262,94,->,262,95,->,262,96,->,262,97,->,262,98,->,262,99,->,262,100,->,262,101,->,262,102,->,262,103,->,262,104,->,262,105,->,262,106,->,262,107,->,262,108,->,262,109,->,262,110,->,262,111,->,262,112,->,262,113,->,262,114,->,262,115,->,262,116,->,262,117,->,262,118,->,262,119,->,262,120,->,262,121,->,262,122,->,262,123,->,262,124,->,262,125,->,262,126,->,262,127,->,262,128,->,262,129,->,262,130,->,262,131,->,262,132,->,262,133,->,262,134,->,262,135,->,262,136,->,262,137,->,262,138,->,262,139,->,262,140,->,262,141,->,262,142,->,262,143,->,262,144,->,262,145,->,262,146,->,262,147,->,262,148,->,262,149,->,262,150,->,262,151,->,262,152,->,262,153,->,262,154,->,262,155,->,262,156,->,262,157,->,262,158,->,262,159,->,262,160,->,262,161,->,262,162,->,262,163,->,262,164,->,262,165,->,262,166,->,262,167,->,262,182,->,262,183,->,262,186,->,262,187,->,262,188,->,262,189,->,262,193,->,262,194,->,262,195,->,262,200,->,262,204,->,262,212,->,262,213,->,262,214,->,262,215,->,262,216,->,262,217,->,262,218,->,262,223,->,262,224,->,262,225,->,262,227,->,262,228,->,262,229,->,262,230,->,262,231,->,262,232,->,262,233,->,262,234,->,262,235,->,262,236,->,262,237,->,262,238,->,262,239,->,262,240,->,262,241,->,262,242,->,262,243,->,262,244,->,262,245,->,262,246,->,262,247,->,262,248,->,262,249,->,262,250,->,262,251,->,262,252,->,262,253,->,262,254,->,262,255,->,262,256,->,262,257,->,262,258,->,262,259,->,262,260,->,262,261,->,262,262,->,262,263,->,262,264,->,262,265,->,262,266,->,262,267,->,262,268,->,262,269,->,262,270,->,262,271,->,262,272,->,262,273,->,262,274,->,262,275,->,262,276,->,262,277,->,262,278,->,262,279,->,262,280,->,262,281,->,262,282,->,262,283,->,262,284,->,262,285,->,262,286,->,262,287,->,262,288,->,262,289,->,262,290,->,262,291,->,262,292,->,262,293,->,262,294,->,262,295,->,262,296,->,262,297,->,262,298,->,262,299,->,262,300,->,262,301,->,262,302,->,262,303,->,263,0,->,263,1,->,263,2,->,263,3,->,263,4,->,263,5,->,263,6,->,263,7,->,263,8,->,263,9,->,263,10,->,263,11,->,263,12,->,263,13,->,263,14,->,263,15,->,263,16,->,263,17,->,263,18,->,263,19,->,263,20,->,263,21,->,263,22,->,263,23,->,263,24,->,263,25,->,263,26,->,263,27,->,263,28,->,263,29,->,263,30,->,263,31,->,263,32,->,263,33,->,263,34,->,263,35,->,263,36,->,263,37,->,263,38,->,263,39,->,263,40,->,263,41,->,263,42,->,263,43,->,263,44,->,263,45,->,263,46,->,263,47,->,263,48,->,263,49,->,263,50,->,263,51,->,263,52,->,263,53,->,263,54,->,263,55,->,263,56,->,263,57,->,263,58,->,263,59,->,263,60,->,263,61,->,263,62,->,263,63,->,263,64,->,263,65,->,263,66,->,263,67,->,263,68,->,263,69,->,263,70,->,263,71,->,263,72,->,263,73,->,263,74,->,263,75,->,263,76,->,263,77,->,263,78,->,263,79,->,263,80,->,263,81,->,263,82,->,263,83,->,263,84,->,263,85,->,263,94,->,263,95,->,263,96,->,263,97,->,263,98,->,263,99,->,263,100,->,263,101,->,263,102,->,263,103,->,263,104,->,263,105,->,263,106,->,263,107,->,263,108,->,263,109,->,263,110,->,263,111,->,263,112,->,263,113,->,263,114,->,263,115,->,263,116,->,263,117,->,263,118,->,263,119,->,263,120,->,263,121,->,263,122,->,263,123,->,263,124,->,263,125,->,263,126,->,263,127,->,263,128,->,263,129,->,263,130,->,263,131,->,263,132,->,263,133,->,263,134,->,263,135,->,263,136,->,263,137,->,263,138,->,263,139,->,263,140,->,263,141,->,263,142,->,263,143,->,263,144,->,263,145,->,263,146,->,263,147,->,263,148,->,263,149,->,263,150,->,263,151,->,263,152,->,263,153,->,263,154,->,263,155,->,263,156,->,263,157,->,263,158,->,263,159,->,263,160,->,263,161,->,263,162,->,263,163,->,263,164,->,263,165,->,263,166,->,263,167,->,263,168,->,263,169,->,263,170,->,263,183,->,263,184,->,263,185,->,263,186,->,263,187,->,263,188,->,263,189,->,263,190,->,263,203,->,263,213,->,263,214,->,263,215,->,263,216,->,263,217,->,263,218,->,263,219,->,263,220,->,263,221,->,263,222,->,263,224,->,263,225,->,263,226,->,263,227,->,263,228,->,263,229,->,263,230,->,263,231,->,263,232,->,263,233,->,263,234,->,263,235,->,263,236,->,263,237,->,263,238,->,263,239,->,263,240,->,263,241,->,263,242,->,263,243,->,263,244,->,263,245,->,263,246,->,263,247,->,263,248,->,263,249,->,263,250,->,263,251,->,263,252,->,263,253,->,263,254,->,263,255,->,263,256,->,263,257,->,263,258,->,263,259,->,263,260,->,263,261,->,263,262,->,263,263,->,263,264,->,263,265,->,263,266,->,263,267,->,263,268,->,263,269,->,263,270,->,263,271,->,263,272,->,263,273,->,263,274,->,263,275,->,263,276,->,263,277,->,263,278,->,263,279,->,263,280,->,263,281,->,263,282,->,263,283,->,263,284,->,263,285,->,263,286,->,263,287,->,263,288,->,263,289,->,263,290,->,263,291,->,263,292,->,263,293,->,263,294,->,263,295,->,263,296,->,263,297,->,263,298,->,263,299,->,263,300,->,263,301,->,263,302,->,263,303,->,264,0,->,264,1,->,264,2,->,264,3,->,264,4,->,264,5,->,264,6,->,264,7,->,264,8,->,264,9,->,264,10,->,264,11,->,264,12,->,264,13,->,264,14,->,264,15,->,264,16,->,264,17,->,264,18,->,264,19,->,264,20,->,264,21,->,264,22,->,264,23,->,264,24,->,264,25,->,264,26,->,264,27,->,264,28,->,264,29,->,264,30,->,264,31,->,264,32,->,264,33,->,264,34,->,264,35,->,264,36,->,264,37,->,264,38,->,264,39,->,264,40,->,264,41,->,264,42,->,264,43,->,264,44,->,264,45,->,264,46,->,264,47,->,264,48,->,264,49,->,264,50,->,264,51,->,264,52,->,264,53,->,264,54,->,264,55,->,264,56,->,264,57,->,264,58,->,264,59,->,264,60,->,264,61,->,264,62,->,264,63,->,264,64,->,264,65,->,264,66,->,264,67,->,264,68,->,264,69,->,264,70,->,264,71,->,264,72,->,264,73,->,264,74,->,264,75,->,264,76,->,264,77,->,264,78,->,264,79,->,264,80,->,264,81,->,264,82,->,264,83,->,264,84,->,264,85,->,264,94,->,264,95,->,264,96,->,264,97,->,264,98,->,264,99,->,264,100,->,264,101,->,264,102,->,264,103,->,264,104,->,264,105,->,264,106,->,264,107,->,264,108,->,264,109,->,264,110,->,264,111,->,264,112,->,264,113,->,264,114,->,264,115,->,264,116,->,264,117,->,264,118,->,264,119,->,264,120,->,264,121,->,264,122,->,264,123,->,264,124,->,264,125,->,264,126,->,264,127,->,264,128,->,264,129,->,264,130,->,264,131,->,264,132,->,264,133,->,264,134,->,264,135,->,264,136,->,264,137,->,264,138,->,264,139,->,264,140,->,264,141,->,264,142,->,264,143,->,264,144,->,264,145,->,264,146,->,264,147,->,264,148,->,264,149,->,264,150,->,264,151,->,264,152,->,264,153,->,264,154,->,264,155,->,264,156,->,264,157,->,264,158,->,264,159,->,264,160,->,264,161,->,264,162,->,264,163,->,264,164,->,264,165,->,264,166,->,264,167,->,264,168,->,264,169,->,264,170,->,264,171,->,264,172,->,264,173,->,264,183,->,264,184,->,264,187,->,264,188,->,264,189,->,264,190,->,264,191,->,264,210,->,264,211,->,264,212,->,264,213,->,264,214,->,264,215,->,264,216,->,264,217,->,264,218,->,264,219,->,264,220,->,264,221,->,264,222,->,264,223,->,264,224,->,264,225,->,264,228,->,264,229,->,264,230,->,264,231,->,264,232,->,264,233,->,264,234,->,264,235,->,264,236,->,264,237,->,264,238,->,264,239,->,264,240,->,264,241,->,264,242,->,264,243,->,264,244,->,264,245,->,264,246,->,264,247,->,264,248,->,264,249,->,264,250,->,264,251,->,264,252,->,264,253,->,264,254,->,264,255,->,264,256,->,264,257,->,264,258,->,264,259,->,264,260,->,264,261,->,264,262,->,264,263,->,264,264,->,264,265,->,264,266,->,264,267,->,264,268,->,264,269,->,264,270,->,264,271,->,264,272,->,264,273,->,264,274,->,264,275,->,264,276,->,264,277,->,264,281,->,264,282,->,264,283,->,264,284,->,264,285,->,264,286,->,264,287,->,264,288,->,264,289,->,264,290,->,264,291,->,264,292,->,264,293,->,264,294,->,264,295,->,264,296,->,264,297,->,264,298,->,264,299,->,264,300,->,264,301,->,264,302,->,264,303,->,265,0,->,265,1,->,265,2,->,265,3,->,265,4,->,265,5,->,265,6,->,265,7,->,265,8,->,265,9,->,265,10,->,265,11,->,265,12,->,265,13,->,265,14,->,265,15,->,265,16,->,265,17,->,265,18,->,265,19,->,265,20,->,265,21,->,265,22,->,265,23,->,265,24,->,265,25,->,265,26,->,265,27,->,265,28,->,265,29,->,265,30,->,265,31,->,265,32,->,265,33,->,265,34,->,265,35,->,265,36,->,265,37,->,265,38,->,265,39,->,265,40,->,265,41,->,265,42,->,265,43,->,265,44,->,265,45,->,265,46,->,265,47,->,265,48,->,265,49,->,265,50,->,265,51,->,265,52,->,265,53,->,265,54,->,265,55,->,265,56,->,265,57,->,265,58,->,265,59,->,265,60,->,265,61,->,265,62,->,265,63,->,265,64,->,265,65,->,265,66,->,265,67,->,265,68,->,265,69,->,265,70,->,265,71,->,265,72,->,265,73,->,265,74,->,265,75,->,265,76,->,265,77,->,265,78,->,265,79,->,265,80,->,265,81,->,265,82,->,265,83,->,265,84,->,265,85,->,265,86,->,265,87,->,265,95,->,265,96,->,265,97,->,265,98,->,265,99,->,265,100,->,265,101,->,265,102,->,265,103,->,265,104,->,265,105,->,265,108,->,265,109,->,265,110,->,265,111,->,265,112,->,265,113,->,265,114,->,265,115,->,265,116,->,265,117,->,265,118,->,265,119,->,265,120,->,265,121,->,265,122,->,265,123,->,265,124,->,265,125,->,265,126,->,265,127,->,265,128,->,265,129,->,265,130,->,265,131,->,265,132,->,265,133,->,265,134,->,265,135,->,265,136,->,265,137,->,265,138,->,265,139,->,265,140,->,265,141,->,265,142,->,265,143,->,265,144,->,265,145,->,265,146,->,265,147,->,265,148,->,265,149,->,265,150,->,265,151,->,265,152,->,265,153,->,265,154,->,265,155,->,265,156,->,265,157,->,265,158,->,265,159,->,265,160,->,265,161,->,265,162,->,265,163,->,265,164,->,265,165,->,265,166,->,265,167,->,265,168,->,265,169,->,265,170,->,265,171,->,265,172,->,265,173,->,265,174,->,265,183,->,265,184,->,265,185,->,265,186,->,265,187,->,265,188,->,265,189,->,265,190,->,265,191,->,265,192,->,265,210,->,265,211,->,265,212,->,265,213,->,265,214,->,265,215,->,265,216,->,265,217,->,265,221,->,265,222,->,265,223,->,265,224,->,265,225,->,265,228,->,265,229,->,265,230,->,265,231,->,265,232,->,265,233,->,265,234,->,265,235,->,265,236,->,265,237,->,265,238,->,265,239,->,265,240,->,265,241,->,265,242,->,265,243,->,265,244,->,265,245,->,265,246,->,265,247,->,265,248,->,265,249,->,265,250,->,265,251,->,265,252,->,265,253,->,265,254,->,265,255,->,265,256,->,265,257,->,265,258,->,265,259,->,265,260,->,265,261,->,265,262,->,265,263,->,265,264,->,265,265,->,265,266,->,265,267,->,265,268,->,265,269,->,265,270,->,265,271,->,265,272,->,265,273,->,265,274,->,265,275,->,265,276,->,265,277,->,265,278,->,265,279,->,265,280,->,265,281,->,265,282,->,265,283,->,265,284,->,265,285,->,265,286,->,265,287,->,265,288,->,265,289,->,265,290,->,265,291,->,265,292,->,265,293,->,265,294,->,265,295,->,265,296,->,265,297,->,265,298,->,265,299,->,265,300,->,265,301,->,265,302,->,265,303,->,266,0,->,266,1,->,266,2,->,266,3,->,266,4,->,266,5,->,266,6,->,266,7,->,266,8,->,266,9,->,266,10,->,266,11,->,266,12,->,266,13,->,266,14,->,266,15,->,266,16,->,266,17,->,266,18,->,266,19,->,266,20,->,266,21,->,266,22,->,266,23,->,266,24,->,266,25,->,266,26,->,266,27,->,266,28,->,266,29,->,266,30,->,266,31,->,266,32,->,266,33,->,266,34,->,266,35,->,266,36,->,266,37,->,266,38,->,266,39,->,266,40,->,266,41,->,266,42,->,266,43,->,266,44,->,266,45,->,266,46,->,266,47,->,266,48,->,266,49,->,266,50,->,266,51,->,266,52,->,266,53,->,266,54,->,266,55,->,266,56,->,266,57,->,266,58,->,266,59,->,266,60,->,266,61,->,266,62,->,266,63,->,266,64,->,266,65,->,266,66,->,266,67,->,266,68,->,266,69,->,266,70,->,266,71,->,266,72,->,266,73,->,266,74,->,266,75,->,266,76,->,266,77,->,266,78,->,266,79,->,266,80,->,266,81,->,266,82,->,266,83,->,266,84,->,266,85,->,266,86,->,266,87,->,266,88,->,266,89,->,266,95,->,266,96,->,266,97,->,266,98,->,266,99,->,266,100,->,266,101,->,266,102,->,266,103,->,266,104,->,266,105,->,266,106,->,266,107,->,266,108,->,266,109,->,266,110,->,266,111,->,266,112,->,266,113,->,266,114,->,266,115,->,266,116,->,266,117,->,266,118,->,266,119,->,266,120,->,266,121,->,266,122,->,266,123,->,266,124,->,266,125,->,266,126,->,266,127,->,266,128,->,266,129,->,266,130,->,266,131,->,266,132,->,266,133,->,266,134,->,266,135,->,266,136,->,266,137,->,266,138,->,266,139,->,266,140,->,266,141,->,266,142,->,266,143,->,266,144,->,266,145,->,266,146,->,266,147,->,266,148,->,266,149,->,266,150,->,266,151,->,266,152,->,266,153,->,266,154,->,266,155,->,266,156,->,266,157,->,266,158,->,266,159,->,266,160,->,266,161,->,266,162,->,266,163,->,266,164,->,266,165,->,266,166,->,266,167,->,266,168,->,266,169,->,266,170,->,266,171,->,266,172,->,266,173,->,266,174,->,266,184,->,266,185,->,266,186,->,266,187,->,266,188,->,266,189,->,266,190,->,266,191,->,266,192,->,266,195,->,266,204,->,266,205,->,266,206,->,266,209,->,266,210,->,266,211,->,266,212,->,266,213,->,266,214,->,266,215,->,266,216,->,266,217,->,266,218,->,266,220,->,266,221,->,266,222,->,266,223,->,266,224,->,266,225,->,266,226,->,266,227,->,266,228,->,266,229,->,266,230,->,266,231,->,266,232,->,266,233,->,266,234,->,266,235,->,266,236,->,266,237,->,266,238,->,266,239,->,266,240,->,266,241,->,266,242,->,266,243,->,266,244,->,266,245,->,266,246,->,266,247,->,266,248,->,266,249,->,266,250,->,266,251,->,266,252,->,266,253,->,266,254,->,266,255,->,266,256,->,266,257,->,266,258,->,266,259,->,266,260,->,266,261,->,266,262,->,266,263,->,266,264,->,266,265,->,266,266,->,266,267,->,266,268,->,266,269,->,266,270,->,266,271,->,266,272,->,266,273,->,266,274,->,266,275,->,266,276,->,266,277,->,266,278,->,266,279,->,266,280,->,266,281,->,266,282,->,266,283,->,266,284,->,266,285,->,266,286,->,266,287,->,266,288,->,266,289,->,266,290,->,266,291,->,266,292,->,266,293,->,266,294,->,266,295,->,266,296,->,266,297,->,266,298,->,266,299,->,266,300,->,266,301,->,266,302,->,266,303,->,267,0,->,267,1,->,267,2,->,267,3,->,267,4,->,267,5,->,267,6,->,267,7,->,267,8,->,267,9,->,267,10,->,267,11,->,267,12,->,267,13,->,267,14,->,267,15,->,267,16,->,267,17,->,267,18,->,267,19,->,267,20,->,267,21,->,267,22,->,267,23,->,267,24,->,267,25,->,267,26,->,267,27,->,267,28,->,267,29,->,267,30,->,267,31,->,267,32,->,267,33,->,267,34,->,267,35,->,267,36,->,267,37,->,267,38,->,267,39,->,267,40,->,267,41,->,267,42,->,267,43,->,267,44,->,267,45,->,267,46,->,267,47,->,267,48,->,267,49,->,267,50,->,267,51,->,267,52,->,267,53,->,267,54,->,267,55,->,267,56,->,267,57,->,267,58,->,267,59,->,267,60,->,267,61,->,267,62,->,267,63,->,267,64,->,267,65,->,267,66,->,267,67,->,267,68,->,267,69,->,267,70,->,267,71,->,267,72,->,267,73,->,267,74,->,267,75,->,267,76,->,267,77,->,267,78,->,267,79,->,267,80,->,267,81,->,267,82,->,267,83,->,267,84,->,267,85,->,267,86,->,267,87,->,267,88,->,267,89,->,267,90,->,267,91,->,267,92,->,267,95,->,267,98,->,267,99,->,267,100,->,267,101,->,267,102,->,267,103,->,267,104,->,267,105,->,267,106,->,267,107,->,267,108,->,267,109,->,267,110,->,267,111,->,267,112,->,267,113,->,267,114,->,267,115,->,267,116,->,267,117,->,267,118,->,267,119,->,267,120,->,267,121,->,267,122,->,267,123,->,267,124,->,267,125,->,267,126,->,267,127,->,267,128,->,267,129,->,267,130,->,267,131,->,267,132,->,267,133,->,267,134,->,267,135,->,267,136,->,267,137,->,267,138,->,267,139,->,267,140,->,267,141,->,267,142,->,267,143,->,267,144,->,267,145,->,267,146,->,267,147,->,267,148,->,267,149,->,267,150,->,267,151,->,267,152,->,267,153,->,267,154,->,267,155,->,267,156,->,267,157,->,267,158,->,267,159,->,267,160,->,267,161,->,267,162,->,267,163,->,267,164,->,267,165,->,267,166,->,267,167,->,267,168,->,267,169,->,267,170,->,267,171,->,267,172,->,267,173,->,267,174,->,267,184,->,267,185,->,267,186,->,267,187,->,267,188,->,267,189,->,267,190,->,267,191,->,267,192,->,267,193,->,267,197,->,267,199,->,267,202,->,267,203,->,267,204,->,267,205,->,267,206,->,267,207,->,267,208,->,267,209,->,267,210,->,267,211,->,267,212,->,267,213,->,267,214,->,267,215,->,267,216,->,267,217,->,267,218,->,267,219,->,267,220,->,267,222,->,267,224,->,267,225,->,267,226,->,267,227,->,267,228,->,267,229,->,267,230,->,267,231,->,267,232,->,267,233,->,267,234,->,267,235,->,267,236,->,267,237,->,267,238,->,267,239,->,267,240,->,267,241,->,267,242,->,267,243,->,267,244,->,267,245,->,267,246,->,267,247,->,267,248,->,267,249,->,267,250,->,267,251,->,267,252,->,267,253,->,267,254,->,267,255,->,267,256,->,267,257,->,267,258,->,267,259,->,267,260,->,267,261,->,267,262,->,267,263,->,267,264,->,267,265,->,267,266,->,267,267,->,267,268,->,267,269,->,267,270,->,267,271,->,267,272,->,267,273,->,267,274,->,267,275,->,267,276,->,267,277,->,267,278,->,267,279,->,267,280,->,267,281,->,267,282,->,267,283,->,267,284,->,267,285,->,267,286,->,267,287,->,267,288,->,267,289,->,267,290,->,267,291,->,267,292,->,267,293,->,267,294,->,267,295,->,267,296,->,267,297,->,267,298,->,267,299,->,267,300,->,267,301,->,267,302,->,267,303,->,268,0,->,268,1,->,268,2,->,268,3,->,268,4,->,268,5,->,268,6,->,268,7,->,268,8,->,268,9,->,268,10,->,268,11,->,268,12,->,268,13,->,268,14,->,268,15,->,268,16,->,268,17,->,268,18,->,268,19,->,268,20,->,268,21,->,268,22,->,268,23,->,268,24,->,268,25,->,268,26,->,268,27,->,268,28,->,268,29,->,268,30,->,268,31,->,268,32,->,268,33,->,268,34,->,268,35,->,268,36,->,268,37,->,268,38,->,268,39,->,268,40,->,268,41,->,268,42,->,268,43,->,268,44,->,268,45,->,268,46,->,268,47,->,268,48,->,268,49,->,268,50,->,268,51,->,268,52,->,268,53,->,268,54,->,268,55,->,268,56,->,268,57,->,268,58,->,268,59,->,268,60,->,268,61,->,268,62,->,268,63,->,268,64,->,268,65,->,268,66,->,268,67,->,268,68,->,268,69,->,268,70,->,268,71,->,268,72,->,268,73,->,268,74,->,268,75,->,268,76,->,268,77,->,268,78,->,268,79,->,268,80,->,268,81,->,268,82,->,268,83,->,268,84,->,268,85,->,268,86,->,268,87,->,268,88,->,268,89,->,268,90,->,268,91,->,268,92,->,268,93,->,268,99,->,268,100,->,268,101,->,268,102,->,268,103,->,268,104,->,268,105,->,268,106,->,268,107,->,268,108,->,268,109,->,268,110,->,268,111,->,268,112,->,268,113,->,268,114,->,268,115,->,268,116,->,268,117,->,268,118,->,268,119,->,268,120,->,268,121,->,268,122,->,268,123,->,268,124,->,268,125,->,268,126,->,268,127,->,268,128,->,268,129,->,268,130,->,268,131,->,268,132,->,268,133,->,268,134,->,268,135,->,268,136,->,268,137,->,268,138,->,268,139,->,268,140,->,268,141,->,268,142,->,268,143,->,268,144,->,268,145,->,268,146,->,268,147,->,268,148,->,268,149,->,268,150,->,268,151,->,268,152,->,268,153,->,268,154,->,268,155,->,268,156,->,268,157,->,268,158,->,268,159,->,268,160,->,268,161,->,268,162,->,268,163,->,268,164,->,268,165,->,268,166,->,268,167,->,268,168,->,268,169,->,268,170,->,268,171,->,268,172,->,268,173,->,268,174,->,268,175,->,268,176,->,268,184,->,268,185,->,268,186,->,268,187,->,268,188,->,268,189,->,268,190,->,268,191,->,268,192,->,268,193,->,268,197,->,268,198,->,268,199,->,268,200,->,268,201,->,268,202,->,268,203,->,268,204,->,268,205,->,268,206,->,268,207,->,268,208,->,268,209,->,268,210,->,268,211,->,268,212,->,268,213,->,268,214,->,268,215,->,268,216,->,268,218,->,268,219,->,268,221,->,268,223,->,268,224,->,268,225,->,268,226,->,268,227,->,268,228,->,268,229,->,268,230,->,268,231,->,268,232,->,268,233,->,268,234,->,268,235,->,268,236,->,268,237,->,268,238,->,268,239,->,268,240,->,268,241,->,268,242,->,268,243,->,268,244,->,268,245,->,268,246,->,268,247,->,268,248,->,268,249,->,268,250,->,268,251,->,268,252,->,268,253,->,268,254,->,268,255,->,268,256,->,268,257,->,268,258,->,268,259,->,268,260,->,268,261,->,268,262,->,268,263,->,268,264,->,268,265,->,268,266,->,268,267,->,268,268,->,268,269,->,268,270,->,268,271,->,268,272,->,268,273,->,268,274,->,268,275,->,268,276,->,268,277,->,268,278,->,268,279,->,268,280,->,268,281,->,268,282,->,268,283,->,268,284,->,268,285,->,268,286,->,268,287,->,268,288,->,268,289,->,268,290,->,268,291,->,268,292,->,268,293,->,268,294,->,268,295,->,268,296,->,268,297,->,268,298,->,268,299,->,268,300,->,268,301,->,268,302,->,268,303,->,269,0,->,269,1,->,269,2,->,269,3,->,269,4,->,269,5,->,269,6,->,269,7,->,269,8,->,269,9,->,269,10,->,269,11,->,269,12,->,269,13,->,269,14,->,269,15,->,269,16,->,269,17,->,269,18,->,269,19,->,269,20,->,269,21,->,269,22,->,269,23,->,269,24,->,269,25,->,269,26,->,269,27,->,269,28,->,269,29,->,269,30,->,269,31,->,269,32,->,269,33,->,269,34,->,269,35,->,269,36,->,269,37,->,269,38,->,269,39,->,269,40,->,269,41,->,269,42,->,269,43,->,269,44,->,269,45,->,269,46,->,269,47,->,269,48,->,269,49,->,269,50,->,269,51,->,269,52,->,269,53,->,269,54,->,269,55,->,269,56,->,269,57,->,269,58,->,269,59,->,269,60,->,269,61,->,269,62,->,269,63,->,269,64,->,269,65,->,269,66,->,269,67,->,269,68,->,269,69,->,269,70,->,269,71,->,269,72,->,269,73,->,269,74,->,269,75,->,269,76,->,269,77,->,269,78,->,269,79,->,269,80,->,269,81,->,269,82,->,269,83,->,269,84,->,269,85,->,269,86,->,269,87,->,269,88,->,269,89,->,269,90,->,269,91,->,269,92,->,269,93,->,269,99,->,269,100,->,269,101,->,269,102,->,269,103,->,269,104,->,269,105,->,269,106,->,269,107,->,269,108,->,269,109,->,269,110,->,269,111,->,269,112,->,269,113,->,269,114,->,269,115,->,269,116,->,269,117,->,269,118,->,269,119,->,269,120,->,269,121,->,269,122,->,269,123,->,269,124,->,269,125,->,269,126,->,269,127,->,269,128,->,269,129,->,269,130,->,269,131,->,269,132,->,269,133,->,269,134,->,269,135,->,269,136,->,269,137,->,269,138,->,269,139,->,269,140,->,269,141,->,269,142,->,269,143,->,269,144,->,269,145,->,269,146,->,269,147,->,269,148,->,269,149,->,269,150,->,269,151,->,269,152,->,269,153,->,269,154,->,269,155,->,269,156,->,269,157,->,269,158,->,269,159,->,269,160,->,269,161,->,269,162,->,269,163,->,269,164,->,269,165,->,269,166,->,269,167,->,269,168,->,269,169,->,269,170,->,269,171,->,269,172,->,269,173,->,269,174,->,269,175,->,269,176,->,269,177,->,269,178,->,269,185,->,269,186,->,269,187,->,269,188,->,269,189,->,269,190,->,269,191,->,269,192,->,269,193,->,269,194,->,269,195,->,269,198,->,269,200,->,269,201,->,269,202,->,269,203,->,269,204,->,269,205,->,269,206,->,269,207,->,269,208,->,269,209,->,269,210,->,269,211,->,269,212,->,269,214,->,269,216,->,269,220,->,269,222,->,269,223,->,269,224,->,269,225,->,269,226,->,269,227,->,269,229,->,269,230,->,269,231,->,269,232,->,269,233,->,269,234,->,269,235,->,269,236,->,269,237,->,269,238,->,269,239,->,269,240,->,269,241,->,269,242,->,269,243,->,269,244,->,269,245,->,269,246,->,269,247,->,269,248,->,269,249,->,269,250,->,269,251,->,269,252,->,269,253,->,269,254,->,269,255,->,269,256,->,269,257,->,269,258,->,269,259,->,269,260,->,269,261,->,269,262,->,269,263,->,269,264,->,269,265,->,269,266,->,269,267,->,269,268,->,269,269,->,269,270,->,269,271,->,269,272,->,269,273,->,269,274,->,269,275,->,269,276,->,269,277,->,269,278,->,269,279,->,269,280,->,269,281,->,269,282,->,269,283,->,269,284,->,269,285,->,269,286,->,269,287,->,269,288,->,269,289,->,269,290,->,269,291,->,269,292,->,269,293,->,269,294,->,269,295,->,269,296,->,269,297,->,269,298,->,269,299,->,269,300,->,269,301,->,269,302,->,269,303,->,270,0,->,270,1,->,270,2,->,270,3,->,270,4,->,270,5,->,270,6,->,270,7,->,270,8,->,270,9,->,270,10,->,270,11,->,270,12,->,270,13,->,270,14,->,270,15,->,270,16,->,270,17,->,270,18,->,270,19,->,270,20,->,270,21,->,270,22,->,270,23,->,270,24,->,270,25,->,270,26,->,270,27,->,270,28,->,270,29,->,270,30,->,270,31,->,270,32,->,270,33,->,270,34,->,270,35,->,270,36,->,270,37,->,270,38,->,270,39,->,270,40,->,270,41,->,270,42,->,270,43,->,270,44,->,270,45,->,270,46,->,270,47,->,270,48,->,270,49,->,270,50,->,270,51,->,270,52,->,270,53,->,270,54,->,270,55,->,270,56,->,270,57,->,270,58,->,270,59,->,270,60,->,270,61,->,270,62,->,270,63,->,270,64,->,270,65,->,270,66,->,270,67,->,270,68,->,270,69,->,270,70,->,270,71,->,270,72,->,270,73,->,270,74,->,270,75,->,270,76,->,270,77,->,270,78,->,270,79,->,270,80,->,270,81,->,270,82,->,270,83,->,270,84,->,270,85,->,270,86,->,270,87,->,270,88,->,270,89,->,270,90,->,270,91,->,270,92,->,270,100,->,270,101,->,270,102,->,270,103,->,270,104,->,270,105,->,270,106,->,270,107,->,270,108,->,270,109,->,270,110,->,270,111,->,270,112,->,270,113,->,270,114,->,270,115,->,270,116,->,270,117,->,270,118,->,270,119,->,270,120,->,270,121,->,270,122,->,270,123,->,270,124,->,270,125,->,270,126,->,270,127,->,270,128,->,270,129,->,270,130,->,270,131,->,270,132,->,270,133,->,270,134,->,270,135,->,270,136,->,270,137,->,270,138,->,270,139,->,270,140,->,270,141,->,270,142,->,270,143,->,270,144,->,270,145,->,270,146,->,270,147,->,270,148,->,270,149,->,270,150,->,270,151,->,270,152,->,270,153,->,270,154,->,270,155,->,270,156,->,270,157,->,270,158,->,270,159,->,270,160,->,270,161,->,270,162,->,270,163,->,270,164,->,270,165,->,270,166,->,270,167,->,270,168,->,270,169,->,270,170,->,270,171,->,270,172,->,270,173,->,270,174,->,270,175,->,270,176,->,270,177,->,270,178,->,270,179,->,270,180,->,270,181,->,270,185,->,270,186,->,270,187,->,270,188,->,270,189,->,270,190,->,270,191,->,270,192,->,270,193,->,270,194,->,270,195,->,270,196,->,270,197,->,270,198,->,270,199,->,270,202,->,270,203,->,270,204,->,270,206,->,270,207,->,270,208,->,270,209,->,270,212,->,270,213,->,270,216,->,270,217,->,270,218,->,270,219,->,270,220,->,270,221,->,270,223,->,270,224,->,270,225,->,270,226,->,270,227,->,270,228,->,270,229,->,270,230,->,270,231,->,270,232,->,270,233,->,270,234,->,270,235,->,270,236,->,270,237,->,270,238,->,270,239,->,270,240,->,270,241,->,270,242,->,270,243,->,270,244,->,270,245,->,270,246,->,270,247,->,270,248,->,270,249,->,270,250,->,270,251,->,270,252,->,270,253,->,270,254,->,270,255,->,270,256,->,270,257,->,270,258,->,270,259,->,270,260,->,270,261,->,270,262,->,270,263,->,270,264,->,270,265,->,270,266,->,270,267,->,270,268,->,270,269,->,270,270,->,270,271,->,270,272,->,270,273,->,270,274,->,270,275,->,270,276,->,270,277,->,270,278,->,270,279,->,270,280,->,270,281,->,270,282,->,270,283,->,270,284,->,270,285,->,270,286,->,270,287,->,270,288,->,270,289,->,270,290,->,270,291,->,270,292,->,270,293,->,270,294,->,270,295,->,270,296,->,270,297,->,270,298,->,270,299,->,270,300,->,270,301,->,270,302,->,270,303,->,271,0,->,271,1,->,271,2,->,271,3,->,271,4,->,271,5,->,271,6,->,271,7,->,271,8,->,271,9,->,271,10,->,271,11,->,271,12,->,271,13,->,271,14,->,271,15,->,271,16,->,271,17,->,271,18,->,271,19,->,271,20,->,271,21,->,271,22,->,271,23,->,271,24,->,271,25,->,271,26,->,271,27,->,271,28,->,271,29,->,271,30,->,271,31,->,271,32,->,271,33,->,271,34,->,271,35,->,271,36,->,271,37,->,271,38,->,271,39,->,271,40,->,271,41,->,271,42,->,271,43,->,271,44,->,271,45,->,271,46,->,271,47,->,271,48,->,271,49,->,271,50,->,271,51,->,271,52,->,271,53,->,271,54,->,271,55,->,271,56,->,271,57,->,271,58,->,271,59,->,271,60,->,271,61,->,271,62,->,271,63,->,271,64,->,271,65,->,271,66,->,271,67,->,271,68,->,271,69,->,271,70,->,271,71,->,271,72,->,271,73,->,271,74,->,271,75,->,271,76,->,271,77,->,271,78,->,271,79,->,271,80,->,271,81,->,271,82,->,271,83,->,271,84,->,271,85,->,271,86,->,271,87,->,271,88,->,271,89,->,271,90,->,271,91,->,271,92,->,271,100,->,271,101,->,271,102,->,271,103,->,271,104,->,271,105,->,271,106,->,271,107,->,271,108,->,271,109,->,271,110,->,271,111,->,271,112,->,271,113,->,271,114,->,271,115,->,271,116,->,271,117,->,271,118,->,271,119,->,271,120,->,271,121,->,271,122,->,271,123,->,271,124,->,271,125,->,271,126,->,271,127,->,271,128,->,271,129,->,271,130,->,271,131,->,271,132,->,271,133,->,271,134,->,271,135,->,271,136,->,271,137,->,271,138,->,271,139,->,271,140,->,271,141,->,271,142,->,271,143,->,271,144,->,271,145,->,271,146,->,271,147,->,271,148,->,271,149,->,271,150,->,271,151,->,271,152,->,271,153,->,271,154,->,271,155,->,271,156,->,271,157,->,271,158,->,271,159,->,271,160,->,271,161,->,271,162,->,271,163,->,271,164,->,271,165,->,271,166,->,271,167,->,271,168,->,271,169,->,271,170,->,271,171,->,271,172,->,271,173,->,271,174,->,271,175,->,271,176,->,271,177,->,271,178,->,271,181,->,271,185,->,271,186,->,271,187,->,271,188,->,271,189,->,271,190,->,271,191,->,271,193,->,271,195,->,271,196,->,271,197,->,271,198,->,271,200,->,271,201,->,271,202,->,271,203,->,271,204,->,271,207,->,271,208,->,271,210,->,271,212,->,271,213,->,271,216,->,271,217,->,271,218,->,271,219,->,271,220,->,271,221,->,271,222,->,271,223,->,271,224,->,271,225,->,271,228,->,271,229,->,271,230,->,271,231,->,271,232,->,271,233,->,271,234,->,271,235,->,271,236,->,271,237,->,271,238,->,271,239,->,271,240,->,271,241,->,271,242,->,271,243,->,271,244,->,271,245,->,271,246,->,271,247,->,271,248,->,271,249,->,271,250,->,271,251,->,271,252,->,271,253,->,271,257,->,271,258,->,271,259,->,271,260,->,271,261,->,271,262,->,271,263,->,271,264,->,271,265,->,271,266,->,271,267,->,271,268,->,271,269,->,271,270,->,271,271,->,271,272,->,271,273,->,271,274,->,271,275,->,271,276,->,271,277,->,271,278,->,271,279,->,271,280,->,271,281,->,271,282,->,271,283,->,271,284,->,271,285,->,271,286,->,271,287,->,271,288,->,271,289,->,271,290,->,271,291,->,271,292,->,271,293,->,271,294,->,271,295,->,271,296,->,271,297,->,271,298,->,271,299,->,271,300,->,271,301,->,271,302,->,271,303,->,272,0,->,272,1,->,272,2,->,272,3,->,272,4,->,272,5,->,272,6,->,272,7,->,272,8,->,272,9,->,272,10,->,272,11,->,272,12,->,272,13,->,272,14,->,272,15,->,272,16,->,272,17,->,272,18,->,272,19,->,272,20,->,272,21,->,272,22,->,272,23,->,272,24,->,272,25,->,272,26,->,272,27,->,272,28,->,272,29,->,272,30,->,272,31,->,272,32,->,272,33,->,272,34,->,272,35,->,272,36,->,272,37,->,272,38,->,272,39,->,272,40,->,272,41,->,272,42,->,272,43,->,272,44,->,272,45,->,272,46,->,272,47,->,272,48,->,272,49,->,272,50,->,272,51,->,272,52,->,272,53,->,272,54,->,272,55,->,272,56,->,272,57,->,272,58,->,272,59,->,272,60,->,272,61,->,272,62,->,272,63,->,272,64,->,272,65,->,272,66,->,272,67,->,272,68,->,272,69,->,272,70,->,272,71,->,272,72,->,272,73,->,272,74,->,272,75,->,272,76,->,272,77,->,272,78,->,272,79,->,272,80,->,272,81,->,272,82,->,272,83,->,272,84,->,272,85,->,272,86,->,272,87,->,272,88,->,272,89,->,272,101,->,272,102,->,272,103,->,272,104,->,272,105,->,272,106,->,272,107,->,272,108,->,272,109,->,272,110,->,272,111,->,272,112,->,272,113,->,272,114,->,272,115,->,272,116,->,272,117,->,272,118,->,272,119,->,272,120,->,272,121,->,272,122,->,272,123,->,272,124,->,272,125,->,272,126,->,272,127,->,272,128,->,272,129,->,272,130,->,272,131,->,272,132,->,272,133,->,272,134,->,272,135,->,272,136,->,272,137,->,272,138,->,272,139,->,272,140,->,272,141,->,272,142,->,272,143,->,272,144,->,272,145,->,272,146,->,272,147,->,272,148,->,272,149,->,272,150,->,272,151,->,272,152,->,272,153,->,272,154,->,272,155,->,272,156,->,272,157,->,272,158,->,272,159,->,272,160,->,272,161,->,272,162,->,272,163,->,272,164,->,272,165,->,272,166,->,272,167,->,272,168,->,272,169,->,272,170,->,272,171,->,272,172,->,272,173,->,272,174,->,272,175,->,272,176,->,272,177,->,272,181,->,272,185,->,272,186,->,272,187,->,272,188,->,272,189,->,272,190,->,272,191,->,272,196,->,272,197,->,272,198,->,272,199,->,272,201,->,272,202,->,272,203,->,272,204,->,272,206,->,272,207,->,272,208,->,272,209,->,272,211,->,272,212,->,272,213,->,272,216,->,272,217,->,272,218,->,272,222,->,272,224,->,272,225,->,272,226,->,272,227,->,272,228,->,272,229,->,272,230,->,272,231,->,272,232,->,272,233,->,272,234,->,272,235,->,272,236,->,272,237,->,272,238,->,272,239,->,272,240,->,272,241,->,272,242,->,272,243,->,272,244,->,272,245,->,272,246,->,272,247,->,272,248,->,272,249,->,272,250,->,272,251,->,272,252,->,272,253,->,272,254,->,272,257,->,272,258,->,272,259,->,272,260,->,272,261,->,272,262,->,272,263,->,272,264,->,272,265,->,272,266,->,272,267,->,272,268,->,272,269,->,272,270,->,272,271,->,272,272,->,272,273,->,272,274,->,272,275,->,272,276,->,272,277,->,272,278,->,272,279,->,272,280,->,272,281,->,272,282,->,272,283,->,272,284,->,272,285,->,272,286,->,272,287,->,272,288,->,272,289,->,272,290,->,272,291,->,272,292,->,272,293,->,272,294,->,272,295,->,272,296,->,272,297,->,272,298,->,272,299,->,272,300,->,272,301,->,272,302,->,272,303,->,273,0,->,273,1,->,273,2,->,273,3,->,273,4,->,273,5,->,273,6,->,273,7,->,273,8,->,273,9,->,273,10,->,273,11,->,273,12,->,273,13,->,273,14,->,273,15,->,273,16,->,273,17,->,273,18,->,273,19,->,273,20,->,273,21,->,273,22,->,273,23,->,273,24,->,273,25,->,273,26,->,273,27,->,273,28,->,273,29,->,273,30,->,273,31,->,273,32,->,273,33,->,273,34,->,273,35,->,273,36,->,273,37,->,273,38,->,273,39,->,273,40,->,273,41,->,273,42,->,273,43,->,273,44,->,273,45,->,273,46,->,273,47,->,273,48,->,273,49,->,273,50,->,273,51,->,273,52,->,273,53,->,273,54,->,273,55,->,273,56,->,273,57,->,273,58,->,273,59,->,273,60,->,273,61,->,273,62,->,273,63,->,273,64,->,273,65,->,273,66,->,273,67,->,273,68,->,273,69,->,273,70,->,273,71,->,273,72,->,273,73,->,273,74,->,273,75,->,273,76,->,273,77,->,273,78,->,273,79,->,273,80,->,273,81,->,273,82,->,273,83,->,273,84,->,273,85,->,273,88,->,273,89,->,273,90,->,273,91,->,273,92,->,273,93,->,273,94,->,273,95,->,273,96,->,273,102,->,273,103,->,273,104,->,273,105,->,273,106,->,273,107,->,273,108,->,273,109,->,273,110,->,273,111,->,273,112,->,273,113,->,273,114,->,273,115,->,273,116,->,273,117,->,273,118,->,273,119,->,273,120,->,273,121,->,273,122,->,273,123,->,273,124,->,273,125,->,273,126,->,273,127,->,273,128,->,273,129,->,273,130,->,273,131,->,273,132,->,273,133,->,273,134,->,273,135,->,273,136,->,273,137,->,273,138,->,273,139,->,273,140,->,273,141,->,273,142,->,273,143,->,273,144,->,273,145,->,273,146,->,273,147,->,273,148,->,273,149,->,273,150,->,273,151,->,273,152,->,273,153,->,273,154,->,273,155,->,273,156,->,273,157,->,273,158,->,273,159,->,273,160,->,273,161,->,273,162,->,273,163,->,273,164,->,273,165,->,273,166,->,273,167,->,273,168,->,273,169,->,273,170,->,273,171,->,273,172,->,273,173,->,273,174,->,273,175,->,273,176,->,273,177,->,273,181,->,273,186,->,273,187,->,273,188,->,273,189,->,273,190,->,273,192,->,273,198,->,273,199,->,273,200,->,273,201,->,273,202,->,273,203,->,273,204,->,273,206,->,273,207,->,273,208,->,273,210,->,273,212,->,273,215,->,273,218,->,273,219,->,273,220,->,273,222,->,273,223,->,273,226,->,273,229,->,273,230,->,273,231,->,273,232,->,273,233,->,273,234,->,273,235,->,273,236,->,273,237,->,273,238,->,273,239,->,273,240,->,273,241,->,273,242,->,273,243,->,273,244,->,273,245,->,273,246,->,273,247,->,273,248,->,273,249,->,273,250,->,273,251,->,273,252,->,273,253,->,273,254,->,273,255,->,273,256,->,273,257,->,273,258,->,273,259,->,273,260,->,273,261,->,273,262,->,273,263,->,273,264,->,273,265,->,273,266,->,273,267,->,273,268,->,273,269,->,273,270,->,273,271,->,273,272,->,273,273,->,273,274,->,273,275,->,273,276,->,273,277,->,273,278,->,273,282,->,273,283,->,273,284,->,273,285,->,273,286,->,273,287,->,273,288,->,273,289,->,273,290,->,273,291,->,273,292,->,273,293,->,273,294,->,273,295,->,273,296,->,273,297,->,273,298,->,273,299,->,273,300,->,273,301,->,273,302,->,273,303,->,274,0,->,274,1,->,274,2,->,274,3,->,274,4,->,274,5,->,274,6,->,274,7,->,274,8,->,274,9,->,274,10,->,274,11,->,274,12,->,274,13,->,274,14,->,274,15,->,274,16,->,274,17,->,274,18,->,274,19,->,274,20,->,274,21,->,274,22,->,274,23,->,274,24,->,274,25,->,274,26,->,274,27,->,274,28,->,274,29,->,274,30,->,274,31,->,274,32,->,274,33,->,274,34,->,274,35,->,274,36,->,274,37,->,274,38,->,274,39,->,274,40,->,274,41,->,274,42,->,274,43,->,274,44,->,274,45,->,274,46,->,274,47,->,274,48,->,274,49,->,274,50,->,274,51,->,274,52,->,274,53,->,274,54,->,274,55,->,274,56,->,274,57,->,274,58,->,274,59,->,274,60,->,274,61,->,274,62,->,274,63,->,274,64,->,274,65,->,274,66,->,274,67,->,274,68,->,274,69,->,274,70,->,274,71,->,274,72,->,274,73,->,274,74,->,274,75,->,274,76,->,274,77,->,274,78,->,274,79,->,274,80,->,274,81,->,274,82,->,274,83,->,274,84,->,274,85,->,274,88,->,274,89,->,274,90,->,274,91,->,274,92,->,274,93,->,274,94,->,274,95,->,274,96,->,274,97,->,274,101,->,274,102,->,274,103,->,274,104,->,274,105,->,274,106,->,274,107,->,274,108,->,274,109,->,274,110,->,274,111,->,274,112,->,274,113,->,274,114,->,274,115,->,274,116,->,274,117,->,274,118,->,274,119,->,274,120,->,274,121,->,274,122,->,274,123,->,274,124,->,274,125,->,274,126,->,274,127,->,274,128,->,274,129,->,274,130,->,274,131,->,274,132,->,274,133,->,274,134,->,274,135,->,274,136,->,274,137,->,274,138,->,274,139,->,274,140,->,274,141,->,274,142,->,274,143,->,274,144,->,274,145,->,274,146,->,274,147,->,274,148,->,274,149,->,274,150,->,274,151,->,274,152,->,274,153,->,274,154,->,274,155,->,274,156,->,274,157,->,274,158,->,274,159,->,274,160,->,274,161,->,274,162,->,274,163,->,274,164,->,274,165,->,274,166,->,274,167,->,274,168,->,274,169,->,274,170,->,274,171,->,274,172,->,274,173,->,274,174,->,274,175,->,274,176,->,274,177,->,274,178,->,274,179,->,274,180,->,274,181,->,274,186,->,274,187,->,274,190,->,274,191,->,274,199,->,274,200,->,274,201,->,274,202,->,274,203,->,274,204,->,274,205,->,274,207,->,274,208,->,274,210,->,274,211,->,274,212,->,274,214,->,274,216,->,274,217,->,274,218,->,274,220,->,274,223,->,274,224,->,274,227,->,274,228,->,274,229,->,274,230,->,274,231,->,274,232,->,274,233,->,274,234,->,274,235,->,274,236,->,274,237,->,274,238,->,274,239,->,274,240,->,274,241,->,274,242,->,274,243,->,274,244,->,274,245,->,274,246,->,274,247,->,274,248,->,274,249,->,274,250,->,274,251,->,274,252,->,274,253,->,274,254,->,274,259,->,274,260,->,274,261,->,274,262,->,274,263,->,274,264,->,274,265,->,274,266,->,274,267,->,274,268,->,274,269,->,274,270,->,274,271,->,274,272,->,274,273,->,274,274,->,274,275,->,274,276,->,274,277,->,274,278,->,274,279,->,274,282,->,274,283,->,274,284,->,274,285,->,274,286,->,274,287,->,274,288,->,274,289,->,274,290,->,274,291,->,274,292,->,274,293,->,274,294,->,274,295,->,274,296,->,274,297,->,274,298,->,274,299,->,274,300,->,274,301,->,274,302,->,274,303,->,275,0,->,275,1,->,275,2,->,275,3,->,275,4,->,275,5,->,275,6,->,275,7,->,275,8,->,275,9,->,275,10,->,275,11,->,275,12,->,275,13,->,275,14,->,275,15,->,275,16,->,275,17,->,275,18,->,275,19,->,275,20,->,275,21,->,275,22,->,275,23,->,275,24,->,275,25,->,275,26,->,275,27,->,275,28,->,275,29,->,275,30,->,275,31,->,275,32,->,275,33,->,275,34,->,275,35,->,275,36,->,275,37,->,275,38,->,275,39,->,275,40,->,275,41,->,275,42,->,275,43,->,275,44,->,275,45,->,275,46,->,275,47,->,275,48,->,275,49,->,275,50,->,275,51,->,275,52,->,275,53,->,275,54,->,275,55,->,275,56,->,275,57,->,275,58,->,275,59,->,275,60,->,275,61,->,275,62,->,275,63,->,275,64,->,275,65,->,275,66,->,275,67,->,275,68,->,275,69,->,275,70,->,275,71,->,275,72,->,275,73,->,275,74,->,275,75,->,275,76,->,275,77,->,275,78,->,275,79,->,275,80,->,275,81,->,275,82,->,275,83,->,275,89,->,275,90,->,275,91,->,275,92,->,275,93,->,275,94,->,275,95,->,275,96,->,275,97,->,275,98,->,275,99,->,275,100,->,275,101,->,275,102,->,275,103,->,275,104,->,275,105,->,275,106,->,275,107,->,275,108,->,275,109,->,275,110,->,275,111,->,275,112,->,275,113,->,275,114,->,275,115,->,275,116,->,275,117,->,275,118,->,275,119,->,275,120,->,275,121,->,275,122,->,275,123,->,275,124,->,275,125,->,275,126,->,275,127,->,275,128,->,275,129,->,275,130,->,275,131,->,275,132,->,275,133,->,275,134,->,275,135,->,275,136,->,275,137,->,275,138,->,275,139,->,275,140,->,275,141,->,275,142,->,275,143,->,275,144,->,275,145,->,275,146,->,275,147,->,275,148,->,275,149,->,275,150,->,275,151,->,275,152,->,275,153,->,275,154,->,275,155,->,275,156,->,275,157,->,275,158,->,275,159,->,275,160,->,275,161,->,275,162,->,275,163,->,275,164,->,275,165,->,275,166,->,275,167,->,275,168,->,275,169,->,275,170,->,275,171,->,275,172,->,275,173,->,275,174,->,275,175,->,275,176,->,275,177,->,275,178,->,275,186,->,275,187,->,275,188,->,275,191,->,275,192,->,275,193,->,275,199,->,275,200,->,275,203,->,275,204,->,275,206,->,275,208,->,275,211,->,275,214,->,275,215,->,275,218,->,275,219,->,275,221,->,275,225,->,275,228,->,275,229,->,275,230,->,275,231,->,275,232,->,275,233,->,275,234,->,275,235,->,275,236,->,275,237,->,275,238,->,275,239,->,275,240,->,275,241,->,275,242,->,275,243,->,275,244,->,275,245,->,275,246,->,275,247,->,275,248,->,275,249,->,275,250,->,275,251,->,275,252,->,275,253,->,275,260,->,275,261,->,275,262,->,275,263,->,275,264,->,275,265,->,275,266,->,275,267,->,275,268,->,275,269,->,275,270,->,275,271,->,275,272,->,275,273,->,275,274,->,275,275,->,275,276,->,275,277,->,275,278,->,275,282,->,275,283,->,275,284,->,275,285,->,275,286,->,275,287,->,275,288,->,275,289,->,275,290,->,275,291,->,275,292,->,275,293,->,275,294,->,275,295,->,275,296,->,275,297,->,275,298,->,275,299,->,275,300,->,275,301,->,275,302,->,275,303,->,276,0,->,276,1,->,276,2,->,276,3,->,276,4,->,276,5,->,276,6,->,276,7,->,276,8,->,276,9,->,276,10,->,276,11,->,276,12,->,276,13,->,276,14,->,276,15,->,276,16,->,276,17,->,276,18,->,276,19,->,276,20,->,276,21,->,276,22,->,276,23,->,276,24,->,276,25,->,276,26,->,276,27,->,276,28,->,276,29,->,276,30,->,276,31,->,276,32,->,276,33,->,276,34,->,276,35,->,276,36,->,276,37,->,276,38,->,276,39,->,276,40,->,276,41,->,276,42,->,276,43,->,276,44,->,276,45,->,276,46,->,276,47,->,276,48,->,276,49,->,276,50,->,276,51,->,276,52,->,276,53,->,276,54,->,276,55,->,276,56,->,276,57,->,276,58,->,276,59,->,276,60,->,276,61,->,276,62,->,276,63,->,276,64,->,276,65,->,276,66,->,276,67,->,276,68,->,276,69,->,276,70,->,276,71,->,276,72,->,276,73,->,276,74,->,276,75,->,276,76,->,276,77,->,276,78,->,276,79,->,276,80,->,276,81,->,276,82,->,276,86,->,276,89,->,276,90,->,276,91,->,276,92,->,276,93,->,276,94,->,276,95,->,276,96,->,276,97,->,276,98,->,276,99,->,276,100,->,276,101,->,276,102,->,276,103,->,276,104,->,276,105,->,276,106,->,276,107,->,276,108,->,276,109,->,276,110,->,276,111,->,276,112,->,276,113,->,276,114,->,276,115,->,276,116,->,276,117,->,276,118,->,276,119,->,276,120,->,276,121,->,276,122,->,276,123,->,276,124,->,276,125,->,276,126,->,276,127,->,276,128,->,276,129,->,276,130,->,276,131,->,276,132,->,276,133,->,276,134,->,276,135,->,276,136,->,276,137,->,276,138,->,276,139,->,276,140,->,276,141,->,276,142,->,276,143,->,276,144,->,276,145,->,276,146,->,276,147,->,276,148,->,276,149,->,276,150,->,276,151,->,276,152,->,276,153,->,276,154,->,276,155,->,276,156,->,276,157,->,276,158,->,276,159,->,276,160,->,276,161,->,276,162,->,276,163,->,276,164,->,276,165,->,276,166,->,276,167,->,276,168,->,276,169,->,276,170,->,276,171,->,276,172,->,276,173,->,276,174,->,276,175,->,276,176,->,276,177,->,276,187,->,276,188,->,276,189,->,276,191,->,276,192,->,276,193,->,276,199,->,276,200,->,276,203,->,276,204,->,276,205,->,276,206,->,276,209,->,276,210,->,276,211,->,276,212,->,276,214,->,276,216,->,276,218,->,276,219,->,276,221,->,276,222,->,276,224,->,276,225,->,276,226,->,276,228,->,276,229,->,276,230,->,276,231,->,276,232,->,276,233,->,276,234,->,276,235,->,276,236,->,276,237,->,276,238,->,276,239,->,276,240,->,276,241,->,276,242,->,276,243,->,276,244,->,276,245,->,276,246,->,276,247,->,276,248,->,276,249,->,276,250,->,276,251,->,276,252,->,276,253,->,276,254,->,276,260,->,276,261,->,276,262,->,276,263,->,276,264,->,276,265,->,276,266,->,276,267,->,276,268,->,276,269,->,276,270,->,276,271,->,276,272,->,276,273,->,276,274,->,276,275,->,276,276,->,276,277,->,276,278,->,276,281,->,276,282,->,276,283,->,276,284,->,276,285,->,276,286,->,276,287,->,276,288,->,276,289,->,276,290,->,276,291,->,276,292,->,276,293,->,276,294,->,276,295,->,276,296,->,276,297,->,276,298,->,276,299,->,276,300,->,276,301,->,276,302,->,276,303,->,277,0,->,277,1,->,277,2,->,277,3,->,277,4,->,277,5,->,277,6,->,277,7,->,277,8,->,277,9,->,277,10,->,277,11,->,277,12,->,277,13,->,277,14,->,277,15,->,277,16,->,277,17,->,277,18,->,277,19,->,277,20,->,277,21,->,277,22,->,277,23,->,277,24,->,277,25,->,277,26,->,277,27,->,277,28,->,277,29,->,277,30,->,277,31,->,277,32,->,277,33,->,277,34,->,277,35,->,277,36,->,277,37,->,277,38,->,277,39,->,277,40,->,277,41,->,277,42,->,277,43,->,277,44,->,277,45,->,277,46,->,277,47,->,277,48,->,277,49,->,277,50,->,277,51,->,277,52,->,277,53,->,277,54,->,277,55,->,277,56,->,277,57,->,277,58,->,277,59,->,277,60,->,277,61,->,277,62,->,277,63,->,277,64,->,277,65,->,277,66,->,277,67,->,277,68,->,277,69,->,277,70,->,277,71,->,277,72,->,277,73,->,277,74,->,277,75,->,277,76,->,277,77,->,277,78,->,277,79,->,277,80,->,277,81,->,277,89,->,277,90,->,277,91,->,277,92,->,277,93,->,277,94,->,277,95,->,277,96,->,277,97,->,277,98,->,277,99,->,277,100,->,277,101,->,277,102,->,277,103,->,277,104,->,277,105,->,277,106,->,277,107,->,277,108,->,277,109,->,277,110,->,277,111,->,277,112,->,277,113,->,277,114,->,277,115,->,277,116,->,277,117,->,277,118,->,277,119,->,277,120,->,277,121,->,277,122,->,277,123,->,277,124,->,277,125,->,277,126,->,277,127,->,277,128,->,277,129,->,277,130,->,277,131,->,277,132,->,277,133,->,277,134,->,277,135,->,277,136,->,277,137,->,277,138,->,277,139,->,277,140,->,277,141,->,277,142,->,277,143,->,277,144,->,277,145,->,277,146,->,277,147,->,277,148,->,277,149,->,277,150,->,277,151,->,277,152,->,277,153,->,277,154,->,277,155,->,277,156,->,277,157,->,277,158,->,277,159,->,277,160,->,277,161,->,277,162,->,277,163,->,277,164,->,277,165,->,277,166,->,277,167,->,277,168,->,277,169,->,277,170,->,277,171,->,277,172,->,277,173,->,277,174,->,277,175,->,277,176,->,277,177,->,277,187,->,277,188,->,277,189,->,277,190,->,277,191,->,277,192,->,277,193,->,277,198,->,277,199,->,277,204,->,277,205,->,277,208,->,277,210,->,277,211,->,277,212,->,277,217,->,277,219,->,277,220,->,277,223,->,277,224,->,277,227,->,277,229,->,277,230,->,277,231,->,277,232,->,277,233,->,277,234,->,277,235,->,277,236,->,277,237,->,277,238,->,277,239,->,277,240,->,277,241,->,277,242,->,277,243,->,277,244,->,277,245,->,277,246,->,277,247,->,277,248,->,277,249,->,277,250,->,277,251,->,277,252,->,277,253,->,277,254,->,277,261,->,277,262,->,277,263,->,277,264,->,277,265,->,277,266,->,277,267,->,277,268,->,277,269,->,277,270,->,277,271,->,277,272,->,277,273,->,277,274,->,277,275,->,277,276,->,277,277,->,277,278,->,277,279,->,277,280,->,277,281,->,277,282,->,277,283,->,277,284,->,277,285,->,277,286,->,277,287,->,277,288,->,277,289,->,277,290,->,277,291,->,277,292,->,277,293,->,277,294,->,277,295,->,277,296,->,277,297,->,277,298,->,277,299,->,277,300,->,277,301,->,277,302,->,277,303,->,278,0,->,278,1,->,278,2,->,278,3,->,278,4,->,278,5,->,278,6,->,278,7,->,278,8,->,278,9,->,278,10,->,278,11,->,278,12,->,278,13,->,278,14,->,278,15,->,278,16,->,278,17,->,278,18,->,278,19,->,278,20,->,278,21,->,278,22,->,278,23,->,278,24,->,278,25,->,278,26,->,278,27,->,278,28,->,278,29,->,278,30,->,278,31,->,278,32,->,278,33,->,278,34,->,278,35,->,278,36,->,278,37,->,278,38,->,278,39,->,278,40,->,278,41,->,278,42,->,278,43,->,278,44,->,278,45,->,278,46,->,278,47,->,278,48,->,278,49,->,278,50,->,278,51,->,278,52,->,278,53,->,278,54,->,278,55,->,278,56,->,278,57,->,278,58,->,278,59,->,278,60,->,278,61,->,278,62,->,278,63,->,278,64,->,278,65,->,278,66,->,278,67,->,278,68,->,278,69,->,278,70,->,278,71,->,278,72,->,278,73,->,278,74,->,278,75,->,278,76,->,278,77,->,278,78,->,278,79,->,278,80,->,278,81,->,278,89,->,278,90,->,278,91,->,278,92,->,278,93,->,278,94,->,278,95,->,278,96,->,278,97,->,278,98,->,278,99,->,278,100,->,278,101,->,278,104,->,278,105,->,278,106,->,278,107,->,278,108,->,278,109,->,278,110,->,278,111,->,278,112,->,278,113,->,278,114,->,278,115,->,278,116,->,278,117,->,278,118,->,278,119,->,278,120,->,278,121,->,278,122,->,278,123,->,278,124,->,278,125,->,278,126,->,278,127,->,278,128,->,278,129,->,278,130,->,278,131,->,278,132,->,278,133,->,278,134,->,278,135,->,278,136,->,278,137,->,278,138,->,278,139,->,278,140,->,278,141,->,278,142,->,278,143,->,278,144,->,278,145,->,278,146,->,278,147,->,278,148,->,278,149,->,278,150,->,278,151,->,278,152,->,278,153,->,278,154,->,278,155,->,278,156,->,278,157,->,278,158,->,278,159,->,278,160,->,278,161,->,278,162,->,278,163,->,278,164,->,278,165,->,278,166,->,278,167,->,278,168,->,278,169,->,278,170,->,278,171,->,278,172,->,278,173,->,278,174,->,278,175,->,278,176,->,278,177,->,278,187,->,278,188,->,278,189,->,278,190,->,278,191,->,278,192,->,278,205,->,278,206,->,278,209,->,278,211,->,278,212,->,278,213,->,278,217,->,278,221,->,278,222,->,278,226,->,278,227,->,278,228,->,278,230,->,278,231,->,278,232,->,278,233,->,278,234,->,278,235,->,278,236,->,278,237,->,278,238,->,278,239,->,278,240,->,278,241,->,278,242,->,278,243,->,278,244,->,278,245,->,278,246,->,278,247,->,278,248,->,278,249,->,278,250,->,278,251,->,278,252,->,278,253,->,278,254,->,278,255,->,278,261,->,278,262,->,278,263,->,278,264,->,278,265,->,278,266,->,278,267,->,278,268,->,278,269,->,278,270,->,278,271,->,278,272,->,278,273,->,278,274,->,278,275,->,278,276,->,278,277,->,278,278,->,278,279,->,278,280,->,278,281,->,278,282,->,278,283,->,278,284,->,278,285,->,278,286,->,278,287,->,278,288,->,278,289,->,278,290,->,278,291,->,278,292,->,278,293,->,278,294,->,278,295,->,278,296,->,278,297,->,278,298,->,278,299,->,278,300,->,278,301,->,278,302,->,278,303,->,279,0,->,279,1,->,279,2,->,279,3,->,279,4,->,279,5,->,279,6,->,279,7,->,279,8,->,279,9,->,279,10,->,279,11,->,279,12,->,279,13,->,279,14,->,279,15,->,279,16,->,279,17,->,279,18,->,279,19,->,279,20,->,279,21,->,279,22,->,279,23,->,279,24,->,279,25,->,279,26,->,279,27,->,279,28,->,279,29,->,279,30,->,279,31,->,279,32,->,279,33,->,279,34,->,279,35,->,279,36,->,279,37,->,279,38,->,279,39,->,279,40,->,279,41,->,279,42,->,279,43,->,279,44,->,279,45,->,279,46,->,279,47,->,279,48,->,279,49,->,279,50,->,279,51,->,279,52,->,279,53,->,279,54,->,279,55,->,279,56,->,279,57,->,279,58,->,279,59,->,279,60,->,279,61,->,279,62,->,279,63,->,279,64,->,279,65,->,279,66,->,279,67,->,279,68,->,279,69,->,279,70,->,279,71,->,279,72,->,279,73,->,279,74,->,279,75,->,279,76,->,279,77,->,279,78,->,279,79,->,279,80,->,279,81,->,279,82,->,279,89,->,279,90,->,279,91,->,279,92,->,279,93,->,279,94,->,279,95,->,279,96,->,279,97,->,279,98,->,279,99,->,279,100,->,279,101,->,279,102,->,279,103,->,279,104,->,279,105,->,279,106,->,279,107,->,279,108,->,279,109,->,279,110,->,279,111,->,279,112,->,279,113,->,279,114,->,279,115,->,279,116,->,279,117,->,279,118,->,279,119,->,279,120,->,279,121,->,279,122,->,279,123,->,279,127,->,279,128,->,279,129,->,279,130,->,279,131,->,279,132,->,279,133,->,279,134,->,279,135,->,279,136,->,279,137,->,279,138,->,279,139,->,279,140,->,279,141,->,279,142,->,279,143,->,279,144,->,279,145,->,279,146,->,279,147,->,279,148,->,279,149,->,279,150,->,279,151,->,279,152,->,279,153,->,279,154,->,279,155,->,279,156,->,279,157,->,279,158,->,279,159,->,279,160,->,279,161,->,279,162,->,279,163,->,279,164,->,279,165,->,279,166,->,279,167,->,279,168,->,279,169,->,279,170,->,279,171,->,279,172,->,279,173,->,279,174,->,279,175,->,279,176,->,279,177,->,279,187,->,279,188,->,279,189,->,279,190,->,279,191,->,279,192,->,279,209,->,279,210,->,279,211,->,279,213,->,279,215,->,279,217,->,279,218,->,279,219,->,279,220,->,279,221,->,279,222,->,279,223,->,279,225,->,279,227,->,279,230,->,279,231,->,279,232,->,279,233,->,279,234,->,279,235,->,279,236,->,279,237,->,279,238,->,279,239,->,279,240,->,279,241,->,279,242,->,279,243,->,279,244,->,279,245,->,279,246,->,279,247,->,279,248,->,279,249,->,279,250,->,279,251,->,279,252,->,279,253,->,279,254,->,279,255,->,279,256,->,279,257,->,279,261,->,279,262,->,279,263,->,279,264,->,279,265,->,279,266,->,279,267,->,279,268,->,279,269,->,279,270,->,279,271,->,279,272,->,279,273,->,279,274,->,279,275,->,279,276,->,279,277,->,279,278,->,279,279,->,279,280,->,279,281,->,279,282,->,279,283,->,279,284,->,279,285,->,279,286,->,279,287,->,279,288,->,279,289,->,279,290,->,279,291,->,279,292,->,279,293,->,279,294,->,279,295,->,279,296,->,279,297,->,279,298,->,279,299,->,279,300,->,279,301,->,279,302,->,279,303,->,280,0,->,280,1,->,280,2,->,280,3,->,280,4,->,280,5,->,280,6,->,280,7,->,280,8,->,280,9,->,280,10,->,280,11,->,280,12,->,280,13,->,280,14,->,280,15,->,280,16,->,280,17,->,280,18,->,280,19,->,280,20,->,280,21,->,280,22,->,280,23,->,280,24,->,280,25,->,280,26,->,280,27,->,280,28,->,280,29,->,280,30,->,280,31,->,280,32,->,280,33,->,280,34,->,280,35,->,280,36,->,280,37,->,280,38,->,280,39,->,280,40,->,280,41,->,280,42,->,280,43,->,280,44,->,280,45,->,280,46,->,280,47,->,280,48,->,280,49,->,280,50,->,280,51,->,280,52,->,280,53,->,280,54,->,280,55,->,280,56,->,280,57,->,280,58,->,280,59,->,280,60,->,280,61,->,280,62,->,280,63,->,280,64,->,280,65,->,280,66,->,280,67,->,280,68,->,280,69,->,280,70,->,280,71,->,280,72,->,280,73,->,280,74,->,280,75,->,280,76,->,280,77,->,280,78,->,280,79,->,280,80,->,280,81,->,280,89,->,280,90,->,280,91,->,280,92,->,280,93,->,280,94,->,280,95,->,280,96,->,280,97,->,280,98,->,280,99,->,280,100,->,280,101,->,280,102,->,280,103,->,280,104,->,280,105,->,280,106,->,280,107,->,280,108,->,280,109,->,280,110,->,280,111,->,280,112,->,280,113,->,280,114,->,280,115,->,280,116,->,280,117,->,280,118,->,280,119,->,280,120,->,280,121,->,280,122,->,280,123,->,280,124,->,280,125,->,280,126,->,280,127,->,280,128,->,280,129,->,280,130,->,280,131,->,280,132,->,280,133,->,280,134,->,280,135,->,280,136,->,280,137,->,280,138,->,280,139,->,280,140,->,280,141,->,280,142,->,280,143,->,280,144,->,280,145,->,280,146,->,280,147,->,280,148,->,280,149,->,280,150,->,280,151,->,280,152,->,280,153,->,280,154,->,280,155,->,280,156,->,280,157,->,280,158,->,280,159,->,280,160,->,280,161,->,280,162,->,280,163,->,280,164,->,280,165,->,280,166,->,280,167,->,280,168,->,280,169,->,280,170,->,280,171,->,280,172,->,280,173,->,280,174,->,280,175,->,280,176,->,280,177,->,280,187,->,280,188,->,280,189,->,280,190,->,280,191,->,280,192,->,280,209,->,280,210,->,280,211,->,280,213,->,280,214,->,280,215,->,280,217,->,280,221,->,280,222,->,280,224,->,280,225,->,280,226,->,280,227,->,280,228,->,280,229,->,280,230,->,280,231,->,280,232,->,280,233,->,280,234,->,280,235,->,280,236,->,280,237,->,280,238,->,280,239,->,280,240,->,280,241,->,280,242,->,280,243,->,280,244,->,280,245,->,280,246,->,280,247,->,280,248,->,280,249,->,280,250,->,280,251,->,280,252,->,280,253,->,280,254,->,280,255,->,280,256,->,280,257,->,280,262,->,280,263,->,280,264,->,280,265,->,280,266,->,280,267,->,280,268,->,280,269,->,280,270,->,280,271,->,280,272,->,280,273,->,280,274,->,280,275,->,280,276,->,280,277,->,280,278,->,280,279,->,280,280,->,280,281,->,280,282,->,280,283,->,280,284,->,280,285,->,280,286,->,280,287,->,280,288,->,280,289,->,280,290,->,280,291,->,280,292,->,280,293,->,280,294,->,280,295,->,280,296,->,280,297,->,280,298,->,280,299,->,280,300,->,280,301,->,280,302,->,280,303,->,281,0,->,281,1,->,281,2,->,281,3,->,281,4,->,281,5,->,281,6,->,281,7,->,281,8,->,281,9,->,281,10,->,281,11,->,281,12,->,281,13,->,281,14,->,281,15,->,281,16,->,281,17,->,281,18,->,281,19,->,281,20,->,281,21,->,281,22,->,281,23,->,281,24,->,281,25,->,281,26,->,281,27,->,281,28,->,281,29,->,281,30,->,281,31,->,281,32,->,281,33,->,281,34,->,281,35,->,281,36,->,281,37,->,281,38,->,281,39,->,281,40,->,281,41,->,281,42,->,281,43,->,281,44,->,281,45,->,281,46,->,281,47,->,281,48,->,281,49,->,281,50,->,281,51,->,281,52,->,281,53,->,281,54,->,281,55,->,281,56,->,281,57,->,281,58,->,281,59,->,281,60,->,281,61,->,281,62,->,281,63,->,281,64,->,281,65,->,281,66,->,281,67,->,281,68,->,281,69,->,281,70,->,281,71,->,281,72,->,281,73,->,281,74,->,281,75,->,281,76,->,281,77,->,281,78,->,281,79,->,281,80,->,281,81,->,281,88,->,281,89,->,281,90,->,281,91,->,281,92,->,281,93,->,281,94,->,281,95,->,281,96,->,281,97,->,281,98,->,281,99,->,281,100,->,281,101,->,281,102,->,281,103,->,281,104,->,281,105,->,281,106,->,281,107,->,281,108,->,281,109,->,281,110,->,281,111,->,281,112,->,281,113,->,281,114,->,281,115,->,281,116,->,281,117,->,281,118,->,281,119,->,281,120,->,281,121,->,281,122,->,281,125,->,281,126,->,281,127,->,281,128,->,281,129,->,281,130,->,281,131,->,281,132,->,281,133,->,281,134,->,281,135,->,281,136,->,281,137,->,281,138,->,281,139,->,281,140,->,281,141,->,281,142,->,281,143,->,281,144,->,281,145,->,281,146,->,281,147,->,281,148,->,281,149,->,281,150,->,281,151,->,281,152,->,281,153,->,281,154,->,281,155,->,281,156,->,281,157,->,281,158,->,281,159,->,281,160,->,281,161,->,281,162,->,281,163,->,281,164,->,281,165,->,281,166,->,281,167,->,281,168,->,281,169,->,281,170,->,281,171,->,281,172,->,281,173,->,281,174,->,281,175,->,281,176,->,281,177,->,281,187,->,281,188,->,281,189,->,281,190,->,281,191,->,281,209,->,281,210,->,281,211,->,281,213,->,281,215,->,281,216,->,281,219,->,281,224,->,281,225,->,281,226,->,281,227,->,281,228,->,281,229,->,281,230,->,281,231,->,281,232,->,281,233,->,281,234,->,281,235,->,281,236,->,281,237,->,281,238,->,281,239,->,281,240,->,281,241,->,281,242,->,281,243,->,281,244,->,281,245,->,281,246,->,281,247,->,281,248,->,281,249,->,281,250,->,281,251,->,281,252,->,281,253,->,281,254,->,281,255,->,281,256,->,281,257,->,281,258,->,281,263,->,281,264,->,281,265,->,281,266,->,281,267,->,281,268,->,281,269,->,281,270,->,281,271,->,281,272,->,281,273,->,281,274,->,281,275,->,281,276,->,281,277,->,281,278,->,281,279,->,281,280,->,281,281,->,281,282,->,281,283,->,281,284,->,281,285,->,281,286,->,281,287,->,281,288,->,281,289,->,281,290,->,281,291,->,281,292,->,281,293,->,281,294,->,281,295,->,281,296,->,281,297,->,281,298,->,281,299,->,281,300,->,281,301,->,281,302,->,281,303,->,282,0,->,282,1,->,282,2,->,282,3,->,282,4,->,282,5,->,282,6,->,282,7,->,282,8,->,282,9,->,282,10,->,282,11,->,282,12,->,282,13,->,282,14,->,282,15,->,282,16,->,282,17,->,282,18,->,282,19,->,282,20,->,282,21,->,282,22,->,282,23,->,282,24,->,282,25,->,282,26,->,282,27,->,282,28,->,282,29,->,282,30,->,282,31,->,282,32,->,282,33,->,282,34,->,282,35,->,282,36,->,282,37,->,282,38,->,282,39,->,282,40,->,282,41,->,282,42,->,282,43,->,282,44,->,282,45,->,282,46,->,282,47,->,282,48,->,282,49,->,282,50,->,282,51,->,282,52,->,282,53,->,282,54,->,282,55,->,282,56,->,282,57,->,282,58,->,282,59,->,282,60,->,282,61,->,282,62,->,282,63,->,282,64,->,282,65,->,282,66,->,282,67,->,282,68,->,282,69,->,282,70,->,282,71,->,282,72,->,282,73,->,282,74,->,282,75,->,282,76,->,282,77,->,282,78,->,282,79,->,282,80,->,282,81,->,282,88,->,282,90,->,282,91,->,282,92,->,282,93,->,282,94,->,282,95,->,282,96,->,282,97,->,282,98,->,282,99,->,282,100,->,282,101,->,282,102,->,282,103,->,282,107,->,282,108,->,282,109,->,282,110,->,282,111,->,282,112,->,282,113,->,282,114,->,282,115,->,282,116,->,282,117,->,282,118,->,282,119,->,282,120,->,282,121,->,282,122,->,282,123,->,282,124,->,282,125,->,282,126,->,282,127,->,282,128,->,282,129,->,282,130,->,282,131,->,282,132,->,282,133,->,282,134,->,282,135,->,282,136,->,282,137,->,282,138,->,282,139,->,282,140,->,282,141,->,282,142,->,282,143,->,282,144,->,282,145,->,282,146,->,282,147,->,282,148,->,282,149,->,282,150,->,282,151,->,282,152,->,282,153,->,282,154,->,282,155,->,282,156,->,282,157,->,282,158,->,282,159,->,282,160,->,282,161,->,282,162,->,282,163,->,282,164,->,282,165,->,282,166,->,282,167,->,282,168,->,282,169,->,282,170,->,282,171,->,282,172,->,282,173,->,282,174,->,282,175,->,282,176,->,282,177,->,282,178,->,282,179,->,282,186,->,282,187,->,282,188,->,282,189,->,282,190,->,282,191,->,282,209,->,282,210,->,282,211,->,282,213,->,282,220,->,282,223,->,282,225,->,282,226,->,282,228,->,282,229,->,282,230,->,282,231,->,282,232,->,282,233,->,282,234,->,282,235,->,282,236,->,282,237,->,282,238,->,282,239,->,282,240,->,282,241,->,282,242,->,282,243,->,282,244,->,282,245,->,282,246,->,282,247,->,282,248,->,282,249,->,282,250,->,282,251,->,282,252,->,282,253,->,282,254,->,282,255,->,282,256,->,282,257,->,282,258,->,282,264,->,282,265,->,282,266,->,282,267,->,282,268,->,282,269,->,282,270,->,282,271,->,282,272,->,282,273,->,282,274,->,282,275,->,282,276,->,282,277,->,282,278,->,282,279,->,282,280,->,282,281,->,282,282,->,282,283,->,282,284,->,282,285,->,282,286,->,282,287,->,282,288,->,282,289,->,282,290,->,282,291,->,282,292,->,282,293,->,282,294,->,282,295,->,282,296,->,282,297,->,282,298,->,282,299,->,282,300,->,282,301,->,282,302,->,282,303,->,283,0,->,283,1,->,283,2,->,283,3,->,283,4,->,283,5,->,283,6,->,283,7,->,283,8,->,283,9,->,283,10,->,283,11,->,283,12,->,283,13,->,283,14,->,283,15,->,283,16,->,283,17,->,283,18,->,283,19,->,283,20,->,283,21,->,283,22,->,283,23,->,283,24,->,283,25,->,283,26,->,283,27,->,283,28,->,283,29,->,283,30,->,283,31,->,283,32,->,283,33,->,283,34,->,283,35,->,283,36,->,283,37,->,283,38,->,283,39,->,283,40,->,283,41,->,283,42,->,283,43,->,283,44,->,283,45,->,283,46,->,283,47,->,283,48,->,283,49,->,283,50,->,283,51,->,283,52,->,283,53,->,283,54,->,283,55,->,283,56,->,283,57,->,283,58,->,283,59,->,283,60,->,283,61,->,283,62,->,283,63,->,283,64,->,283,65,->,283,66,->,283,67,->,283,68,->,283,69,->,283,70,->,283,71,->,283,76,->,283,77,->,283,80,->,283,91,->,283,92,->,283,93,->,283,94,->,283,95,->,283,96,->,283,97,->,283,98,->,283,99,->,283,100,->,283,101,->,283,102,->,283,103,->,283,108,->,283,109,->,283,110,->,283,111,->,283,112,->,283,113,->,283,114,->,283,115,->,283,116,->,283,117,->,283,118,->,283,119,->,283,120,->,283,121,->,283,122,->,283,123,->,283,124,->,283,129,->,283,130,->,283,131,->,283,132,->,283,133,->,283,134,->,283,135,->,283,136,->,283,137,->,283,138,->,283,139,->,283,140,->,283,141,->,283,142,->,283,143,->,283,144,->,283,145,->,283,146,->,283,147,->,283,148,->,283,149,->,283,150,->,283,151,->,283,152,->,283,153,->,283,154,->,283,155,->,283,156,->,283,157,->,283,158,->,283,159,->,283,160,->,283,161,->,283,162,->,283,163,->,283,164,->,283,165,->,283,166,->,283,167,->,283,168,->,283,169,->,283,170,->,283,171,->,283,172,->,283,173,->,283,174,->,283,175,->,283,176,->,283,177,->,283,178,->,283,179,->,283,186,->,283,187,->,283,188,->,283,189,->,283,190,->,283,191,->,283,209,->,283,210,->,283,211,->,283,212,->,283,214,->,283,215,->,283,218,->,283,220,->,283,223,->,283,224,->,283,225,->,283,226,->,283,228,->,283,229,->,283,230,->,283,231,->,283,232,->,283,233,->,283,234,->,283,235,->,283,236,->,283,237,->,283,238,->,283,239,->,283,240,->,283,241,->,283,242,->,283,243,->,283,244,->,283,245,->,283,246,->,283,247,->,283,248,->,283,249,->,283,250,->,283,251,->,283,252,->,283,253,->,283,254,->,283,255,->,283,256,->,283,257,->,283,258,->,283,259,->,283,267,->,283,268,->,283,269,->,283,270,->,283,271,->,283,272,->,283,273,->,283,274,->,283,275,->,283,276,->,283,277,->,283,278,->,283,279,->,283,280,->,283,281,->,283,282,->,283,283,->,283,284,->,283,285,->,283,286,->,283,287,->,283,288,->,283,289,->,283,290,->,283,291,->,283,292,->,283,293,->,283,294,->,283,295,->,283,296,->,283,297,->,283,298,->,283,299,->,283,300,->,283,301,->,283,302,->,283,303,->,284,0,->,284,1,->,284,2,->,284,3,->,284,4,->,284,5,->,284,6,->,284,7,->,284,8,->,284,9,->,284,10,->,284,11,->,284,12,->,284,13,->,284,14,->,284,15,->,284,16,->,284,17,->,284,18,->,284,19,->,284,20,->,284,21,->,284,22,->,284,23,->,284,24,->,284,25,->,284,26,->,284,27,->,284,28,->,284,29,->,284,30,->,284,31,->,284,32,->,284,33,->,284,34,->,284,35,->,284,36,->,284,37,->,284,38,->,284,39,->,284,40,->,284,41,->,284,42,->,284,43,->,284,44,->,284,45,->,284,46,->,284,47,->,284,48,->,284,49,->,284,50,->,284,51,->,284,52,->,284,53,->,284,54,->,284,55,->,284,56,->,284,57,->,284,58,->,284,59,->,284,60,->,284,61,->,284,62,->,284,63,->,284,64,->,284,65,->,284,66,->,284,67,->,284,68,->,284,69,->,284,70,->,284,71,->,284,91,->,284,92,->,284,93,->,284,94,->,284,95,->,284,96,->,284,97,->,284,98,->,284,99,->,284,100,->,284,101,->,284,102,->,284,109,->,284,110,->,284,111,->,284,112,->,284,113,->,284,114,->,284,115,->,284,116,->,284,117,->,284,118,->,284,119,->,284,120,->,284,121,->,284,122,->,284,129,->,284,130,->,284,131,->,284,132,->,284,133,->,284,134,->,284,135,->,284,136,->,284,137,->,284,138,->,284,139,->,284,140,->,284,141,->,284,142,->,284,143,->,284,144,->,284,145,->,284,146,->,284,147,->,284,148,->,284,149,->,284,150,->,284,151,->,284,152,->,284,153,->,284,154,->,284,155,->,284,156,->,284,157,->,284,158,->,284,159,->,284,160,->,284,161,->,284,162,->,284,163,->,284,164,->,284,165,->,284,166,->,284,167,->,284,168,->,284,169,->,284,170,->,284,171,->,284,172,->,284,173,->,284,174,->,284,175,->,284,176,->,284,177,->,284,178,->,284,179,->,284,180,->,284,186,->,284,187,->,284,188,->,284,189,->,284,190,->,284,191,->,284,208,->,284,209,->,284,210,->,284,211,->,284,213,->,284,215,->,284,216,->,284,219,->,284,222,->,284,225,->,284,228,->,284,229,->,284,230,->,284,231,->,284,232,->,284,233,->,284,234,->,284,235,->,284,236,->,284,237,->,284,238,->,284,239,->,284,240,->,284,241,->,284,242,->,284,243,->,284,244,->,284,245,->,284,246,->,284,247,->,284,248,->,284,249,->,284,250,->,284,251,->,284,252,->,284,253,->,284,254,->,284,255,->,284,256,->,284,257,->,284,258,->,284,259,->,284,270,->,284,271,->,284,272,->,284,273,->,284,274,->,284,275,->,284,278,->,284,279,->,284,280,->,284,281,->,284,282,->,284,283,->,284,284,->,284,285,->,284,286,->,284,287,->,284,288,->,284,289,->,284,290,->,284,291,->,284,292,->,284,293,->,284,294,->,284,295,->,284,296,->,284,297,->,284,298,->,284,299,->,284,300,->,284,301,->,284,302,->,284,303,->,285,0,->,285,1,->,285,2,->,285,3,->,285,4,->,285,5,->,285,6,->,285,7,->,285,8,->,285,9,->,285,10,->,285,11,->,285,12,->,285,13,->,285,14,->,285,15,->,285,16,->,285,17,->,285,18,->,285,19,->,285,20,->,285,21,->,285,22,->,285,23,->,285,24,->,285,25,->,285,26,->,285,27,->,285,28,->,285,29,->,285,30,->,285,31,->,285,32,->,285,33,->,285,34,->,285,35,->,285,36,->,285,37,->,285,38,->,285,39,->,285,40,->,285,41,->,285,42,->,285,43,->,285,44,->,285,45,->,285,46,->,285,47,->,285,48,->,285,49,->,285,50,->,285,51,->,285,52,->,285,53,->,285,54,->,285,55,->,285,56,->,285,57,->,285,58,->,285,59,->,285,60,->,285,61,->,285,62,->,285,63,->,285,64,->,285,65,->,285,66,->,285,67,->,285,68,->,285,69,->,285,70,->,285,71,->,285,89,->,285,90,->,285,91,->,285,92,->,285,93,->,285,94,->,285,101,->,285,102,->,285,110,->,285,111,->,285,112,->,285,113,->,285,114,->,285,115,->,285,116,->,285,117,->,285,118,->,285,119,->,285,120,->,285,129,->,285,130,->,285,131,->,285,132,->,285,133,->,285,134,->,285,135,->,285,136,->,285,137,->,285,138,->,285,139,->,285,140,->,285,141,->,285,142,->,285,143,->,285,144,->,285,145,->,285,146,->,285,147,->,285,148,->,285,149,->,285,150,->,285,151,->,285,152,->,285,153,->,285,154,->,285,155,->,285,156,->,285,157,->,285,158,->,285,159,->,285,160,->,285,161,->,285,162,->,285,163,->,285,164,->,285,165,->,285,166,->,285,167,->,285,168,->,285,169,->,285,170,->,285,171,->,285,172,->,285,173,->,285,174,->,285,175,->,285,176,->,285,177,->,285,178,->,285,179,->,285,180,->,285,181,->,285,185,->,285,186,->,285,187,->,285,188,->,285,189,->,285,190,->,285,209,->,285,210,->,285,211,->,285,212,->,285,215,->,285,216,->,285,217,->,285,218,->,285,219,->,285,220,->,285,221,->,285,224,->,285,226,->,285,227,->,285,228,->,285,229,->,285,230,->,285,231,->,285,232,->,285,233,->,285,234,->,285,235,->,285,236,->,285,237,->,285,238,->,285,239,->,285,240,->,285,241,->,285,242,->,285,243,->,285,244,->,285,245,->,285,246,->,285,247,->,285,248,->,285,249,->,285,250,->,285,251,->,285,252,->,285,253,->,285,254,->,285,255,->,285,256,->,285,257,->,285,258,->,285,259,->,285,272,->,285,273,->,285,274,->,285,275,->,285,279,->,285,280,->,285,281,->,285,282,->,285,283,->,285,284,->,285,288,->,285,289,->,285,290,->,285,291,->,285,292,->,285,293,->,285,294,->,285,295,->,285,296,->,285,297,->,285,298,->,285,299,->,285,300,->,285,301,->,285,302,->,285,303,->,286,0,->,286,1,->,286,2,->,286,3,->,286,4,->,286,5,->,286,6,->,286,7,->,286,8,->,286,9,->,286,10,->,286,11,->,286,12,->,286,13,->,286,14,->,286,15,->,286,16,->,286,17,->,286,18,->,286,19,->,286,20,->,286,21,->,286,22,->,286,23,->,286,24,->,286,25,->,286,26,->,286,27,->,286,28,->,286,29,->,286,30,->,286,31,->,286,32,->,286,33,->,286,34,->,286,35,->,286,36,->,286,37,->,286,38,->,286,39,->,286,40,->,286,41,->,286,42,->,286,43,->,286,44,->,286,45,->,286,46,->,286,47,->,286,48,->,286,49,->,286,50,->,286,51,->,286,52,->,286,53,->,286,54,->,286,55,->,286,56,->,286,57,->,286,58,->,286,59,->,286,60,->,286,61,->,286,62,->,286,63,->,286,64,->,286,65,->,286,66,->,286,67,->,286,68,->,286,69,->,286,70,->,286,71,->,286,77,->,286,88,->,286,89,->,286,90,->,286,91,->,286,92,->,286,93,->,286,100,->,286,101,->,286,102,->,286,103,->,286,104,->,286,105,->,286,106,->,286,112,->,286,113,->,286,114,->,286,115,->,286,116,->,286,117,->,286,118,->,286,129,->,286,130,->,286,131,->,286,132,->,286,133,->,286,134,->,286,135,->,286,136,->,286,137,->,286,138,->,286,139,->,286,140,->,286,141,->,286,142,->,286,143,->,286,144,->,286,145,->,286,146,->,286,147,->,286,148,->,286,149,->,286,150,->,286,151,->,286,152,->,286,153,->,286,154,->,286,155,->,286,156,->,286,157,->,286,158,->,286,159,->,286,160,->,286,161,->,286,162,->,286,163,->,286,164,->,286,165,->,286,166,->,286,167,->,286,168,->,286,169,->,286,170,->,286,171,->,286,172,->,286,173,->,286,174,->,286,175,->,286,176,->,286,177,->,286,178,->,286,179,->,286,180,->,286,181,->,286,184,->,286,185,->,286,186,->,286,187,->,286,188,->,286,189,->,286,190,->,286,209,->,286,210,->,286,211,->,286,212,->,286,215,->,286,217,->,286,218,->,286,219,->,286,220,->,286,222,->,286,223,->,286,224,->,286,225,->,286,226,->,286,227,->,286,228,->,286,231,->,286,232,->,286,233,->,286,234,->,286,235,->,286,236,->,286,237,->,286,238,->,286,239,->,286,240,->,286,241,->,286,242,->,286,243,->,286,244,->,286,245,->,286,246,->,286,247,->,286,248,->,286,249,->,286,250,->,286,251,->,286,252,->,286,253,->,286,254,->,286,255,->,286,256,->,286,257,->,286,258,->,286,259,->,286,273,->,286,274,->,286,279,->,286,280,->,286,281,->,286,282,->,286,283,->,286,289,->,286,290,->,286,291,->,286,292,->,286,293,->,286,294,->,286,295,->,286,296,->,286,297,->,286,298,->,286,299,->,286,300,->,286,301,->,286,302,->,286,303,->,287,0,->,287,1,->,287,2,->,287,3,->,287,4,->,287,5,->,287,6,->,287,7,->,287,8,->,287,9,->,287,10,->,287,11,->,287,12,->,287,13,->,287,14,->,287,15,->,287,16,->,287,17,->,287,18,->,287,19,->,287,20,->,287,21,->,287,22,->,287,23,->,287,24,->,287,25,->,287,26,->,287,27,->,287,28,->,287,29,->,287,30,->,287,31,->,287,32,->,287,33,->,287,34,->,287,35,->,287,36,->,287,37,->,287,38,->,287,39,->,287,40,->,287,41,->,287,42,->,287,43,->,287,44,->,287,45,->,287,46,->,287,47,->,287,48,->,287,49,->,287,50,->,287,51,->,287,52,->,287,53,->,287,54,->,287,55,->,287,56,->,287,57,->,287,58,->,287,59,->,287,60,->,287,61,->,287,62,->,287,63,->,287,64,->,287,65,->,287,66,->,287,67,->,287,68,->,287,69,->,287,70,->,287,71,->,287,72,->,287,79,->,287,80,->,287,81,->,287,82,->,287,83,->,287,87,->,287,88,->,287,89,->,287,90,->,287,91,->,287,92,->,287,93,->,287,100,->,287,101,->,287,102,->,287,103,->,287,104,->,287,105,->,287,106,->,287,107,->,287,111,->,287,112,->,287,113,->,287,114,->,287,115,->,287,116,->,287,117,->,287,118,->,287,129,->,287,130,->,287,131,->,287,132,->,287,133,->,287,134,->,287,135,->,287,136,->,287,137,->,287,138,->,287,139,->,287,140,->,287,141,->,287,142,->,287,143,->,287,144,->,287,145,->,287,146,->,287,147,->,287,148,->,287,149,->,287,150,->,287,151,->,287,152,->,287,153,->,287,154,->,287,155,->,287,156,->,287,157,->,287,158,->,287,159,->,287,160,->,287,161,->,287,162,->,287,163,->,287,164,->,287,165,->,287,166,->,287,167,->,287,168,->,287,169,->,287,170,->,287,171,->,287,172,->,287,173,->,287,174,->,287,175,->,287,176,->,287,177,->,287,178,->,287,179,->,287,184,->,287,185,->,287,186,->,287,187,->,287,188,->,287,189,->,287,190,->,287,208,->,287,209,->,287,210,->,287,211,->,287,215,->,287,217,->,287,218,->,287,220,->,287,221,->,287,223,->,287,225,->,287,227,->,287,228,->,287,229,->,287,230,->,287,231,->,287,232,->,287,233,->,287,234,->,287,235,->,287,236,->,287,237,->,287,238,->,287,239,->,287,240,->,287,241,->,287,242,->,287,243,->,287,244,->,287,245,->,287,246,->,287,247,->,287,248,->,287,249,->,287,250,->,287,251,->,287,252,->,287,253,->,287,254,->,287,255,->,287,256,->,287,257,->,287,258,->,287,259,->,287,260,->,287,280,->,287,281,->,287,282,->,287,283,->,287,284,->,287,288,->,287,289,->,287,290,->,287,291,->,287,292,->,287,293,->,287,294,->,287,295,->,287,296,->,287,297,->,287,298,->,287,299,->,287,300,->,287,301,->,287,302,->,287,303,->,288,0,->,288,1,->,288,2,->,288,3,->,288,4,->,288,5,->,288,6,->,288,7,->,288,8,->,288,9,->,288,10,->,288,11,->,288,12,->,288,13,->,288,14,->,288,15,->,288,16,->,288,17,->,288,18,->,288,19,->,288,20,->,288,21,->,288,22,->,288,23,->,288,24,->,288,25,->,288,26,->,288,27,->,288,28,->,288,29,->,288,30,->,288,31,->,288,32,->,288,33,->,288,34,->,288,35,->,288,36,->,288,37,->,288,38,->,288,39,->,288,40,->,288,41,->,288,42,->,288,43,->,288,44,->,288,45,->,288,46,->,288,47,->,288,48,->,288,49,->,288,50,->,288,51,->,288,52,->,288,53,->,288,54,->,288,55,->,288,56,->,288,57,->,288,58,->,288,59,->,288,60,->,288,61,->,288,62,->,288,63,->,288,64,->,288,65,->,288,66,->,288,67,->,288,68,->,288,69,->,288,70,->,288,71,->,288,72,->,288,79,->,288,80,->,288,81,->,288,82,->,288,83,->,288,86,->,288,87,->,288,88,->,288,89,->,288,90,->,288,91,->,288,92,->,288,100,->,288,101,->,288,102,->,288,103,->,288,104,->,288,105,->,288,106,->,288,107,->,288,108,->,288,112,->,288,113,->,288,114,->,288,115,->,288,116,->,288,117,->,288,129,->,288,130,->,288,131,->,288,132,->,288,133,->,288,134,->,288,135,->,288,136,->,288,137,->,288,138,->,288,139,->,288,140,->,288,141,->,288,142,->,288,143,->,288,144,->,288,145,->,288,146,->,288,147,->,288,148,->,288,149,->,288,150,->,288,151,->,288,152,->,288,153,->,288,154,->,288,155,->,288,156,->,288,157,->,288,158,->,288,159,->,288,160,->,288,161,->,288,162,->,288,163,->,288,164,->,288,165,->,288,166,->,288,167,->,288,168,->,288,169,->,288,170,->,288,171,->,288,172,->,288,173,->,288,174,->,288,175,->,288,176,->,288,177,->,288,178,->,288,179,->,288,180,->,288,183,->,288,184,->,288,185,->,288,186,->,288,187,->,288,188,->,288,189,->,288,190,->,288,208,->,288,209,->,288,210,->,288,211,->,288,212,->,288,223,->,288,225,->,288,226,->,288,230,->,288,231,->,288,232,->,288,233,->,288,234,->,288,235,->,288,236,->,288,237,->,288,238,->,288,239,->,288,240,->,288,241,->,288,242,->,288,243,->,288,244,->,288,245,->,288,246,->,288,247,->,288,248,->,288,249,->,288,250,->,288,251,->,288,252,->,288,253,->,288,254,->,288,255,->,288,256,->,288,257,->,288,258,->,288,259,->,288,260,->,288,278,->,288,279,->,288,280,->,288,281,->,288,282,->,288,283,->,288,284,->,288,285,->,288,286,->,288,287,->,288,288,->,288,289,->,288,290,->,288,291,->,288,292,->,288,293,->,288,294,->,288,295,->,288,296,->,288,297,->,288,298,->,288,299,->,288,300,->,288,301,->,288,302,->,288,303,->,289,0,->,289,1,->,289,2,->,289,3,->,289,4,->,289,5,->,289,6,->,289,7,->,289,8,->,289,9,->,289,10,->,289,11,->,289,12,->,289,13,->,289,14,->,289,15,->,289,16,->,289,17,->,289,18,->,289,19,->,289,20,->,289,21,->,289,22,->,289,23,->,289,24,->,289,25,->,289,26,->,289,27,->,289,28,->,289,29,->,289,30,->,289,31,->,289,32,->,289,33,->,289,34,->,289,35,->,289,36,->,289,37,->,289,38,->,289,39,->,289,40,->,289,41,->,289,42,->,289,43,->,289,44,->,289,45,->,289,46,->,289,47,->,289,48,->,289,49,->,289,50,->,289,51,->,289,52,->,289,53,->,289,54,->,289,55,->,289,56,->,289,57,->,289,58,->,289,59,->,289,60,->,289,61,->,289,62,->,289,63,->,289,64,->,289,65,->,289,66,->,289,67,->,289,68,->,289,69,->,289,70,->,289,71,->,289,72,->,289,73,->,289,79,->,289,80,->,289,81,->,289,82,->,289,83,->,289,84,->,289,85,->,289,86,->,289,87,->,289,88,->,289,89,->,289,90,->,289,91,->,289,92,->,289,98,->,289,99,->,289,100,->,289,101,->,289,102,->,289,103,->,289,104,->,289,105,->,289,106,->,289,107,->,289,108,->,289,109,->,289,110,->,289,111,->,289,112,->,289,113,->,289,130,->,289,131,->,289,132,->,289,133,->,289,134,->,289,135,->,289,136,->,289,137,->,289,138,->,289,139,->,289,140,->,289,141,->,289,142,->,289,143,->,289,144,->,289,145,->,289,146,->,289,147,->,289,148,->,289,149,->,289,150,->,289,151,->,289,152,->,289,153,->,289,154,->,289,155,->,289,156,->,289,157,->,289,158,->,289,159,->,289,160,->,289,161,->,289,162,->,289,163,->,289,164,->,289,165,->,289,166,->,289,167,->,289,168,->,289,169,->,289,170,->,289,171,->,289,172,->,289,173,->,289,174,->,289,175,->,289,176,->,289,177,->,289,178,->,289,179,->,289,180,->,289,181,->,289,183,->,289,184,->,289,185,->,289,186,->,289,187,->,289,188,->,289,189,->,289,190,->,289,208,->,289,209,->,289,210,->,289,211,->,289,213,->,289,215,->,289,216,->,289,217,->,289,218,->,289,222,->,289,223,->,289,225,->,289,227,->,289,229,->,289,230,->,289,231,->,289,232,->,289,233,->,289,234,->,289,235,->,289,236,->,289,237,->,289,238,->,289,239,->,289,240,->,289,241,->,289,242,->,289,243,->,289,244,->,289,245,->,289,246,->,289,247,->,289,248,->,289,249,->,289,250,->,289,251,->,289,252,->,289,253,->,289,254,->,289,255,->,289,256,->,289,257,->,289,258,->,289,259,->,289,260,->,289,261,->,289,273,->,289,279,->,289,280,->,289,281,->,289,282,->,289,283,->,289,284,->,289,285,->,289,286,->,289,287,->,289,288,->,289,289,->,289,290,->,289,291,->,289,292,->,289,293,->,289,294,->,289,295,->,289,296,->,289,297,->,289,298,->,289,299,->,289,300,->,289,301,->,289,302,->,289,303,->,290,0,->,290,1,->,290,2,->,290,3,->,290,4,->,290,5,->,290,6,->,290,7,->,290,8,->,290,9,->,290,10,->,290,11,->,290,12,->,290,13,->,290,14,->,290,15,->,290,16,->,290,17,->,290,18,->,290,19,->,290,20,->,290,21,->,290,22,->,290,23,->,290,24,->,290,25,->,290,26,->,290,27,->,290,28,->,290,29,->,290,30,->,290,31,->,290,32,->,290,33,->,290,34,->,290,35,->,290,36,->,290,37,->,290,38,->,290,39,->,290,40,->,290,41,->,290,42,->,290,43,->,290,44,->,290,45,->,290,46,->,290,47,->,290,48,->,290,49,->,290,50,->,290,51,->,290,52,->,290,53,->,290,54,->,290,55,->,290,56,->,290,57,->,290,58,->,290,59,->,290,60,->,290,61,->,290,62,->,290,63,->,290,64,->,290,65,->,290,66,->,290,67,->,290,68,->,290,69,->,290,70,->,290,71,->,290,72,->,290,73,->,290,74,->,290,77,->,290,78,->,290,79,->,290,80,->,290,81,->,290,82,->,290,83,->,290,84,->,290,85,->,290,86,->,290,87,->,290,88,->,290,89,->,290,90,->,290,91,->,290,98,->,290,99,->,290,100,->,290,101,->,290,102,->,290,103,->,290,104,->,290,105,->,290,106,->,290,107,->,290,108,->,290,109,->,290,110,->,290,111,->,290,112,->,290,113,->,290,129,->,290,130,->,290,131,->,290,132,->,290,133,->,290,134,->,290,135,->,290,136,->,290,137,->,290,138,->,290,139,->,290,140,->,290,141,->,290,142,->,290,143,->,290,144,->,290,145,->,290,146,->,290,147,->,290,148,->,290,149,->,290,150,->,290,151,->,290,152,->,290,153,->,290,154,->,290,155,->,290,156,->,290,157,->,290,158,->,290,159,->,290,160,->,290,161,->,290,162,->,290,163,->,290,164,->,290,165,->,290,166,->,290,167,->,290,168,->,290,169,->,290,170,->,290,171,->,290,172,->,290,173,->,290,174,->,290,175,->,290,176,->,290,177,->,290,178,->,290,179,->,290,180,->,290,181,->,290,182,->,290,183,->,290,184,->,290,185,->,290,186,->,290,187,->,290,188,->,290,189,->,290,190,->,290,208,->,290,209,->,290,210,->,290,211,->,290,217,->,290,218,->,290,219,->,290,220,->,290,221,->,290,222,->,290,223,->,290,227,->,290,228,->,290,229,->,290,230,->,290,231,->,290,232,->,290,233,->,290,234,->,290,235,->,290,236,->,290,237,->,290,238,->,290,239,->,290,240,->,290,241,->,290,242,->,290,243,->,290,244,->,290,245,->,290,246,->,290,247,->,290,248,->,290,249,->,290,250,->,290,251,->,290,252,->,290,253,->,290,254,->,290,255,->,290,256,->,290,257,->,290,258,->,290,259,->,290,260,->,290,261,->,290,262,->,290,280,->,290,281,->,290,282,->,290,283,->,290,284,->,290,285,->,290,286,->,290,287,->,290,288,->,290,289,->,290,290,->,290,291,->,290,292,->,290,293,->,290,294,->,290,295,->,290,296,->,290,297,->,290,298,->,290,299,->,290,300,->,290,301,->,290,302,->,290,303,->,291,0,->,291,1,->,291,2,->,291,3,->,291,4,->,291,5,->,291,6,->,291,7,->,291,8,->,291,9,->,291,10,->,291,11,->,291,12,->,291,13,->,291,14,->,291,15,->,291,16,->,291,17,->,291,18,->,291,19,->,291,20,->,291,21,->,291,22,->,291,23,->,291,24,->,291,25,->,291,26,->,291,27,->,291,28,->,291,29,->,291,30,->,291,31,->,291,32,->,291,33,->,291,34,->,291,35,->,291,36,->,291,37,->,291,38,->,291,39,->,291,40,->,291,41,->,291,42,->,291,43,->,291,44,->,291,45,->,291,46,->,291,47,->,291,48,->,291,49,->,291,50,->,291,51,->,291,52,->,291,53,->,291,54,->,291,55,->,291,56,->,291,57,->,291,58,->,291,59,->,291,60,->,291,61,->,291,62,->,291,63,->,291,64,->,291,65,->,291,66,->,291,67,->,291,68,->,291,69,->,291,70,->,291,71,->,291,72,->,291,73,->,291,74,->,291,75,->,291,76,->,291,77,->,291,78,->,291,79,->,291,80,->,291,81,->,291,82,->,291,83,->,291,84,->,291,85,->,291,86,->,291,87,->,291,88,->,291,89,->,291,90,->,291,91,->,291,97,->,291,98,->,291,99,->,291,100,->,291,101,->,291,102,->,291,103,->,291,104,->,291,105,->,291,106,->,291,107,->,291,108,->,291,109,->,291,110,->,291,111,->,291,112,->,291,113,->,291,136,->,291,137,->,291,138,->,291,139,->,291,140,->,291,141,->,291,142,->,291,143,->,291,144,->,291,145,->,291,146,->,291,147,->,291,148,->,291,149,->,291,150,->,291,151,->,291,152,->,291,153,->,291,154,->,291,155,->,291,156,->,291,157,->,291,158,->,291,159,->,291,160,->,291,161,->,291,162,->,291,163,->,291,164,->,291,165,->,291,166,->,291,167,->,291,168,->,291,169,->,291,170,->,291,171,->,291,172,->,291,173,->,291,174,->,291,175,->,291,176,->,291,177,->,291,178,->,291,179,->,291,180,->,291,181,->,291,182,->,291,183,->,291,184,->,291,185,->,291,186,->,291,187,->,291,188,->,291,189,->,291,190,->,291,208,->,291,209,->,291,210,->,291,215,->,291,216,->,291,218,->,291,219,->,291,220,->,291,221,->,291,222,->,291,224,->,291,225,->,291,226,->,291,227,->,291,228,->,291,229,->,291,230,->,291,231,->,291,233,->,291,234,->,291,235,->,291,236,->,291,237,->,291,238,->,291,239,->,291,240,->,291,241,->,291,242,->,291,243,->,291,244,->,291,245,->,291,246,->,291,247,->,291,248,->,291,249,->,291,250,->,291,251,->,291,252,->,291,253,->,291,254,->,291,255,->,291,256,->,291,257,->,291,258,->,291,259,->,291,260,->,291,261,->,291,262,->,291,263,->,291,274,->,291,277,->,291,280,->,291,281,->,291,282,->,291,283,->,291,284,->,291,285,->,291,286,->,291,287,->,291,288,->,291,289,->,291,290,->,291,291,->,291,292,->,291,293,->,291,294,->,291,295,->,291,296,->,291,297,->,291,298,->,291,299,->,291,300,->,291,301,->,291,302,->,291,303,->,292,0,->,292,1,->,292,2,->,292,3,->,292,4,->,292,5,->,292,6,->,292,7,->,292,8,->,292,9,->,292,10,->,292,11,->,292,12,->,292,13,->,292,14,->,292,15,->,292,16,->,292,17,->,292,18,->,292,19,->,292,20,->,292,21,->,292,22,->,292,23,->,292,24,->,292,25,->,292,26,->,292,27,->,292,28,->,292,29,->,292,30,->,292,31,->,292,32,->,292,33,->,292,34,->,292,35,->,292,36,->,292,37,->,292,38,->,292,39,->,292,40,->,292,41,->,292,42,->,292,43,->,292,44,->,292,45,->,292,46,->,292,47,->,292,48,->,292,49,->,292,50,->,292,51,->,292,52,->,292,53,->,292,54,->,292,55,->,292,56,->,292,57,->,292,58,->,292,59,->,292,60,->,292,61,->,292,62,->,292,63,->,292,64,->,292,65,->,292,66,->,292,67,->,292,68,->,292,69,->,292,70,->,292,71,->,292,72,->,292,73,->,292,74,->,292,75,->,292,76,->,292,77,->,292,78,->,292,79,->,292,80,->,292,81,->,292,82,->,292,83,->,292,84,->,292,85,->,292,86,->,292,87,->,292,88,->,292,89,->,292,90,->,292,97,->,292,98,->,292,99,->,292,100,->,292,101,->,292,102,->,292,103,->,292,104,->,292,105,->,292,106,->,292,107,->,292,108,->,292,109,->,292,110,->,292,111,->,292,112,->,292,113,->,292,114,->,292,137,->,292,138,->,292,139,->,292,140,->,292,141,->,292,142,->,292,143,->,292,144,->,292,145,->,292,146,->,292,147,->,292,148,->,292,149,->,292,150,->,292,151,->,292,152,->,292,153,->,292,154,->,292,155,->,292,156,->,292,157,->,292,158,->,292,159,->,292,160,->,292,161,->,292,162,->,292,163,->,292,164,->,292,165,->,292,166,->,292,167,->,292,168,->,292,169,->,292,170,->,292,171,->,292,172,->,292,173,->,292,174,->,292,175,->,292,176,->,292,177,->,292,178,->,292,179,->,292,180,->,292,181,->,292,182,->,292,183,->,292,184,->,292,185,->,292,186,->,292,187,->,292,188,->,292,189,->,292,190,->,292,208,->,292,209,->,292,210,->,292,211,->,292,212,->,292,218,->,292,221,->,292,223,->,292,224,->,292,229,->,292,230,->,292,231,->,292,232,->,292,233,->,292,234,->,292,235,->,292,236,->,292,237,->,292,238,->,292,239,->,292,240,->,292,241,->,292,242,->,292,245,->,292,246,->,292,247,->,292,248,->,292,249,->,292,250,->,292,251,->,292,252,->,292,253,->,292,254,->,292,255,->,292,256,->,292,257,->,292,258,->,292,259,->,292,260,->,292,261,->,292,262,->,292,263,->,292,264,->,292,273,->,292,274,->,292,275,->,292,276,->,292,277,->,292,282,->,292,283,->,292,284,->,292,285,->,292,286,->,292,287,->,292,288,->,292,289,->,292,290,->,292,291,->,292,292,->,292,293,->,292,294,->,292,295,->,292,296,->,292,297,->,292,298,->,292,299,->,292,300,->,292,301,->,292,302,->,292,303,->,293,0,->,293,1,->,293,2,->,293,3,->,293,4,->,293,5,->,293,6,->,293,7,->,293,8,->,293,9,->,293,10,->,293,11,->,293,12,->,293,13,->,293,14,->,293,15,->,293,16,->,293,17,->,293,18,->,293,19,->,293,20,->,293,21,->,293,22,->,293,23,->,293,24,->,293,25,->,293,26,->,293,27,->,293,28,->,293,29,->,293,30,->,293,31,->,293,32,->,293,33,->,293,34,->,293,35,->,293,36,->,293,37,->,293,38,->,293,39,->,293,40,->,293,41,->,293,42,->,293,43,->,293,44,->,293,45,->,293,46,->,293,47,->,293,48,->,293,49,->,293,50,->,293,51,->,293,52,->,293,53,->,293,54,->,293,55,->,293,56,->,293,57,->,293,58,->,293,59,->,293,60,->,293,61,->,293,62,->,293,63,->,293,64,->,293,65,->,293,66,->,293,67,->,293,68,->,293,69,->,293,70,->,293,71,->,293,72,->,293,73,->,293,74,->,293,75,->,293,76,->,293,77,->,293,78,->,293,79,->,293,80,->,293,81,->,293,82,->,293,83,->,293,84,->,293,85,->,293,86,->,293,87,->,293,88,->,293,89,->,293,97,->,293,98,->,293,99,->,293,100,->,293,101,->,293,102,->,293,103,->,293,104,->,293,105,->,293,106,->,293,107,->,293,108,->,293,109,->,293,110,->,293,111,->,293,112,->,293,113,->,293,114,->,293,138,->,293,139,->,293,140,->,293,141,->,293,142,->,293,143,->,293,144,->,293,145,->,293,146,->,293,147,->,293,148,->,293,149,->,293,150,->,293,151,->,293,152,->,293,153,->,293,154,->,293,155,->,293,156,->,293,157,->,293,158,->,293,159,->,293,160,->,293,161,->,293,162,->,293,163,->,293,164,->,293,165,->,293,166,->,293,167,->,293,168,->,293,169,->,293,170,->,293,171,->,293,172,->,293,173,->,293,174,->,293,175,->,293,176,->,293,177,->,293,178,->,293,179,->,293,180,->,293,181,->,293,182,->,293,183,->,293,184,->,293,185,->,293,186,->,293,187,->,293,188,->,293,189,->,293,208,->,293,209,->,293,210,->,293,211,->,293,215,->,293,216,->,293,217,->,293,218,->,293,219,->,293,220,->,293,223,->,293,224,->,293,227,->,293,228,->,293,229,->,293,233,->,293,234,->,293,236,->,293,237,->,293,238,->,293,239,->,293,240,->,293,241,->,293,246,->,293,247,->,293,248,->,293,249,->,293,250,->,293,251,->,293,252,->,293,253,->,293,254,->,293,255,->,293,256,->,293,257,->,293,258,->,293,259,->,293,260,->,293,261,->,293,262,->,293,263,->,293,264,->,293,265,->,293,266,->,293,270,->,293,271,->,293,272,->,293,273,->,293,274,->,293,275,->,293,276,->,293,277,->,293,284,->,293,285,->,293,286,->,293,287,->,293,288,->,293,289,->,293,290,->,293,291,->,293,292,->,293,293,->,293,294,->,293,295,->,293,296,->,293,297,->,293,298,->,293,299,->,293,300,->,293,301,->,293,302,->,293,303,->,294,0,->,294,1,->,294,2,->,294,3,->,294,4,->,294,5,->,294,6,->,294,7,->,294,8,->,294,9,->,294,10,->,294,11,->,294,12,->,294,13,->,294,14,->,294,15,->,294,16,->,294,17,->,294,18,->,294,19,->,294,20,->,294,21,->,294,22,->,294,23,->,294,24,->,294,25,->,294,26,->,294,27,->,294,28,->,294,29,->,294,30,->,294,31,->,294,32,->,294,33,->,294,34,->,294,35,->,294,36,->,294,37,->,294,38,->,294,39,->,294,40,->,294,41,->,294,42,->,294,43,->,294,44,->,294,45,->,294,46,->,294,47,->,294,48,->,294,49,->,294,50,->,294,51,->,294,52,->,294,53,->,294,54,->,294,55,->,294,56,->,294,57,->,294,58,->,294,59,->,294,60,->,294,61,->,294,62,->,294,63,->,294,64,->,294,65,->,294,66,->,294,67,->,294,68,->,294,69,->,294,70,->,294,71,->,294,72,->,294,73,->,294,74,->,294,75,->,294,76,->,294,77,->,294,78,->,294,79,->,294,80,->,294,81,->,294,82,->,294,83,->,294,84,->,294,85,->,294,86,->,294,87,->,294,88,->,294,95,->,294,96,->,294,97,->,294,98,->,294,99,->,294,100,->,294,101,->,294,102,->,294,103,->,294,104,->,294,105,->,294,106,->,294,107,->,294,108,->,294,109,->,294,110,->,294,111,->,294,112,->,294,113,->,294,114,->,294,115,->,294,138,->,294,139,->,294,140,->,294,141,->,294,142,->,294,143,->,294,144,->,294,145,->,294,146,->,294,147,->,294,148,->,294,149,->,294,150,->,294,151,->,294,152,->,294,153,->,294,154,->,294,155,->,294,156,->,294,157,->,294,158,->,294,159,->,294,160,->,294,161,->,294,162,->,294,163,->,294,164,->,294,165,->,294,166,->,294,167,->,294,168,->,294,169,->,294,170,->,294,171,->,294,172,->,294,173,->,294,174,->,294,175,->,294,176,->,294,177,->,294,178,->,294,179,->,294,180,->,294,181,->,294,182,->,294,183,->,294,186,->,294,187,->,294,188,->,294,189,->,294,208,->,294,209,->,294,210,->,294,212,->,294,214,->,294,216,->,294,217,->,294,218,->,294,221,->,294,222,->,294,224,->,294,225,->,294,226,->,294,227,->,294,228,->,294,231,->,294,232,->,294,235,->,294,236,->,294,239,->,294,240,->,294,241,->,294,245,->,294,246,->,294,247,->,294,248,->,294,249,->,294,250,->,294,251,->,294,252,->,294,253,->,294,254,->,294,255,->,294,256,->,294,257,->,294,258,->,294,259,->,294,260,->,294,261,->,294,262,->,294,263,->,294,264,->,294,265,->,294,266,->,294,267,->,294,268,->,294,269,->,294,270,->,294,271,->,294,272,->,294,273,->,294,274,->,294,275,->,294,276,->,294,277,->,294,278,->,294,285,->,294,286,->,294,287,->,294,288,->,294,289,->,294,290,->,294,291,->,294,292,->,294,293,->,294,294,->,294,295,->,294,296,->,294,297,->,294,298,->,294,299,->,294,300,->,294,301,->,294,302,->,294,303,->,295,0,->,295,1,->,295,2,->,295,3,->,295,4,->,295,5,->,295,6,->,295,7,->,295,8,->,295,9,->,295,10,->,295,11,->,295,12,->,295,13,->,295,14,->,295,15,->,295,16,->,295,17,->,295,18,->,295,19,->,295,20,->,295,21,->,295,22,->,295,23,->,295,24,->,295,25,->,295,26,->,295,27,->,295,28,->,295,29,->,295,30,->,295,31,->,295,32,->,295,33,->,295,34,->,295,35,->,295,36,->,295,37,->,295,38,->,295,39,->,295,40,->,295,41,->,295,42,->,295,43,->,295,44,->,295,45,->,295,46,->,295,47,->,295,48,->,295,49,->,295,50,->,295,51,->,295,52,->,295,53,->,295,54,->,295,55,->,295,56,->,295,57,->,295,58,->,295,59,->,295,60,->,295,61,->,295,62,->,295,63,->,295,64,->,295,65,->,295,66,->,295,67,->,295,68,->,295,69,->,295,70,->,295,71,->,295,72,->,295,73,->,295,74,->,295,75,->,295,76,->,295,77,->,295,78,->,295,79,->,295,80,->,295,81,->,295,82,->,295,83,->,295,84,->,295,85,->,295,86,->,295,87,->,295,88,->,295,89,->,295,95,->,295,96,->,295,97,->,295,98,->,295,99,->,295,100,->,295,101,->,295,102,->,295,103,->,295,104,->,295,105,->,295,106,->,295,107,->,295,108,->,295,109,->,295,110,->,295,111,->,295,112,->,295,113,->,295,114,->,295,115,->,295,116,->,295,138,->,295,139,->,295,140,->,295,141,->,295,142,->,295,143,->,295,144,->,295,145,->,295,146,->,295,147,->,295,148,->,295,149,->,295,150,->,295,151,->,295,152,->,295,153,->,295,154,->,295,155,->,295,156,->,295,157,->,295,158,->,295,159,->,295,160,->,295,161,->,295,162,->,295,163,->,295,164,->,295,165,->,295,166,->,295,167,->,295,168,->,295,169,->,295,170,->,295,171,->,295,172,->,295,173,->,295,174,->,295,175,->,295,176,->,295,177,->,295,178,->,295,179,->,295,180,->,295,181,->,295,182,->,295,183,->,295,184,->,295,185,->,295,186,->,295,187,->,295,188,->,295,189,->,295,207,->,295,208,->,295,209,->,295,210,->,295,212,->,295,213,->,295,214,->,295,215,->,295,216,->,295,217,->,295,218,->,295,219,->,295,221,->,295,222,->,295,223,->,295,225,->,295,226,->,295,227,->,295,228,->,295,229,->,295,231,->,295,232,->,295,234,->,295,235,->,295,236,->,295,238,->,295,239,->,295,240,->,295,241,->,295,242,->,295,244,->,295,245,->,295,246,->,295,247,->,295,248,->,295,249,->,295,250,->,295,251,->,295,252,->,295,253,->,295,254,->,295,255,->,295,256,->,295,257,->,295,258,->,295,259,->,295,260,->,295,261,->,295,262,->,295,263,->,295,264,->,295,265,->,295,266,->,295,267,->,295,268,->,295,269,->,295,270,->,295,271,->,295,272,->,295,273,->,295,274,->,295,275,->,295,276,->,295,277,->,295,278,->,295,279,->,295,280,->,295,281,->,295,282,->,295,283,->,295,284,->,295,285,->,295,286,->,295,287,->,295,288,->,295,289,->,295,290,->,295,291,->,295,292,->,295,293,->,295,294,->,295,295,->,295,296,->,295,297,->,295,298,->,295,299,->,295,300,->,295,301,->,295,302,->,295,303,->,296,0,->,296,1,->,296,2,->,296,3,->,296,4,->,296,5,->,296,6,->,296,7,->,296,8,->,296,9,->,296,10,->,296,11,->,296,12,->,296,13,->,296,14,->,296,15,->,296,16,->,296,17,->,296,18,->,296,19,->,296,20,->,296,21,->,296,22,->,296,23,->,296,24,->,296,25,->,296,26,->,296,27,->,296,28,->,296,29,->,296,30,->,296,31,->,296,32,->,296,33,->,296,34,->,296,35,->,296,36,->,296,37,->,296,38,->,296,39,->,296,40,->,296,41,->,296,42,->,296,43,->,296,44,->,296,45,->,296,46,->,296,47,->,296,48,->,296,49,->,296,50,->,296,51,->,296,52,->,296,53,->,296,54,->,296,55,->,296,56,->,296,57,->,296,58,->,296,59,->,296,60,->,296,61,->,296,62,->,296,63,->,296,64,->,296,65,->,296,66,->,296,67,->,296,68,->,296,69,->,296,70,->,296,71,->,296,72,->,296,73,->,296,74,->,296,75,->,296,76,->,296,77,->,296,78,->,296,79,->,296,80,->,296,81,->,296,82,->,296,83,->,296,84,->,296,85,->,296,86,->,296,87,->,296,88,->,296,89,->,296,95,->,296,96,->,296,97,->,296,98,->,296,99,->,296,100,->,296,101,->,296,102,->,296,103,->,296,104,->,296,105,->,296,106,->,296,107,->,296,108,->,296,109,->,296,110,->,296,111,->,296,112,->,296,113,->,296,114,->,296,115,->,296,116,->,296,138,->,296,139,->,296,140,->,296,141,->,296,142,->,296,143,->,296,144,->,296,145,->,296,146,->,296,147,->,296,148,->,296,149,->,296,150,->,296,151,->,296,152,->,296,153,->,296,154,->,296,155,->,296,156,->,296,157,->,296,158,->,296,159,->,296,160,->,296,161,->,296,162,->,296,163,->,296,164,->,296,165,->,296,166,->,296,167,->,296,168,->,296,169,->,296,170,->,296,171,->,296,172,->,296,173,->,296,174,->,296,175,->,296,176,->,296,177,->,296,178,->,296,179,->,296,180,->,296,181,->,296,182,->,296,183,->,296,184,->,296,185,->,296,186,->,296,187,->,296,188,->,296,189,->,296,207,->,296,208,->,296,209,->,296,210,->,296,211,->,296,212,->,296,217,->,296,218,->,296,219,->,296,222,->,296,223,->,296,224,->,296,225,->,296,226,->,296,227,->,296,228,->,296,229,->,296,232,->,296,233,->,296,234,->,296,235,->,296,237,->,296,238,->,296,239,->,296,240,->,296,241,->,296,243,->,296,244,->,296,245,->,296,246,->,296,247,->,296,248,->,296,249,->,296,250,->,296,251,->,296,252,->,296,253,->,296,254,->,296,255,->,296,256,->,296,257,->,296,258,->,296,259,->,296,260,->,296,261,->,296,262,->,296,263,->,296,264,->,296,265,->,296,266,->,296,267,->,296,268,->,296,269,->,296,270,->,296,271,->,296,272,->,296,273,->,296,274,->,296,275,->,296,276,->,296,277,->,296,278,->,296,279,->,296,280,->,296,281,->,296,282,->,296,283,->,296,284,->,296,285,->,296,286,->,296,287,->,296,288,->,296,289,->,296,290,->,296,291,->,296,292,->,296,293,->,296,294,->,296,295,->,296,296,->,296,297,->,296,298,->,296,299,->,296,300,->,296,301,->,296,302,->,296,303,->,297,0,->,297,1,->,297,2,->,297,3,->,297,4,->,297,5,->,297,6,->,297,7,->,297,8,->,297,9,->,297,10,->,297,11,->,297,12,->,297,13,->,297,14,->,297,15,->,297,16,->,297,17,->,297,18,->,297,19,->,297,20,->,297,21,->,297,22,->,297,23,->,297,24,->,297,25,->,297,26,->,297,27,->,297,28,->,297,29,->,297,30,->,297,31,->,297,32,->,297,33,->,297,34,->,297,35,->,297,36,->,297,37,->,297,38,->,297,39,->,297,40,->,297,41,->,297,42,->,297,43,->,297,44,->,297,45,->,297,46,->,297,47,->,297,48,->,297,49,->,297,50,->,297,51,->,297,52,->,297,53,->,297,54,->,297,55,->,297,56,->,297,57,->,297,58,->,297,59,->,297,60,->,297,61,->,297,62,->,297,63,->,297,64,->,297,65,->,297,66,->,297,67,->,297,68,->,297,69,->,297,70,->,297,71,->,297,72,->,297,73,->,297,74,->,297,75,->,297,76,->,297,77,->,297,78,->,297,79,->,297,80,->,297,81,->,297,82,->,297,83,->,297,84,->,297,85,->,297,86,->,297,87,->,297,88,->,297,89,->,297,90,->,297,96,->,297,97,->,297,98,->,297,99,->,297,100,->,297,101,->,297,102,->,297,103,->,297,104,->,297,105,->,297,106,->,297,107,->,297,108,->,297,109,->,297,110,->,297,111,->,297,112,->,297,113,->,297,114,->,297,115,->,297,139,->,297,140,->,297,141,->,297,142,->,297,143,->,297,144,->,297,145,->,297,146,->,297,147,->,297,148,->,297,149,->,297,150,->,297,151,->,297,152,->,297,153,->,297,154,->,297,155,->,297,156,->,297,157,->,297,158,->,297,159,->,297,160,->,297,161,->,297,162,->,297,163,->,297,164,->,297,165,->,297,166,->,297,167,->,297,168,->,297,169,->,297,170,->,297,171,->,297,172,->,297,173,->,297,174,->,297,175,->,297,176,->,297,177,->,297,178,->,297,179,->,297,180,->,297,181,->,297,182,->,297,183,->,297,186,->,297,187,->,297,188,->,297,189,->,297,206,->,297,207,->,297,208,->,297,209,->,297,212,->,297,213,->,297,214,->,297,215,->,297,216,->,297,217,->,297,218,->,297,219,->,297,220,->,297,221,->,297,222,->,297,223,->,297,224,->,297,225,->,297,226,->,297,227,->,297,228,->,297,229,->,297,234,->,297,236,->,297,239,->,297,240,->,297,241,->,297,242,->,297,243,->,297,244,->,297,245,->,297,246,->,297,247,->,297,248,->,297,249,->,297,250,->,297,251,->,297,252,->,297,253,->,297,254,->,297,255,->,297,256,->,297,257,->,297,258,->,297,259,->,297,260,->,297,261,->,297,262,->,297,263,->,297,264,->,297,265,->,297,266,->,297,267,->,297,268,->,297,269,->,297,270,->,297,271,->,297,272,->,297,273,->,297,274,->,297,275,->,297,276,->,297,277,->,297,278,->,297,279,->,297,280,->,297,281,->,297,282,->,297,283,->,297,284,->,297,285,->,297,286,->,297,287,->,297,288,->,297,289,->,297,290,->,297,291,->,297,292,->,297,293,->,297,294,->,297,295,->,297,296,->,297,297,->,297,298,->,297,299,->,297,300,->,297,301,->,297,302,->,297,303,->,298,0,->,298,1,->,298,2,->,298,3,->,298,4,->,298,5,->,298,6,->,298,7,->,298,8,->,298,9,->,298,10,->,298,11,->,298,12,->,298,13,->,298,14,->,298,15,->,298,16,->,298,17,->,298,18,->,298,19,->,298,20,->,298,21,->,298,22,->,298,23,->,298,24,->,298,25,->,298,26,->,298,27,->,298,28,->,298,29,->,298,30,->,298,31,->,298,32,->,298,33,->,298,34,->,298,35,->,298,36,->,298,37,->,298,38,->,298,39,->,298,40,->,298,41,->,298,42,->,298,43,->,298,44,->,298,45,->,298,46,->,298,47,->,298,48,->,298,49,->,298,50,->,298,51,->,298,52,->,298,53,->,298,54,->,298,55,->,298,56,->,298,57,->,298,58,->,298,59,->,298,60,->,298,61,->,298,62,->,298,63,->,298,64,->,298,65,->,298,66,->,298,67,->,298,68,->,298,69,->,298,70,->,298,71,->,298,72,->,298,73,->,298,74,->,298,75,->,298,76,->,298,77,->,298,78,->,298,79,->,298,80,->,298,81,->,298,82,->,298,83,->,298,84,->,298,85,->,298,86,->,298,87,->,298,88,->,298,89,->,298,90,->,298,91,->,298,96,->,298,97,->,298,98,->,298,99,->,298,100,->,298,101,->,298,102,->,298,103,->,298,104,->,298,105,->,298,106,->,298,107,->,298,108,->,298,109,->,298,110,->,298,111,->,298,112,->,298,113,->,298,114,->,298,115,->,298,116,->,298,139,->,298,140,->,298,141,->,298,142,->,298,143,->,298,144,->,298,145,->,298,146,->,298,147,->,298,148,->,298,149,->,298,150,->,298,151,->,298,152,->,298,153,->,298,154,->,298,155,->,298,156,->,298,157,->,298,158,->,298,159,->,298,160,->,298,161,->,298,162,->,298,163,->,298,164,->,298,165,->,298,166,->,298,167,->,298,168,->,298,169,->,298,170,->,298,171,->,298,172,->,298,173,->,298,174,->,298,175,->,298,176,->,298,177,->,298,178,->,298,179,->,298,180,->,298,181,->,298,182,->,298,183,->,298,185,->,298,186,->,298,187,->,298,188,->,298,189,->,298,206,->,298,207,->,298,208,->,298,209,->,298,212,->,298,214,->,298,215,->,298,217,->,298,218,->,298,222,->,298,223,->,298,224,->,298,225,->,298,226,->,298,227,->,298,229,->,298,230,->,298,231,->,298,233,->,298,235,->,298,237,->,298,238,->,298,239,->,298,243,->,298,244,->,298,245,->,298,246,->,298,247,->,298,248,->,298,249,->,298,250,->,298,251,->,298,252,->,298,253,->,298,254,->,298,255,->,298,256,->,298,257,->,298,258,->,298,259,->,298,260,->,298,261,->,298,262,->,298,263,->,298,264,->,298,265,->,298,266,->,298,267,->,298,268,->,298,269,->,298,270,->,298,271,->,298,272,->,298,273,->,298,274,->,298,275,->,298,276,->,298,277,->,298,278,->,298,279,->,298,280,->,298,281,->,298,282,->,298,283,->,298,284,->,298,285,->,298,286,->,298,287,->,298,288,->,298,289,->,298,290,->,298,291,->,298,292,->,298,293,->,298,294,->,298,295,->,298,296,->,298,297,->,298,298,->,298,299,->,298,300,->,298,301,->,298,302,->,298,303,->,299,0,->,299,1,->,299,2,->,299,3,->,299,4,->,299,5,->,299,6,->,299,7,->,299,8,->,299,9,->,299,10,->,299,11,->,299,12,->,299,13,->,299,14,->,299,15,->,299,16,->,299,17,->,299,18,->,299,19,->,299,20,->,299,21,->,299,22,->,299,23,->,299,24,->,299,25,->,299,26,->,299,27,->,299,28,->,299,29,->,299,30,->,299,31,->,299,32,->,299,33,->,299,34,->,299,35,->,299,36,->,299,37,->,299,38,->,299,39,->,299,40,->,299,41,->,299,42,->,299,43,->,299,44,->,299,45,->,299,46,->,299,47,->,299,48,->,299,49,->,299,50,->,299,51,->,299,52,->,299,53,->,299,54,->,299,55,->,299,56,->,299,57,->,299,58,->,299,59,->,299,60,->,299,61,->,299,62,->,299,63,->,299,64,->,299,65,->,299,66,->,299,67,->,299,68,->,299,69,->,299,70,->,299,71,->,299,72,->,299,73,->,299,74,->,299,75,->,299,76,->,299,77,->,299,78,->,299,79,->,299,80,->,299,81,->,299,82,->,299,83,->,299,84,->,299,85,->,299,86,->,299,87,->,299,88,->,299,89,->,299,90,->,299,91,->,299,95,->,299,96,->,299,97,->,299,98,->,299,99,->,299,100,->,299,101,->,299,102,->,299,103,->,299,104,->,299,105,->,299,106,->,299,107,->,299,108,->,299,109,->,299,110,->,299,111,->,299,112,->,299,113,->,299,114,->,299,115,->,299,116,->,299,139,->,299,140,->,299,141,->,299,142,->,299,143,->,299,144,->,299,145,->,299,146,->,299,147,->,299,148,->,299,149,->,299,150,->,299,151,->,299,152,->,299,153,->,299,154,->,299,155,->,299,156,->,299,157,->,299,158,->,299,159,->,299,160,->,299,161,->,299,162,->,299,163,->,299,164,->,299,165,->,299,166,->,299,167,->,299,168,->,299,169,->,299,170,->,299,171,->,299,172,->,299,173,->,299,174,->,299,175,->,299,176,->,299,177,->,299,178,->,299,179,->,299,180,->,299,181,->,299,182,->,299,183,->,299,186,->,299,187,->,299,188,->,299,189,->,299,206,->,299,207,->,299,208,->,299,209,->,299,210,->,299,211,->,299,214,->,299,215,->,299,217,->,299,218,->,299,220,->,299,221,->,299,223,->,299,224,->,299,225,->,299,226,->,299,227,->,299,228,->,299,229,->,299,230,->,299,236,->,299,237,->,299,240,->,299,241,->,299,242,->,299,243,->,299,244,->,299,245,->,299,246,->,299,247,->,299,248,->,299,249,->,299,250,->,299,251,->,299,252,->,299,253,->,299,254,->,299,255,->,299,256,->,299,257,->,299,258,->,299,259,->,299,260,->,299,261,->,299,262,->,299,263,->,299,264,->,299,265,->,299,266,->,299,267,->,299,268,->,299,269,->,299,270,->,299,271,->,299,272,->,299,273,->,299,274,->,299,275,->,299,276,->,299,277,->,299,278,->,299,279,->,299,280,->,299,281,->,299,282,->,299,283,->,299,284,->,299,285,->,299,286,->,299,287,->,299,291,->,299,292,->,299,293,->,299,294,->,299,295,->,299,296,->,299,297,->,299,298,->,299,299,->,299,300,->,299,301,->,299,302,->,299,303,->,300,0,->,300,1,->,300,2,->,300,3,->,300,4,->,300,5,->,300,6,->,300,7,->,300,8,->,300,9,->,300,10,->,300,11,->,300,12,->,300,13,->,300,14,->,300,15,->,300,16,->,300,17,->,300,18,->,300,19,->,300,20,->,300,21,->,300,22,->,300,23,->,300,24,->,300,25,->,300,26,->,300,27,->,300,28,->,300,29,->,300,30,->,300,31,->,300,32,->,300,33,->,300,34,->,300,35,->,300,36,->,300,37,->,300,38,->,300,39,->,300,40,->,300,41,->,300,42,->,300,43,->,300,44,->,300,45,->,300,46,->,300,47,->,300,48,->,300,49,->,300,50,->,300,51,->,300,52,->,300,53,->,300,54,->,300,55,->,300,56,->,300,57,->,300,58,->,300,59,->,300,60,->,300,61,->,300,62,->,300,63,->,300,64,->,300,65,->,300,66,->,300,67,->,300,68,->,300,69,->,300,70,->,300,71,->,300,72,->,300,73,->,300,74,->,300,75,->,300,76,->,300,77,->,300,78,->,300,79,->,300,80,->,300,81,->,300,82,->,300,83,->,300,84,->,300,85,->,300,86,->,300,87,->,300,88,->,300,89,->,300,90,->,300,91,->,300,95,->,300,96,->,300,97,->,300,98,->,300,99,->,300,100,->,300,101,->,300,102,->,300,103,->,300,104,->,300,105,->,300,106,->,300,107,->,300,108,->,300,109,->,300,110,->,300,111,->,300,112,->,300,113,->,300,114,->,300,115,->,300,116,->,300,139,->,300,140,->,300,141,->,300,142,->,300,143,->,300,144,->,300,145,->,300,146,->,300,147,->,300,148,->,300,149,->,300,150,->,300,151,->,300,152,->,300,153,->,300,154,->,300,155,->,300,156,->,300,157,->,300,158,->,300,159,->,300,160,->,300,161,->,300,162,->,300,163,->,300,164,->,300,165,->,300,166,->,300,167,->,300,168,->,300,169,->,300,170,->,300,171,->,300,172,->,300,173,->,300,174,->,300,175,->,300,176,->,300,177,->,300,178,->,300,179,->,300,180,->,300,181,->,300,182,->,300,183,->,300,186,->,300,187,->,300,188,->,300,189,->,300,206,->,300,207,->,300,208,->,300,209,->,300,210,->,300,212,->,300,214,->,300,215,->,300,220,->,300,225,->,300,227,->,300,228,->,300,229,->,300,231,->,300,233,->,300,235,->,300,236,->,300,238,->,300,239,->,300,240,->,300,241,->,300,242,->,300,243,->,300,244,->,300,245,->,300,246,->,300,247,->,300,248,->,300,249,->,300,250,->,300,251,->,300,252,->,300,253,->,300,254,->,300,255,->,300,256,->,300,257,->,300,258,->,300,259,->,300,260,->,300,261,->,300,262,->,300,263,->,300,264,->,300,265,->,300,266,->,300,267,->,300,268,->,300,269,->,300,270,->,300,271,->,300,272,->,300,273,->,300,274,->,300,275,->,300,276,->,300,277,->,300,278,->,300,279,->,300,280,->,300,281,->,300,282,->,300,283,->,300,284,->,300,285,->,300,286,->,300,288,->,300,290,->,300,293,->,300,294,->,300,295,->,300,296,->,300,297,->,300,298,->,300,299,->,300,300,->,300,301,->,300,302,->,300,303,->,301,0,->,301,1,->,301,2,->,301,3,->,301,4,->,301,5,->,301,6,->,301,7,->,301,8,->,301,9,->,301,10,->,301,11,->,301,12,->,301,13,->,301,14,->,301,15,->,301,16,->,301,17,->,301,18,->,301,19,->,301,20,->,301,21,->,301,22,->,301,23,->,301,24,->,301,25,->,301,26,->,301,27,->,301,28,->,301,29,->,301,30,->,301,31,->,301,32,->,301,33,->,301,34,->,301,35,->,301,36,->,301,37,->,301,38,->,301,39,->,301,40,->,301,41,->,301,42,->,301,43,->,301,44,->,301,45,->,301,46,->,301,47,->,301,48,->,301,49,->,301,50,->,301,51,->,301,52,->,301,53,->,301,54,->,301,55,->,301,56,->,301,57,->,301,58,->,301,59,->,301,60,->,301,61,->,301,62,->,301,63,->,301,64,->,301,65,->,301,66,->,301,67,->,301,68,->,301,69,->,301,70,->,301,71,->,301,72,->,301,73,->,301,74,->,301,75,->,301,76,->,301,77,->,301,78,->,301,79,->,301,80,->,301,81,->,301,82,->,301,83,->,301,84,->,301,85,->,301,86,->,301,87,->,301,88,->,301,89,->,301,90,->,301,91,->,301,95,->,301,96,->,301,97,->,301,98,->,301,99,->,301,100,->,301,101,->,301,102,->,301,103,->,301,104,->,301,105,->,301,106,->,301,107,->,301,108,->,301,109,->,301,110,->,301,111,->,301,112,->,301,113,->,301,114,->,301,115,->,301,116,->,301,117,->,301,138,->,301,139,->,301,140,->,301,141,->,301,142,->,301,143,->,301,144,->,301,145,->,301,146,->,301,147,->,301,148,->,301,149,->,301,150,->,301,151,->,301,152,->,301,153,->,301,154,->,301,155,->,301,156,->,301,157,->,301,158,->,301,159,->,301,160,->,301,161,->,301,162,->,301,163,->,301,164,->,301,165,->,301,166,->,301,167,->,301,168,->,301,169,->,301,170,->,301,171,->,301,172,->,301,173,->,301,174,->,301,175,->,301,176,->,301,177,->,301,178,->,301,179,->,301,180,->,301,181,->,301,182,->,301,183,->,301,186,->,301,187,->,301,188,->,301,189,->,301,205,->,301,206,->,301,207,->,301,208,->,301,209,->,301,210,->,301,212,->,301,215,->,301,216,->,301,217,->,301,218,->,301,219,->,301,220,->,301,221,->,301,222,->,301,223,->,301,224,->,301,225,->,301,226,->,301,230,->,301,232,->,301,233,->,301,237,->,301,238,->,301,239,->,301,241,->,301,242,->,301,243,->,301,244,->,301,245,->,301,246,->,301,247,->,301,248,->,301,249,->,301,250,->,301,251,->,301,252,->,301,253,->,301,254,->,301,255,->,301,256,->,301,257,->,301,258,->,301,259,->,301,260,->,301,261,->,301,262,->,301,263,->,301,264,->,301,265,->,301,266,->,301,267,->,301,268,->,301,269,->,301,270,->,301,271,->,301,272,->,301,273,->,301,274,->,301,275,->,301,276,->,301,277,->,301,278,->,301,279,->,301,280,->,301,281,->,301,282,->,301,283,->,301,284,->,301,285,->,301,286,->,301,287,->,301,289,->,301,290,->,301,292,->,301,293,->,301,294,->,301,295,->,301,296,->,301,297,->,301,298,->,301,299,->,301,300,->,301,301,->,301,302,->,301,303,->,302,0,->,302,1,->,302,2,->,302,3,->,302,4,->,302,5,->,302,6,->,302,7,->,302,8,->,302,9,->,302,10,->,302,11,->,302,12,->,302,13,->,302,14,->,302,15,->,302,16,->,302,17,->,302,18,->,302,19,->,302,20,->,302,21,->,302,22,->,302,23,->,302,24,->,302,25,->,302,26,->,302,27,->,302,28,->,302,29,->,302,30,->,302,31,->,302,32,->,302,33,->,302,34,->,302,35,->,302,36,->,302,37,->,302,38,->,302,39,->,302,40,->,302,41,->,302,42,->,302,43,->,302,44,->,302,45,->,302,46,->,302,47,->,302,48,->,302,49,->,302,50,->,302,51,->,302,52,->,302,53,->,302,54,->,302,55,->,302,56,->,302,57,->,302,58,->,302,59,->,302,60,->,302,61,->,302,62,->,302,63,->,302,64,->,302,65,->,302,66,->,302,67,->,302,68,->,302,69,->,302,70,->,302,71,->,302,72,->,302,73,->,302,74,->,302,75,->,302,76,->,302,77,->,302,78,->,302,79,->,302,80,->,302,81,->,302,82,->,302,83,->,302,84,->,302,85,->,302,86,->,302,87,->,302,88,->,302,89,->,302,94,->,302,95,->,302,96,->,302,97,->,302,98,->,302,99,->,302,100,->,302,101,->,302,102,->,302,103,->,302,104,->,302,105,->,302,106,->,302,107,->,302,108,->,302,109,->,302,110,->,302,111,->,302,112,->,302,113,->,302,114,->,302,115,->,302,116,->,302,117,->,302,136,->,302,139,->,302,140,->,302,141,->,302,142,->,302,143,->,302,144,->,302,145,->,302,146,->,302,147,->,302,148,->,302,149,->,302,150,->,302,151,->,302,152,->,302,153,->,302,154,->,302,155,->,302,156,->,302,157,->,302,158,->,302,159,->,302,160,->,302,161,->,302,162,->,302,163,->,302,164,->,302,165,->,302,166,->,302,167,->,302,168,->,302,169,->,302,170,->,302,171,->,302,172,->,302,173,->,302,174,->,302,175,->,302,176,->,302,177,->,302,178,->,302,179,->,302,180,->,302,181,->,302,182,->,302,183,->,302,186,->,302,187,->,302,188,->,302,189,->,302,205,->,302,206,->,302,207,->,302,208,->,302,209,->,302,210,->,302,214,->,302,215,->,302,217,->,302,218,->,302,219,->,302,220,->,302,221,->,302,222,->,302,223,->,302,224,->,302,226,->,302,227,->,302,228,->,302,229,->,302,230,->,302,231,->,302,233,->,302,235,->,302,237,->,302,242,->,302,244,->,302,245,->,302,246,->,302,247,->,302,248,->,302,249,->,302,250,->,302,251,->,302,252,->,302,253,->,302,254,->,302,255,->,302,256,->,302,257,->,302,258,->,302,259,->,302,260,->,302,261,->,302,262,->,302,263,->,302,264,->,302,265,->,302,266,->,302,267,->,302,268,->,302,269,->,302,270,->,302,271,->,302,272,->,302,273,->,302,274,->,302,275,->,302,276,->,302,277,->,302,278,->,302,279,->,302,280,->,302,281,->,302,282,->,302,283,->,302,284,->,302,285,->,302,286,->,302,287,->,302,288,->,302,291,->,302,292,->,302,293,->,302,294,->,302,295,->,302,296,->,302,297,->,302,298,->,302,299,->,302,300,->,302,301,->,302,302,->,302,303,->,303,0,->,303,1,->,303,2,->,303,3,->,303,4,->,303,5,->,303,6,->,303,7,->,303,8,->,303,9,->,303,10,->,303,11,->,303,12,->,303,13,->,303,14,->,303,15,->,303,16,->,303,17,->,303,18,->,303,19,->,303,20,->,303,21,->,303,22,->,303,23,->,303,24,->,303,25,->,303,26,->,303,27,->,303,28,->,303,29,->,303,30,->,303,31,->,303,32,->,303,33,->,303,34,->,303,35,->,303,36,->,303,37,->,303,38,->,303,39,->,303,40,->,303,41,->,303,42,->,303,43,->,303,44,->,303,45,->,303,46,->,303,47,->,303,48,->,303,49,->,303,50,->,303,51,->,303,52,->,303,53,->,303,54,->,303,55,->,303,56,->,303,57,->,303,58,->,303,59,->,303,60,->,303,61,->,303,62,->,303,63,->,303,64,->,303,65,->,303,66,->,303,67,->,303,68,->,303,69,->,303,70,->,303,71,->,303,72,->,303,73,->,303,74,->,303,75,->,303,76,->,303,77,->,303,78,->,303,79,->,303,80,->,303,81,->,303,82,->,303,83,->,303,84,->,303,85,->,303,86,->,303,87,->,303,88,->,303,89,->,303,90,->,303,94,->,303,95,->,303,96,->,303,97,->,303,98,->,303,99,->,303,100,->,303,101,->,303,102,->,303,103,->,303,104,->,303,105,->,303,106,->,303,107,->,303,108,->,303,109,->,303,110,->,303,111,->,303,112,->,303,113,->,303,114,->,303,115,->,303,116,->,303,117,->,303,133,->,303,139,->,303,140,->,303,141,->,303,142,->,303,143,->,303,144,->,303,145,->,303,146,->,303,147,->,303,148,->,303,149,->,303,150,->,303,151,->,303,152,->,303,153,->,303,154,->,303,155,->,303,156,->,303,157,->,303,158,->,303,159,->,303,160,->,303,161,->,303,162,->,303,163,->,303,164,->,303,165,->,303,166,->,303,167,->,303,168,->,303,169,->,303,170,->,303,171,->,303,172,->,303,173,->,303,174,->,303,175,->,303,176,->,303,177,->,303,178,->,303,179,->,303,180,->,303,181,->,303,182,->,303,183,->,303,187,->,303,188,->,303,189,->,303,203,->,303,204,->,303,205,->,303,206,->,303,207,->,303,210,->,303,211,->,303,213,->,303,215,->,303,216,->,303,217,->,303,218,->,303,220,->,303,223,->,303,224,->,303,230,->,303,231,->,303,232,->,303,239,->,303,240,->,303,242,->,303,243,->,303,244,->,303,245,->,303,246,->,303,247,->,303,248,->,303,249,->,303,250,->,303,251,->,303,252,->,303,253,->,303,254,->,303,255,->,303,256,->,303,257,->,303,258,->,303,259,->,303,260,->,303,261,->,303,262,->,303,263,->,303,264,->,303,265,->,303,266,->,303,267,->,303,268,->,303,269,->,303,270,->,303,271,->,303,272,->,303,273,->,303,274,->,303,275,->,303,276,->,303,277,->,303,278,->,303,279,->,303,280,->,303,281,->,303,282,->,303,283,->,303,284,->,303,285,->,303,286,->,303,287,->,303,288,->,303,290,->,303,291,->,303,292,->,303,293,->,303,294,->,303,295,->,303,296,->,303,297,->,303,298,->,303,299,->,303,300,->,303,301,->,303,302,->,303,303,->,304,0,->,304,1,->,304,2,->,304,3,->,304,4,->,304,5,->,304,6,->,304,7,->,304,8,->,304,9,->,304,10,->,304,11,->,304,12,->,304,13,->,304,14,->,304,15,->,304,16,->,304,17,->,304,18,->,304,19,->,304,20,->,304,21,->,304,22,->,304,23,->,304,24,->,304,25,->,304,26,->,304,27,->,304,28,->,304,29,->,304,30,->,304,31,->,304,32,->,304,33,->,304,34,->,304,35,->,304,36,->,304,37,->,304,38,->,304,39,->,304,40,->,304,41,->,304,42,->,304,43,->,304,44,->,304,45,->,304,46,->,304,47,->,304,48,->,304,49,->,304,50,->,304,51,->,304,52,->,304,53,->,304,54,->,304,55,->,304,56,->,304,57,->,304,58,->,304,59,->,304,60,->,304,61,->,304,62,->,304,63,->,304,64,->,304,65,->,304,66,->,304,67,->,304,68,->,304,69,->,304,70,->,304,71,->,304,72,->,304,73,->,304,74,->,304,75,->,304,76,->,304,77,->,304,78,->,304,79,->,304,80,->,304,81,->,304,82,->,304,83,->,304,84,->,304,85,->,304,86,->,304,87,->,304,88,->,304,89,->,304,90,->,304,91,->,304,92,->,304,95,->,304,96,->,304,97,->,304,98,->,304,99,->,304,100,->,304,101,->,304,102,->,304,103,->,304,104,->,304,105,->,304,106,->,304,107,->,304,108,->,304,109,->,304,110,->,304,111,->,304,112,->,304,113,->,304,114,->,304,115,->,304,116,->,304,117,->,304,118,->,304,131,->,304,132,->,304,136,->,304,139,->,304,140,->,304,141,->,304,142,->,304,143,->,304,144,->,304,145,->,304,146,->,304,147,->,304,148,->,304,149,->,304,150,->,304,151,->,304,152,->,304,153,->,304,154,->,304,155,->,304,156,->,304,157,->,304,158,->,304,159,->,304,160,->,304,161,->,304,162,->,304,163,->,304,164,->,304,165,->,304,166,->,304,167,->,304,168,->,304,169,->,304,170,->,304,171,->,304,172,->,304,173,->,304,174,->,304,175,->,304,176,->,304,177,->,304,178,->,304,179,->,304,180,->,304,181,->,304,182,->,304,183,->,304,186,->,304,187,->,304,188,->,304,189,->,304,200,->,304,203,->,304,204,->,304,205,->,304,206,->,304,207,->,304,208,->,304,210,->,304,211,->,304,214,->,304,216,->,304,218,->,304,220,->,304,221,->,304,222,->,304,223,->,304,224,->,304,226,->,304,227,->,304,228,->,304,229,->,304,231,->,304,232,->,304,233,->,304,238,->,304,240,->,304,241,->,304,243,->,304,244,->,304,245,->,304,246,->,304,247,->,304,248,->,304,249,->,304,250,->,304,251,->,304,252,->,304,253,->,304,254,->,304,255,->,304,256,->,304,257,->,304,258,->,304,259,->,304,260,->,304,261,->,304,262,->,304,263,->,304,264,->,304,265,->,304,266,->,304,267,->,304,268,->,304,269,->,304,270,->,304,271,->,304,272,->,304,273,->,304,274,->,304,275,->,304,276,->,304,277,->,304,278,->,304,279,->,304,280,->,304,281,->,304,282,->,304,283,->,304,284,->,304,285,->,304,286,->,304,287,->,304,288,->,304,289,->,304,290,->,304,291,->,304,292,->,304,293,->,304,294,->,304,295,->,304,296,->,304,297,->,304,298,->,304,299,->,304,300,->,304,301,->,304,302,->,304,303,->,305,0,->,305,1,->,305,2,->,305,3,->,305,4,->,305,5,->,305,6,->,305,7,->,305,8,->,305,9,->,305,10,->,305,11,->,305,12,->,305,13,->,305,14,->,305,15,->,305,16,->,305,17,->,305,18,->,305,19,->,305,20,->,305,21,->,305,22,->,305,23,->,305,24,->,305,25,->,305,26,->,305,27,->,305,28,->,305,29,->,305,30,->,305,31,->,305,32,->,305,33,->,305,34,->,305,35,->,305,36,->,305,37,->,305,38,->,305,39,->,305,40,->,305,41,->,305,42,->,305,43,->,305,44,->,305,45,->,305,46,->,305,47,->,305,48,->,305,49,->,305,50,->,305,51,->,305,52,->,305,53,->,305,54,->,305,55,->,305,56,->,305,57,->,305,58,->,305,59,->,305,60,->,305,61,->,305,62,->,305,63,->,305,64,->,305,65,->,305,66,->,305,67,->,305,68,->,305,69,->,305,70,->,305,71,->,305,72,->,305,73,->,305,74,->,305,75,->,305,76,->,305,77,->,305,78,->,305,79,->,305,80,->,305,81,->,305,82,->,305,83,->,305,84,->,305,85,->,305,86,->,305,87,->,305,90,->,305,91,->,305,92,->,305,93,->,305,94,->,305,95,->,305,96,->,305,97,->,305,98,->,305,99,->,305,100,->,305,101,->,305,102,->,305,103,->,305,104,->,305,105,->,305,106,->,305,107,->,305,108,->,305,109,->,305,110,->,305,111,->,305,112,->,305,113,->,305,114,->,305,115,->,305,116,->,305,117,->,305,118,->,305,131,->,305,132,->,305,135,->,305,136,->,305,139,->,305,140,->,305,141,->,305,142,->,305,143,->,305,144,->,305,145,->,305,146,->,305,147,->,305,148,->,305,149,->,305,150,->,305,151,->,305,152,->,305,153,->,305,154,->,305,155,->,305,156,->,305,157,->,305,158,->,305,159,->,305,160,->,305,161,->,305,162,->,305,163,->,305,164,->,305,165,->,305,166,->,305,167,->,305,168,->,305,169,->,305,170,->,305,171,->,305,172,->,305,173,->,305,174,->,305,175,->,305,176,->,305,177,->,305,178,->,305,179,->,305,180,->,305,181,->,305,182,->,305,183,->,305,187,->,305,188,->,305,189,->,305,200,->,305,201,->,305,202,->,305,203,->,305,204,->,305,205,->,305,206,->,305,209,->,305,210,->,305,214,->,305,215,->,305,219,->,305,220,->,305,223,->,305,225,->,305,229,->,305,230,->,305,232,->,305,233,->,305,237,->,305,239,->,305,241,->,305,242,->,305,243,->,305,244,->,305,245,->,305,246,->,305,247,->,305,248,->,305,249,->,305,250,->,305,251,->,305,252,->,305,253,->,305,254,->,305,255,->,305,256,->,305,257,->,305,258,->,305,259,->,305,260,->,305,261,->,305,262,->,305,263,->,305,264,->,305,265,->,305,266,->,305,267,->,305,268,->,305,269,->,305,270,->,305,271,->,305,272,->,305,273,->,305,274,->,305,275,->,305,276,->,305,277,->,305,278,->,305,279,->,305,280,->,305,281,->,305,282,->,305,283,->,305,284,->,305,285,->,305,286,->,305,287,->,305,288,->,305,289,->,305,290,->,305,291,->,305,292,->,305,293,->,305,294,->,305,295,->,305,296,->,305,297,->,305,298,->,305,299,->,305,300,->,305,301,->,305,302,->,305,303,->,306,0,->,306,1,->,306,2,->,306,3,->,306,4,->,306,5,->,306,6,->,306,7,->,306,8,->,306,9,->,306,10,->,306,11,->,306,12,->,306,13,->,306,14,->,306,15,->,306,16,->,306,17,->,306,18,->,306,19,->,306,20,->,306,21,->,306,22,->,306,23,->,306,24,->,306,25,->,306,26,->,306,27,->,306,28,->,306,29,->,306,30,->,306,31,->,306,32,->,306,33,->,306,34,->,306,35,->,306,36,->,306,37,->,306,38,->,306,39,->,306,40,->,306,41,->,306,42,->,306,43,->,306,44,->,306,45,->,306,46,->,306,47,->,306,48,->,306,49,->,306,50,->,306,51,->,306,52,->,306,53,->,306,54,->,306,55,->,306,56,->,306,57,->,306,58,->,306,59,->,306,60,->,306,61,->,306,62,->,306,63,->,306,64,->,306,65,->,306,66,->,306,67,->,306,68,->,306,69,->,306,70,->,306,71,->,306,72,->,306,73,->,306,74,->,306,75,->,306,76,->,306,77,->,306,78,->,306,79,->,306,80,->,306,81,->,306,82,->,306,83,->,306,84,->,306,85,->,306,86,->,306,87,->,306,88,->,306,89,->,306,90,->,306,91,->,306,92,->,306,93,->,306,94,->,306,95,->,306,96,->,306,97,->,306,98,->,306,99,->,306,100,->,306,101,->,306,102,->,306,103,->,306,104,->,306,105,->,306,106,->,306,107,->,306,108,->,306,109,->,306,110,->,306,111,->,306,112,->,306,113,->,306,114,->,306,115,->,306,116,->,306,117,->,306,118,->,306,131,->,306,132,->,306,135,->,306,136,->,306,137,->,306,138,->,306,139,->,306,140,->,306,141,->,306,142,->,306,143,->,306,144,->,306,145,->,306,146,->,306,147,->,306,148,->,306,149,->,306,150,->,306,151,->,306,152,->,306,153,->,306,154,->,306,155,->,306,156,->,306,157,->,306,158,->,306,159,->,306,160,->,306,161,->,306,162,->,306,163,->,306,164,->,306,165,->,306,166,->,306,167,->,306,168,->,306,169,->,306,170,->,306,171,->,306,172,->,306,173,->,306,174,->,306,175,->,306,176,->,306,177,->,306,178,->,306,179,->,306,180,->,306,181,->,306,182,->,306,183,->,306,186,->,306,187,->,306,188,->,306,189,->,306,199,->,306,200,->,306,201,->,306,202,->,306,203,->,306,204,->,306,205,->,306,206,->,306,207,->,306,208,->,306,209,->,306,210,->,306,211,->,306,214,->,306,215,->,306,216,->,306,217,->,306,218,->,306,219,->,306,225,->,306,227,->,306,229,->,306,232,->,306,233,->,306,235,->,306,237,->,306,238,->,306,240,->,306,242,->,306,243,->,306,244,->,306,245,->,306,246,->,306,247,->,306,248,->,306,249,->,306,250,->,306,251,->,306,252,->,306,253,->,306,254,->,306,255,->,306,256,->,306,257,->,306,258,->,306,259,->,306,260,->,306,261,->,306,262,->,306,263,->,306,264,->,306,265,->,306,266,->,306,267,->,306,268,->,306,269,->,306,270,->,306,271,->,306,272,->,306,273,->,306,274,->,306,275,->,306,276,->,306,277,->,306,278,->,306,279,->,306,280,->,306,281,->,306,282,->,306,283,->,306,284,->,306,285,->,306,286,->,306,287,->,306,288,->,306,289,->,306,290,->,306,291,->,306,292,->,306,293,->,306,294,->,306,295,->,306,296,->,306,297,->,306,298,->,306,299,->,306,300,->,306,301,->,306,302,->,306,303,->,307,0,->,307,1,->,307,2,->,307,3,->,307,4,->,307,5,->,307,6,->,307,7,->,307,8,->,307,9,->,307,10,->,307,11,->,307,12,->,307,13,->,307,14,->,307,15,->,307,16,->,307,17,->,307,18,->,307,19,->,307,20,->,307,21,->,307,22,->,307,23,->,307,24,->,307,25,->,307,26,->,307,27,->,307,28,->,307,29,->,307,30,->,307,31,->,307,32,->,307,33,->,307,34,->,307,35,->,307,36,->,307,37,->,307,38,->,307,39,->,307,40,->,307,41,->,307,42,->,307,43,->,307,44,->,307,45,->,307,46,->,307,47,->,307,48,->,307,49,->,307,50,->,307,51,->,307,52,->,307,53,->,307,54,->,307,55,->,307,56,->,307,57,->,307,58,->,307,59,->,307,60,->,307,61,->,307,62,->,307,63,->,307,64,->,307,65,->,307,66,->,307,67,->,307,68,->,307,69,->,307,70,->,307,71,->,307,72,->,307,73,->,307,74,->,307,75,->,307,76,->,307,77,->,307,78,->,307,79,->,307,80,->,307,81,->,307,82,->,307,83,->,307,84,->,307,85,->,307,86,->,307,87,->,307,88,->,307,89,->,307,90,->,307,91,->,307,92,->,307,93,->,307,94,->,307,95,->,307,96,->,307,97,->,307,98,->,307,99,->,307,100,->,307,101,->,307,102,->,307,103,->,307,104,->,307,105,->,307,106,->,307,107,->,307,108,->,307,109,->,307,110,->,307,111,->,307,112,->,307,113,->,307,114,->,307,115,->,307,116,->,307,117,->,307,118,->,307,131,->,307,132,->,307,133,->,307,134,->,307,135,->,307,136,->,307,137,->,307,138,->,307,139,->,307,140,->,307,141,->,307,142,->,307,143,->,307,144,->,307,145,->,307,146,->,307,147,->,307,148,->,307,149,->,307,150,->,307,151,->,307,152,->,307,153,->,307,154,->,307,155,->,307,156,->,307,157,->,307,158,->,307,159,->,307,160,->,307,161,->,307,162,->,307,163,->,307,164,->,307,165,->,307,166,->,307,167,->,307,168,->,307,169,->,307,170,->,307,171,->,307,172,->,307,173,->,307,174,->,307,175,->,307,176,->,307,177,->,307,178,->,307,179,->,307,180,->,307,181,->,307,182,->,307,183,->,307,184,->,307,185,->,307,188,->,307,189,->,307,199,->,307,200,->,307,201,->,307,202,->,307,203,->,307,204,->,307,207,->,307,208,->,307,210,->,307,212,->,307,217,->,307,218,->,307,219,->,307,220,->,307,221,->,307,223,->,307,225,->,307,226,->,307,227,->,307,230,->,307,231,->,307,234,->,307,235,->,307,239,->,307,240,->,307,241,->,307,242,->,307,243,->,307,244,->,307,245,->,307,246,->,307,247,->,307,248,->,307,249,->,307,250,->,307,251,->,307,252,->,307,253,->,307,254,->,307,255,->,307,256,->,307,257,->,307,258,->,307,259,->,307,260,->,307,261,->,307,262,->,307,263,->,307,264,->,307,265,->,307,266,->,307,267,->,307,268,->,307,269,->,307,270,->,307,271,->,307,272,->,307,273,->,307,274,->,307,275,->,307,276,->,307,277,->,307,278,->,307,279,->,307,280,->,307,281,->,307,282,->,307,283,->,307,284,->,307,285,->,307,286,->,307,287,->,307,288,->,307,289,->,307,290,->,307,291,->,307,292,->,307,293,->,307,294,->,307,295,->,307,296,->,307,297,->,307,298,->,307,299,->,307,300,->,307,301,->,307,302,->,307,303,->,308,0,->,308,1,->,308,2,->,308,3,->,308,4,->,308,5,->,308,6,->,308,7,->,308,8,->,308,9,->,308,10,->,308,11,->,308,12,->,308,13,->,308,14,->,308,15,->,308,16,->,308,17,->,308,18,->,308,19,->,308,20,->,308,21,->,308,22,->,308,23,->,308,24,->,308,25,->,308,26,->,308,27,->,308,28,->,308,29,->,308,30,->,308,31,->,308,32,->,308,33,->,308,34,->,308,35,->,308,36,->,308,37,->,308,38,->,308,39,->,308,40,->,308,41,->,308,42,->,308,43,->,308,44,->,308,45,->,308,46,->,308,47,->,308,48,->,308,49,->,308,50,->,308,51,->,308,52,->,308,53,->,308,54,->,308,55,->,308,56,->,308,57,->,308,58,->,308,59,->,308,60,->,308,61,->,308,62,->,308,63,->,308,64,->,308,65,->,308,66,->,308,67,->,308,68,->,308,69,->,308,70,->,308,71,->,308,72,->,308,73,->,308,74,->,308,75,->,308,76,->,308,77,->,308,78,->,308,79,->,308,80,->,308,81,->,308,82,->,308,83,->,308,84,->,308,85,->,308,86,->,308,87,->,308,88,->,308,89,->,308,90,->,308,91,->,308,92,->,308,93,->,308,94,->,308,95,->,308,96,->,308,97,->,308,98,->,308,99,->,308,100,->,308,101,->,308,102,->,308,103,->,308,104,->,308,105,->,308,106,->,308,107,->,308,108,->,308,109,->,308,110,->,308,111,->,308,112,->,308,113,->,308,114,->,308,115,->,308,116,->,308,117,->,308,118,->,308,119,->,308,131,->,308,132,->,308,133,->,308,134,->,308,135,->,308,136,->,308,137,->,308,138,->,308,139,->,308,140,->,308,141,->,308,142,->,308,143,->,308,144,->,308,145,->,308,146,->,308,147,->,308,148,->,308,149,->,308,150,->,308,151,->,308,152,->,308,153,->,308,154,->,308,155,->,308,156,->,308,157,->,308,158,->,308,159,->,308,160,->,308,161,->,308,162,->,308,163,->,308,164,->,308,165,->,308,166,->,308,167,->,308,168,->,308,169,->,308,170,->,308,171,->,308,172,->,308,173,->,308,174,->,308,175,->,308,176,->,308,177,->,308,178,->,308,179,->,308,180,->,308,181,->,308,182,->,308,183,->,308,184,->,308,185,->,308,188,->,308,189,->,308,197,->,308,198,->,308,199,->,308,200,->,308,203,->,308,204,->,308,207,->,308,208,->,308,210,->,308,211,->,308,213,->,308,215,->,308,217,->,308,223,->,308,225,->,308,226,->,308,227,->,308,229,->,308,230,->,308,231,->,308,233,->,308,234,->,308,235,->,308,236,->,308,237,->,308,239,->,308,240,->,308,241,->,308,242,->,308,243,->,308,244,->,308,245,->,308,246,->,308,247,->,308,248,->,308,249,->,308,250,->,308,251,->,308,252,->,308,253,->,308,254,->,308,255,->,308,256,->,308,257,->,308,258,->,308,259,->,308,260,->,308,261,->,308,262,->,308,263,->,308,264,->,308,265,->,308,266,->,308,267,->,308,268,->,308,269,->,308,270,->,308,271,->,308,272,->,308,273,->,308,274,->,308,275,->,308,276,->,308,277,->,308,278,->,308,279,->,308,280,->,308,281,->,308,282,->,308,283,->,308,284,->,308,285,->,308,286,->,308,287,->,308,288,->,308,289,->,308,290,->,308,291,->,308,292,->,308,293,->,308,294,->,308,295,->,308,296,->,308,297,->,308,298,->,308,299,->,308,300,->,308,301,->,308,302,->,308,303,->,309,0,->,309,1,->,309,2,->,309,3,->,309,4,->,309,5,->,309,6,->,309,7,->,309,8,->,309,9,->,309,10,->,309,11,->,309,12,->,309,13,->,309,14,->,309,15,->,309,16,->,309,17,->,309,18,->,309,19,->,309,20,->,309,21,->,309,22,->,309,23,->,309,24,->,309,25,->,309,26,->,309,27,->,309,28,->,309,29,->,309,30,->,309,31,->,309,32,->,309,33,->,309,34,->,309,35,->,309,36,->,309,37,->,309,38,->,309,39,->,309,40,->,309,41,->,309,42,->,309,43,->,309,44,->,309,45,->,309,46,->,309,47,->,309,48,->,309,49,->,309,50,->,309,51,->,309,52,->,309,53,->,309,54,->,309,55,->,309,56,->,309,57,->,309,58,->,309,59,->,309,60,->,309,61,->,309,62,->,309,63,->,309,64,->,309,65,->,309,66,->,309,67,->,309,68,->,309,69,->,309,70,->,309,71,->,309,72,->,309,73,->,309,74,->,309,75,->,309,76,->,309,77,->,309,78,->,309,79,->,309,80,->,309,81,->,309,82,->,309,83,->,309,84,->,309,85,->,309,86,->,309,87,->,309,88,->,309,89,->,309,90,->,309,91,->,309,92,->,309,93,->,309,94,->,309,95,->,309,96,->,309,97,->,309,98,->,309,99,->,309,100,->,309,101,->,309,102,->,309,103,->,309,104,->,309,105,->,309,106,->,309,107,->,309,108,->,309,109,->,309,110,->,309,111,->,309,112,->,309,113,->,309,114,->,309,115,->,309,116,->,309,117,->,309,118,->,309,119,->,309,130,->,309,131,->,309,132,->,309,133,->,309,134,->,309,135,->,309,138,->,309,139,->,309,140,->,309,141,->,309,142,->,309,143,->,309,144,->,309,145,->,309,146,->,309,147,->,309,148,->,309,149,->,309,150,->,309,151,->,309,152,->,309,153,->,309,154,->,309,155,->,309,156,->,309,157,->,309,158,->,309,159,->,309,160,->,309,161,->,309,162,->,309,163,->,309,164,->,309,165,->,309,166,->,309,167,->,309,168,->,309,169,->,309,170,->,309,171,->,309,172,->,309,173,->,309,174,->,309,175,->,309,176,->,309,177,->,309,178,->,309,179,->,309,180,->,309,181,->,309,182,->,309,183,->,309,184,->,309,185,->,309,186,->,309,187,->,309,188,->,309,189,->,309,196,->,309,197,->,309,198,->,309,199,->,309,200,->,309,203,->,309,204,->,309,205,->,309,206,->,309,207,->,309,208,->,309,209,->,309,210,->,309,211,->,309,212,->,309,213,->,309,214,->,309,215,->,309,216,->,309,217,->,309,218,->,309,220,->,309,221,->,309,222,->,309,224,->,309,228,->,309,231,->,309,233,->,309,238,->,309,239,->,309,240,->,309,241,->,309,242,->,309,243,->,309,244,->,309,245,->,309,246,->,309,247,->,309,248,->,309,249,->,309,250,->,309,251,->,309,252,->,309,253,->,309,254,->,309,255,->,309,256,->,309,257,->,309,258,->,309,259,->,309,260,->,309,261,->,309,262,->,309,263,->,309,264,->,309,265,->,309,266,->,309,267,->,309,268,->,309,269,->,309,270,->,309,271,->,309,272,->,309,273,->,309,274,->,309,275,->,309,276,->,309,277,->,309,278,->,309,279,->,309,280,->,309,281,->,309,282,->,309,283,->,309,284,->,309,285,->,309,286,->,309,287,->,309,290,->,309,291,->,309,292,->,309,293,->,309,294,->,309,295,->,309,296,->,309,297,->,309,298,->,309,299,->,309,300,->,309,301,->,309,302,->,309,303,->,310,0,->,310,1,->,310,2,->,310,3,->,310,4,->,310,5,->,310,6,->,310,7,->,310,8,->,310,9,->,310,10,->,310,11,->,310,12,->,310,13,->,310,14,->,310,15,->,310,16,->,310,17,->,310,18,->,310,19,->,310,20,->,310,21,->,310,22,->,310,23,->,310,24,->,310,25,->,310,26,->,310,27,->,310,28,->,310,29,->,310,30,->,310,31,->,310,32,->,310,33,->,310,34,->,310,35,->,310,36,->,310,37,->,310,38,->,310,39,->,310,40,->,310,41,->,310,42,->,310,43,->,310,44,->,310,45,->,310,46,->,310,47,->,310,48,->,310,49,->,310,50,->,310,51,->,310,52,->,310,53,->,310,54,->,310,55,->,310,56,->,310,57,->,310,58,->,310,59,->,310,60,->,310,61,->,310,62,->,310,63,->,310,64,->,310,65,->,310,66,->,310,67,->,310,68,->,310,69,->,310,70,->,310,71,->,310,72,->,310,73,->,310,74,->,310,75,->,310,76,->,310,77,->,310,78,->,310,79,->,310,80,->,310,81,->,310,82,->,310,83,->,310,84,->,310,85,->,310,86,->,310,87,->,310,88,->,310,89,->,310,90,->,310,91,->,310,92,->,310,93,->,310,94,->,310,95,->,310,96,->,310,97,->,310,98,->,310,99,->,310,100,->,310,101,->,310,102,->,310,103,->,310,104,->,310,105,->,310,106,->,310,107,->,310,108,->,310,109,->,310,110,->,310,111,->,310,112,->,310,113,->,310,114,->,310,115,->,310,116,->,310,117,->,310,118,->,310,119,->,310,130,->,310,131,->,310,132,->,310,133,->,310,134,->,310,135,->,310,138,->,310,139,->,310,140,->,310,141,->,310,142,->,310,143,->,310,144,->,310,145,->,310,146,->,310,147,->,310,148,->,310,149,->,310,150,->,310,151,->,310,152,->,310,153,->,310,154,->,310,155,->,310,156,->,310,157,->,310,158,->,310,159,->,310,160,->,310,161,->,310,162,->,310,163,->,310,164,->,310,165,->,310,166,->,310,167,->,310,168,->,310,169,->,310,170,->,310,171,->,310,172,->,310,173,->,310,174,->,310,175,->,310,176,->,310,177,->,310,178,->,310,179,->,310,180,->,310,181,->,310,182,->,310,183,->,310,184,->,310,185,->,310,186,->,310,187,->,310,188,->,310,189,->,310,190,->,310,195,->,310,196,->,310,197,->,310,198,->,310,199,->,310,200,->,310,201,->,310,202,->,310,203,->,310,204,->,310,205,->,310,206,->,310,207,->,310,209,->,310,210,->,310,211,->,310,212,->,310,213,->,310,215,->,310,216,->,310,217,->,310,218,->,310,219,->,310,220,->,310,221,->,310,222,->,310,223,->,310,224,->,310,225,->,310,228,->,310,231,->,310,232,->,310,233,->,310,235,->,310,237,->,310,238,->,310,240,->,310,241,->,310,242,->,310,243,->,310,244,->,310,245,->,310,246,->,310,247,->,310,248,->,310,249,->,310,250,->,310,251,->,310,252,->,310,253,->,310,254,->,310,255,->,310,256,->,310,257,->,310,258,->,310,259,->,310,260,->,310,261,->,310,262,->,310,263,->,310,264,->,310,265,->,310,266,->,310,267,->,310,268,->,310,269,->,310,270,->,310,271,->,310,272,->,310,273,->,310,274,->,310,275,->,310,276,->,310,277,->,310,278,->,310,279,->,310,280,->,310,281,->,310,282,->,310,283,->,310,284,->,310,285,->,310,286,->,310,287,->,310,288,->,310,289,->,310,290,->,310,291,->,310,292,->,310,293,->,310,294,->,310,295,->,310,296,->,310,297,->,310,298,->,310,299,->,310,300,->,310,301,->,310,302,->,310,303,->,311,0,->,311,1,->,311,2,->,311,3,->,311,4,->,311,5,->,311,6,->,311,7,->,311,8,->,311,9,->,311,10,->,311,11,->,311,12,->,311,13,->,311,14,->,311,15,->,311,16,->,311,17,->,311,18,->,311,19,->,311,20,->,311,21,->,311,22,->,311,23,->,311,24,->,311,25,->,311,26,->,311,27,->,311,28,->,311,29,->,311,30,->,311,31,->,311,32,->,311,33,->,311,34,->,311,35,->,311,36,->,311,37,->,311,38,->,311,39,->,311,40,->,311,41,->,311,42,->,311,43,->,311,44,->,311,45,->,311,46,->,311,47,->,311,48,->,311,49,->,311,50,->,311,51,->,311,52,->,311,53,->,311,54,->,311,55,->,311,56,->,311,57,->,311,58,->,311,59,->,311,60,->,311,61,->,311,62,->,311,63,->,311,64,->,311,65,->,311,66,->,311,67,->,311,68,->,311,69,->,311,70,->,311,71,->,311,72,->,311,73,->,311,74,->,311,75,->,311,76,->,311,77,->,311,78,->,311,79,->,311,80,->,311,81,->,311,82,->,311,83,->,311,84,->,311,85,->,311,86,->,311,87,->,311,88,->,311,89,->,311,90,->,311,91,->,311,92,->,311,93,->,311,94,->,311,95,->,311,96,->,311,97,->,311,100,->,311,101,->,311,104,->,311,105,->,311,106,->,311,107,->,311,108,->,311,109,->,311,110,->,311,111,->,311,112,->,311,113,->,311,114,->,311,115,->,311,116,->,311,117,->,311,118,->,311,119,->,311,130,->,311,131,->,311,132,->,311,133,->,311,134,->,311,135,->,311,138,->,311,139,->,311,140,->,311,141,->,311,142,->,311,143,->,311,144,->,311,145,->,311,146,->,311,147,->,311,148,->,311,149,->,311,150,->,311,151,->,311,152,->,311,153,->,311,154,->,311,155,->,311,156,->,311,157,->,311,158,->,311,159,->,311,160,->,311,161,->,311,162,->,311,163,->,311,164,->,311,165,->,311,166,->,311,167,->,311,168,->,311,169,->,311,170,->,311,171,->,311,172,->,311,173,->,311,174,->,311,175,->,311,176,->,311,177,->,311,178,->,311,179,->,311,180,->,311,181,->,311,182,->,311,183,->,311,184,->,311,185,->,311,186,->,311,187,->,311,188,->,311,189,->,311,190,->,311,193,->,311,194,->,311,195,->,311,196,->,311,197,->,311,198,->,311,199,->,311,200,->,311,201,->,311,202,->,311,203,->,311,204,->,311,205,->,311,206,->,311,207,->,311,208,->,311,209,->,311,210,->,311,211,->,311,213,->,311,214,->,311,215,->,311,217,->,311,219,->,311,221,->,311,223,->,311,225,->,311,227,->,311,229,->,311,230,->,311,232,->,311,234,->,311,236,->,311,238,->,311,239,->,311,243,->,311,244,->,311,245,->,311,246,->,311,247,->,311,248,->,311,249,->,311,250,->,311,251,->,311,252,->,311,253,->,311,254,->,311,255,->,311,256,->,311,257,->,311,258,->,311,259,->,311,260,->,311,261,->,311,262,->,311,263,->,311,264,->,311,265,->,311,266,->,311,267,->,311,268,->,311,269,->,311,270,->,311,271,->,311,272,->,311,273,->,311,274,->,311,275,->,311,276,->,311,277,->,311,278,->,311,279,->,311,280,->,311,281,->,311,282,->,311,283,->,311,284,->,311,285,->,311,286,->,311,287,->,311,288,->,311,289,->,311,290,->,311,291,->,311,292,->,311,293,->,311,294,->,311,295,->,311,296,->,311,297,->,311,298,->,311,299,->,311,300,->,311,301,->,311,302,->,311,303,->,312,0,->,312,1,->,312,2,->,312,3,->,312,4,->,312,5,->,312,6,->,312,7,->,312,8,->,312,9,->,312,10,->,312,11,->,312,12,->,312,13,->,312,14,->,312,15,->,312,16,->,312,17,->,312,18,->,312,19,->,312,20,->,312,21,->,312,22,->,312,23,->,312,24,->,312,25,->,312,26,->,312,27,->,312,28,->,312,29,->,312,30,->,312,31,->,312,32,->,312,33,->,312,34,->,312,35,->,312,36,->,312,37,->,312,38,->,312,39,->,312,40,->,312,41,->,312,42,->,312,43,->,312,44,->,312,45,->,312,46,->,312,47,->,312,48,->,312,49,->,312,50,->,312,51,->,312,52,->,312,53,->,312,54,->,312,55,->,312,56,->,312,57,->,312,58,->,312,59,->,312,60,->,312,61,->,312,62,->,312,63,->,312,64,->,312,65,->,312,66,->,312,67,->,312,68,->,312,69,->,312,70,->,312,71,->,312,72,->,312,73,->,312,74,->,312,75,->,312,76,->,312,77,->,312,78,->,312,79,->,312,80,->,312,81,->,312,82,->,312,83,->,312,84,->,312,85,->,312,86,->,312,87,->,312,88,->,312,89,->,312,90,->,312,91,->,312,92,->,312,93,->,312,94,->,312,95,->,312,96,->,312,97,->,312,105,->,312,106,->,312,107,->,312,108,->,312,109,->,312,110,->,312,111,->,312,112,->,312,113,->,312,114,->,312,115,->,312,116,->,312,117,->,312,118,->,312,119,->,312,120,->,312,130,->,312,131,->,312,132,->,312,133,->,312,134,->,312,135,->,312,138,->,312,139,->,312,140,->,312,141,->,312,142,->,312,143,->,312,144,->,312,145,->,312,146,->,312,147,->,312,148,->,312,149,->,312,150,->,312,151,->,312,152,->,312,153,->,312,154,->,312,155,->,312,156,->,312,157,->,312,158,->,312,159,->,312,160,->,312,161,->,312,162,->,312,163,->,312,164,->,312,165,->,312,166,->,312,167,->,312,168,->,312,169,->,312,170,->,312,171,->,312,172,->,312,173,->,312,174,->,312,175,->,312,176,->,312,177,->,312,178,->,312,179,->,312,180,->,312,181,->,312,182,->,312,183,->,312,184,->,312,185,->,312,186,->,312,187,->,312,188,->,312,189,->,312,190,->,312,191,->,312,192,->,312,193,->,312,194,->,312,195,->,312,196,->,312,197,->,312,198,->,312,199,->,312,204,->,312,205,->,312,206,->,312,207,->,312,208,->,312,209,->,312,213,->,312,214,->,312,216,->,312,217,->,312,218,->,312,219,->,312,221,->,312,222,->,312,224,->,312,225,->,312,226,->,312,229,->,312,230,->,312,232,->,312,234,->,312,238,->,312,239,->,312,240,->,312,242,->,312,245,->,312,246,->,312,247,->,312,248,->,312,249,->,312,250,->,312,251,->,312,252,->,312,253,->,312,254,->,312,255,->,312,256,->,312,257,->,312,258,->,312,259,->,312,260,->,312,261,->,312,262,->,312,263,->,312,264,->,312,265,->,312,266,->,312,267,->,312,268,->,312,269,->,312,270,->,312,271,->,312,272,->,312,273,->,312,274,->,312,275,->,312,276,->,312,277,->,312,278,->,312,279,->,312,280,->,312,281,->,312,282,->,312,283,->,312,284,->,312,285,->,312,286,->,312,287,->,312,288,->,312,289,->,312,290,->,312,291,->,312,292,->,312,293,->,312,294,->,312,295,->,312,296,->,312,297,->,312,298,->,312,299,->,312,300,->,312,301,->,312,302,->,312,303,->,313,0,->,313,1,->,313,2,->,313,3,->,313,4,->,313,5,->,313,6,->,313,7,->,313,8,->,313,9,->,313,10,->,313,11,->,313,12,->,313,13,->,313,14,->,313,15,->,313,16,->,313,17,->,313,18,->,313,19,->,313,20,->,313,21,->,313,22,->,313,23,->,313,24,->,313,25,->,313,26,->,313,27,->,313,28,->,313,29,->,313,30,->,313,31,->,313,32,->,313,33,->,313,34,->,313,35,->,313,36,->,313,37,->,313,38,->,313,39,->,313,40,->,313,41,->,313,42,->,313,43,->,313,44,->,313,45,->,313,46,->,313,47,->,313,48,->,313,49,->,313,50,->,313,51,->,313,52,->,313,53,->,313,54,->,313,55,->,313,56,->,313,57,->,313,58,->,313,59,->,313,60,->,313,61,->,313,62,->,313,63,->,313,64,->,313,65,->,313,66,->,313,67,->,313,68,->,313,69,->,313,70,->,313,71,->,313,72,->,313,73,->,313,74,->,313,75,->,313,76,->,313,77,->,313,78,->,313,79,->,313,80,->,313,81,->,313,82,->,313,83,->,313,84,->,313,85,->,313,86,->,313,87,->,313,88,->,313,89,->,313,90,->,313,91,->,313,92,->,313,93,->,313,94,->,313,95,->,313,105,->,313,106,->,313,107,->,313,108,->,313,109,->,313,110,->,313,111,->,313,112,->,313,113,->,313,114,->,313,115,->,313,116,->,313,117,->,313,118,->,313,119,->,313,120,->,313,130,->,313,131,->,313,132,->,313,133,->,313,134,->,313,139,->,313,140,->,313,141,->,313,142,->,313,143,->,313,144,->,313,145,->,313,146,->,313,147,->,313,148,->,313,149,->,313,150,->,313,151,->,313,152,->,313,153,->,313,154,->,313,155,->,313,156,->,313,157,->,313,158,->,313,159,->,313,160,->,313,161,->,313,162,->,313,163,->,313,164,->,313,165,->,313,166,->,313,167,->,313,168,->,313,169,->,313,170,->,313,171,->,313,172,->,313,173,->,313,174,->,313,175,->,313,176,->,313,177,->,313,178,->,313,179,->,313,180,->,313,181,->,313,182,->,313,183,->,313,184,->,313,185,->,313,186,->,313,187,->,313,188,->,313,189,->,313,190,->,313,191,->,313,192,->,313,193,->,313,194,->,313,195,->,313,196,->,313,197,->,313,200,->,313,206,->,313,207,->,313,208,->,313,214,->,313,216,->,313,220,->,313,221,->,313,222,->,313,223,->,313,224,->,313,225,->,313,227,->,313,231,->,313,232,->,313,233,->,313,236,->,313,238,->,313,241,->,313,245,->,313,246,->,313,247,->,313,248,->,313,249,->,313,250,->,313,251,->,313,252,->,313,253,->,313,254,->,313,255,->,313,256,->,313,257,->,313,258,->,313,259,->,313,260,->,313,261,->,313,262,->,313,263,->,313,264,->,313,265,->,313,266,->,313,267,->,313,268,->,313,269,->,313,270,->,313,271,->,313,272,->,313,273,->,313,274,->,313,275,->,313,276,->,313,277,->,313,278,->,313,279,->,313,280,->,313,281,->,313,282,->,313,283,->,313,284,->,313,285,->,313,286,->,313,287,->,313,288,->,313,289,->,313,290,->,313,291,->,313,292,->,313,293,->,313,294,->,313,295,->,313,296,->,313,297,->,313,298,->,313,299,->,313,300,->,313,301,->,313,302,->,313,303,->,314,0,->,314,1,->,314,2,->,314,3,->,314,4,->,314,5,->,314,6,->,314,7,->,314,8,->,314,9,->,314,10,->,314,11,->,314,12,->,314,13,->,314,14,->,314,15,->,314,16,->,314,17,->,314,18,->,314,19,->,314,20,->,314,21,->,314,22,->,314,23,->,314,24,->,314,25,->,314,26,->,314,27,->,314,28,->,314,29,->,314,30,->,314,31,->,314,32,->,314,33,->,314,34,->,314,35,->,314,36,->,314,37,->,314,38,->,314,39,->,314,40,->,314,41,->,314,42,->,314,43,->,314,44,->,314,45,->,314,46,->,314,47,->,314,48,->,314,49,->,314,50,->,314,51,->,314,52,->,314,53,->,314,54,->,314,55,->,314,56,->,314,57,->,314,58,->,314,59,->,314,60,->,314,61,->,314,62,->,314,63,->,314,64,->,314,65,->,314,66,->,314,67,->,314,68,->,314,69,->,314,70,->,314,71,->,314,72,->,314,73,->,314,74,->,314,75,->,314,76,->,314,77,->,314,78,->,314,79,->,314,80,->,314,81,->,314,82,->,314,83,->,314,84,->,314,85,->,314,86,->,314,87,->,314,88,->,314,89,->,314,90,->,314,91,->,314,92,->,314,93,->,314,94,->,314,103,->,314,104,->,314,105,->,314,106,->,314,107,->,314,108,->,314,109,->,314,110,->,314,111,->,314,112,->,314,113,->,314,114,->,314,115,->,314,116,->,314,117,->,314,118,->,314,119,->,314,120,->,314,129,->,314,130,->,314,131,->,314,132,->,314,133,->,314,134,->,314,140,->,314,141,->,314,142,->,314,143,->,314,144,->,314,145,->,314,146,->,314,147,->,314,148,->,314,149,->,314,150,->,314,151,->,314,152,->,314,153,->,314,154,->,314,155,->,314,156,->,314,157,->,314,158,->,314,159,->,314,160,->,314,161,->,314,162,->,314,163,->,314,164,->,314,165,->,314,166,->,314,167,->,314,168,->,314,169,->,314,170,->,314,171,->,314,172,->,314,173,->,314,174,->,314,175,->,314,176,->,314,177,->,314,178,->,314,179,->,314,180,->,314,181,->,314,182,->,314,183,->,314,184,->,314,185,->,314,186,->,314,187,->,314,188,->,314,189,->,314,190,->,314,191,->,314,192,->,314,193,->,314,194,->,314,195,->,314,196,->,314,200,->,314,205,->,314,206,->,314,207,->,314,208,->,314,209,->,314,212,->,314,214,->,314,216,->,314,218,->,314,219,->,314,222,->,314,223,->,314,224,->,314,225,->,314,228,->,314,229,->,314,230,->,314,231,->,314,234,->,314,235,->,314,241,->,314,242,->,314,243,->,314,244,->,314,245,->,314,246,->,314,247,->,314,248,->,314,249,->,314,250,->,314,251,->,314,252,->,314,253,->,314,254,->,314,255,->,314,256,->,314,257,->,314,258,->,314,259,->,314,260,->,314,261,->,314,262,->,314,263,->,314,264,->,314,265,->,314,266,->,314,267,->,314,268,->,314,269,->,314,270,->,314,271,->,314,272,->,314,273,->,314,274,->,314,275,->,314,276,->,314,277,->,314,278,->,314,279,->,314,280,->,314,281,->,314,282,->,314,283,->,314,284,->,314,285,->,314,286,->,314,287,->,314,290,->,314,291,->,314,292,->,314,293,->,314,294,->,314,295,->,314,296,->,314,297,->,314,298,->,314,299,->,314,300,->,314,301,->,314,302,->,314,303,->,315,0,->,315,1,->,315,2,->,315,3,->,315,4,->,315,5,->,315,6,->,315,7,->,315,8,->,315,9,->,315,10,->,315,11,->,315,12,->,315,13,->,315,14,->,315,15,->,315,16,->,315,17,->,315,18,->,315,19,->,315,20,->,315,21,->,315,22,->,315,23,->,315,24,->,315,25,->,315,26,->,315,27,->,315,28,->,315,29,->,315,30,->,315,31,->,315,32,->,315,33,->,315,34,->,315,35,->,315,36,->,315,37,->,315,38,->,315,39,->,315,40,->,315,41,->,315,42,->,315,43,->,315,44,->,315,45,->,315,46,->,315,47,->,315,48,->,315,49,->,315,50,->,315,51,->,315,52,->,315,53,->,315,54,->,315,55,->,315,56,->,315,57,->,315,58,->,315,59,->,315,60,->,315,61,->,315,62,->,315,63,->,315,64,->,315,65,->,315,66,->,315,67,->,315,68,->,315,69,->,315,70,->,315,71,->,315,72,->,315,73,->,315,74,->,315,75,->,315,76,->,315,77,->,315,78,->,315,79,->,315,80,->,315,81,->,315,82,->,315,83,->,315,84,->,315,85,->,315,86,->,315,87,->,315,88,->,315,91,->,315,92,->,315,93,->,315,94,->,315,102,->,315,103,->,315,104,->,315,105,->,315,106,->,315,107,->,315,108,->,315,109,->,315,110,->,315,111,->,315,112,->,315,113,->,315,114,->,315,115,->,315,116,->,315,117,->,315,118,->,315,119,->,315,120,->,315,121,->,315,122,->,315,128,->,315,129,->,315,130,->,315,131,->,315,132,->,315,133,->,315,134,->,315,141,->,315,142,->,315,143,->,315,144,->,315,145,->,315,146,->,315,147,->,315,148,->,315,149,->,315,150,->,315,151,->,315,152,->,315,153,->,315,154,->,315,155,->,315,156,->,315,157,->,315,158,->,315,159,->,315,160,->,315,161,->,315,162,->,315,163,->,315,164,->,315,165,->,315,166,->,315,167,->,315,168,->,315,169,->,315,170,->,315,171,->,315,172,->,315,173,->,315,174,->,315,175,->,315,176,->,315,177,->,315,178,->,315,179,->,315,180,->,315,181,->,315,182,->,315,183,->,315,184,->,315,185,->,315,186,->,315,187,->,315,188,->,315,189,->,315,190,->,315,191,->,315,192,->,315,193,->,315,194,->,315,195,->,315,196,->,315,199,->,315,206,->,315,207,->,315,208,->,315,209,->,315,210,->,315,211,->,315,212,->,315,213,->,315,214,->,315,218,->,315,219,->,315,220,->,315,221,->,315,222,->,315,223,->,315,227,->,315,229,->,315,230,->,315,231,->,315,237,->,315,240,->,315,242,->,315,246,->,315,248,->,315,249,->,315,250,->,315,251,->,315,252,->,315,253,->,315,254,->,315,255,->,315,256,->,315,257,->,315,258,->,315,259,->,315,260,->,315,261,->,315,262,->,315,263,->,315,264,->,315,265,->,315,266,->,315,267,->,315,268,->,315,269,->,315,270,->,315,271,->,315,272,->,315,273,->,315,274,->,315,275,->,315,276,->,315,277,->,315,278,->,315,279,->,315,280,->,315,281,->,315,282,->,315,283,->,315,284,->,315,285,->,315,286,->,315,287,->,315,288,->,315,289,->,315,290,->,315,291,->,315,292,->,315,293,->,315,294,->,315,295,->,315,296,->,315,297,->,315,298,->,315,299,->,315,300,->,315,301,->,315,302,->,315,303,->,316,0,->,316,1,->,316,2,->,316,3,->,316,4,->,316,5,->,316,6,->,316,7,->,316,8,->,316,9,->,316,10,->,316,11,->,316,12,->,316,13,->,316,14,->,316,15,->,316,16,->,316,17,->,316,18,->,316,19,->,316,20,->,316,21,->,316,22,->,316,23,->,316,24,->,316,25,->,316,26,->,316,27,->,316,28,->,316,29,->,316,30,->,316,31,->,316,32,->,316,33,->,316,34,->,316,35,->,316,36,->,316,37,->,316,38,->,316,39,->,316,40,->,316,41,->,316,42,->,316,43,->,316,44,->,316,45,->,316,46,->,316,47,->,316,48,->,316,49,->,316,50,->,316,51,->,316,52,->,316,53,->,316,54,->,316,55,->,316,56,->,316,57,->,316,58,->,316,59,->,316,60,->,316,61,->,316,62,->,316,63,->,316,64,->,316,65,->,316,66,->,316,67,->,316,68,->,316,69,->,316,70,->,316,71,->,316,72,->,316,73,->,316,74,->,316,75,->,316,76,->,316,77,->,316,78,->,316,79,->,316,80,->,316,81,->,316,82,->,316,83,->,316,84,->,316,85,->,316,86,->,316,87,->,316,101,->,316,102,->,316,103,->,316,104,->,316,105,->,316,106,->,316,107,->,316,108,->,316,109,->,316,110,->,316,111,->,316,112,->,316,113,->,316,114,->,316,115,->,316,116,->,316,117,->,316,118,->,316,119,->,316,120,->,316,121,->,316,132,->,316,133,->,316,134,->,316,135,->,316,136,->,316,137,->,316,141,->,316,142,->,316,143,->,316,144,->,316,145,->,316,146,->,316,147,->,316,148,->,316,149,->,316,150,->,316,151,->,316,152,->,316,153,->,316,154,->,316,155,->,316,156,->,316,157,->,316,158,->,316,159,->,316,160,->,316,161,->,316,162,->,316,163,->,316,164,->,316,165,->,316,166,->,316,167,->,316,168,->,316,169,->,316,170,->,316,171,->,316,172,->,316,173,->,316,174,->,316,175,->,316,176,->,316,177,->,316,178,->,316,179,->,316,180,->,316,181,->,316,182,->,316,183,->,316,184,->,316,185,->,316,186,->,316,187,->,316,188,->,316,189,->,316,190,->,316,191,->,316,192,->,316,193,->,316,194,->,316,195,->,316,196,->,316,207,->,316,208,->,316,209,->,316,210,->,316,213,->,316,214,->,316,216,->,316,217,->,316,218,->,316,219,->,316,221,->,316,226,->,316,227,->,316,228,->,316,229,->,316,230,->,316,231,->,316,232,->,316,233,->,316,237,->,316,238,->,316,242,->,316,245,->,316,246,->,316,247,->,316,248,->,316,249,->,316,250,->,316,251,->,316,252,->,316,253,->,316,254,->,316,255,->,316,256,->,316,257,->,316,258,->,316,259,->,316,260,->,316,261,->,316,262,->,316,263,->,316,264,->,316,265,->,316,266,->,316,267,->,316,268,->,316,269,->,316,270,->,316,271,->,316,272,->,316,273,->,316,274,->,316,275,->,316,276,->,316,277,->,316,278,->,316,279,->,316,280,->,316,281,->,316,282,->,316,283,->,316,284,->,316,285,->,316,286,->,316,287,->,316,288,->,316,289,->,316,292,->,316,293,->,316,294,->,316,295,->,316,296,->,316,297,->,316,298,->,316,299,->,316,300,->,316,301,->,316,302,->,316,303,->,317,0,->,317,1,->,317,2,->,317,3,->,317,4,->,317,5,->,317,6,->,317,7,->,317,8,->,317,9,->,317,10,->,317,11,->,317,12,->,317,13,->,317,14,->,317,15,->,317,16,->,317,17,->,317,18,->,317,19,->,317,20,->,317,21,->,317,22,->,317,23,->,317,24,->,317,25,->,317,26,->,317,27,->,317,28,->,317,29,->,317,30,->,317,31,->,317,32,->,317,33,->,317,34,->,317,35,->,317,36,->,317,37,->,317,38,->,317,39,->,317,40,->,317,41,->,317,42,->,317,43,->,317,44,->,317,45,->,317,46,->,317,47,->,317,48,->,317,49,->,317,50,->,317,51,->,317,52,->,317,53,->,317,54,->,317,55,->,317,56,->,317,57,->,317,71,->,317,72,->,317,73,->,317,74,->,317,75,->,317,76,->,317,77,->,317,78,->,317,79,->,317,80,->,317,81,->,317,82,->,317,83,->,317,84,->,317,85,->,317,86,->,317,87,->,317,101,->,317,102,->,317,103,->,317,104,->,317,105,->,317,106,->,317,107,->,317,108,->,317,109,->,317,110,->,317,111,->,317,112,->,317,113,->,317,114,->,317,115,->,317,116,->,317,117,->,317,118,->,317,119,->,317,120,->,317,121,->,317,128,->,317,131,->,317,132,->,317,133,->,317,134,->,317,135,->,317,136,->,317,140,->,317,141,->,317,142,->,317,143,->,317,144,->,317,145,->,317,146,->,317,147,->,317,148,->,317,149,->,317,150,->,317,151,->,317,152,->,317,153,->,317,154,->,317,155,->,317,156,->,317,157,->,317,158,->,317,159,->,317,160,->,317,161,->,317,162,->,317,163,->,317,164,->,317,165,->,317,166,->,317,167,->,317,168,->,317,169,->,317,170,->,317,171,->,317,172,->,317,173,->,317,174,->,317,175,->,317,176,->,317,177,->,317,178,->,317,179,->,317,180,->,317,181,->,317,182,->,317,183,->,317,184,->,317,185,->,317,186,->,317,187,->,317,188,->,317,189,->,317,190,->,317,191,->,317,192,->,317,193,->,317,194,->,317,195,->,317,196,->,317,207,->,317,209,->,317,210,->,317,212,->,317,213,->,317,215,->,317,216,->,317,217,->,317,219,->,317,220,->,317,221,->,317,222,->,317,223,->,317,224,->,317,225,->,317,226,->,317,227,->,317,228,->,317,229,->,317,230,->,317,232,->,317,233,->,317,239,->,317,240,->,317,243,->,317,244,->,317,245,->,317,246,->,317,247,->,317,248,->,317,249,->,317,250,->,317,251,->,317,252,->,317,253,->,317,254,->,317,255,->,317,256,->,317,257,->,317,258,->,317,259,->,317,260,->,317,261,->,317,262,->,317,263,->,317,264,->,317,265,->,317,266,->,317,267,->,317,268,->,317,269,->,317,270,->,317,271,->,317,272,->,317,273,->,317,274,->,317,275,->,317,276,->,317,277,->,317,278,->,317,279,->,317,280,->,317,281,->,317,282,->,317,283,->,317,284,->,317,287,->,317,288,->,317,289,->,317,290,->,317,291,->,317,292,->,317,293,->,317,294,->,317,295,->,317,296,->,317,297,->,317,298,->,317,299,->,317,300,->,317,301,->,317,302,->,317,303,->,318,0,->,318,1,->,318,2,->,318,3,->,318,4,->,318,5,->,318,6,->,318,7,->,318,8,->,318,9,->,318,10,->,318,11,->,318,12,->,318,13,->,318,14,->,318,15,->,318,16,->,318,17,->,318,18,->,318,19,->,318,20,->,318,21,->,318,22,->,318,23,->,318,24,->,318,25,->,318,26,->,318,27,->,318,28,->,318,29,->,318,30,->,318,31,->,318,32,->,318,33,->,318,34,->,318,35,->,318,36,->,318,37,->,318,38,->,318,39,->,318,40,->,318,41,->,318,42,->,318,43,->,318,44,->,318,45,->,318,46,->,318,47,->,318,48,->,318,49,->,318,50,->,318,51,->,318,52,->,318,53,->,318,54,->,318,55,->,318,73,->,318,76,->,318,77,->,318,78,->,318,79,->,318,80,->,318,81,->,318,82,->,318,83,->,318,84,->,318,85,->,318,94,->,318,101,->,318,102,->,318,103,->,318,104,->,318,105,->,318,106,->,318,107,->,318,108,->,318,109,->,318,110,->,318,111,->,318,112,->,318,113,->,318,114,->,318,115,->,318,116,->,318,117,->,318,118,->,318,119,->,318,120,->,318,121,->,318,131,->,318,132,->,318,133,->,318,134,->,318,135,->,318,136,->,318,139,->,318,140,->,318,141,->,318,142,->,318,143,->,318,144,->,318,145,->,318,146,->,318,147,->,318,148,->,318,149,->,318,150,->,318,151,->,318,152,->,318,153,->,318,154,->,318,155,->,318,156,->,318,157,->,318,158,->,318,159,->,318,160,->,318,161,->,318,162,->,318,163,->,318,164,->,318,165,->,318,166,->,318,167,->,318,168,->,318,169,->,318,170,->,318,171,->,318,172,->,318,173,->,318,174,->,318,175,->,318,176,->,318,177,->,318,178,->,318,179,->,318,180,->,318,181,->,318,182,->,318,183,->,318,184,->,318,185,->,318,186,->,318,187,->,318,188,->,318,189,->,318,190,->,318,191,->,318,192,->,318,193,->,318,194,->,318,195,->,318,208,->,318,209,->,318,210,->,318,214,->,318,215,->,318,220,->,318,223,->,318,225,->,318,227,->,318,230,->,318,231,->,318,232,->,318,233,->,318,236,->,318,238,->,318,241,->,318,242,->,318,243,->,318,244,->,318,245,->,318,246,->,318,247,->,318,248,->,318,249,->,318,250,->,318,251,->,318,252,->,318,253,->,318,254,->,318,255,->,318,256,->,318,257,->,318,258,->,318,259,->,318,260,->,318,261,->,318,262,->,318,263,->,318,264,->,318,265,->,318,266,->,318,267,->,318,268,->,318,269,->,318,270,->,318,271,->,318,272,->,318,273,->,318,274,->,318,275,->,318,276,->,318,277,->,318,278,->,318,279,->,318,280,->,318,281,->,318,282,->,318,283,->,318,284,->,318,285,->,318,286,->,318,289,->,318,290,->,318,291,->,318,292,->,318,293,->,318,294,->,318,295,->,318,296,->,318,297,->,318,298,->,318,299,->,318,300,->,318,301,->,318,302,->,318,303,->,319,0,->,319,1,->,319,2,->,319,3,->,319,4,->,319,5,->,319,6,->,319,7,->,319,8,->,319,9,->,319,10,->,319,11,->,319,12,->,319,13,->,319,14,->,319,15,->,319,16,->,319,17,->,319,18,->,319,19,->,319,20,->,319,21,->,319,22,->,319,23,->,319,24,->,319,25,->,319,26,->,319,27,->,319,28,->,319,29,->,319,30,->,319,31,->,319,32,->,319,33,->,319,34,->,319,35,->,319,36,->,319,37,->,319,38,->,319,39,->,319,40,->,319,41,->,319,42,->,319,43,->,319,44,->,319,45,->,319,46,->,319,47,->,319,48,->,319,49,->,319,50,->,319,51,->,319,52,->,319,53,->,319,76,->,319,77,->,319,78,->,319,79,->,319,80,->,319,81,->,319,82,->,319,83,->,319,84,->,319,85,->,319,93,->,319,94,->,319,100,->,319,101,->,319,102,->,319,103,->,319,104,->,319,105,->,319,106,->,319,107,->,319,108,->,319,109,->,319,110,->,319,111,->,319,112,->,319,113,->,319,114,->,319,115,->,319,116,->,319,117,->,319,118,->,319,119,->,319,120,->,319,121,->,319,130,->,319,131,->,319,132,->,319,133,->,319,134,->,319,135,->,319,136,->,319,137,->,319,138,->,319,139,->,319,140,->,319,141,->,319,142,->,319,143,->,319,144,->,319,145,->,319,146,->,319,147,->,319,148,->,319,149,->,319,150,->,319,151,->,319,152,->,319,153,->,319,154,->,319,155,->,319,156,->,319,157,->,319,158,->,319,159,->,319,160,->,319,161,->,319,162,->,319,163,->,319,164,->,319,165,->,319,166,->,319,167,->,319,168,->,319,169,->,319,170,->,319,171,->,319,172,->,319,173,->,319,174,->,319,175,->,319,176,->,319,177,->,319,178,->,319,179,->,319,180,->,319,181,->,319,182,->,319,183,->,319,184,->,319,185,->,319,186,->,319,187,->,319,188,->,319,189,->,319,190,->,319,191,->,319,192,->,319,193,->,319,194,->,319,198,->,319,208,->,319,209,->,319,210,->,319,212,->,319,214,->,319,215,->,319,217,->,319,218,->,319,223,->,319,224,->,319,228,->,319,231,->,319,232,->,319,233,->,319,234,->,319,236,->,319,240,->,319,241,->,319,242,->,319,243,->,319,245,->,319,246,->,319,247,->,319,249,->,319,250,->,319,251,->,319,252,->,319,253,->,319,254,->,319,255,->,319,256,->,319,257,->,319,258,->,319,259,->,319,260,->,319,261,->,319,262,->,319,263,->,319,264,->,319,265,->,319,266,->,319,267,->,319,268,->,319,269,->,319,270,->,319,271,->,319,272,->,319,273,->,319,274,->,319,275,->,319,276,->,319,277,->,319,278,->,319,279,->,319,280,->,319,281,->,319,282,->,319,283,->,319,284,->,319,285,->,319,286,->,319,287,->,319,288,->,319,289,->,319,290,->,319,291,->,319,292,->,319,293,->,319,294,->,319,295,->,319,296,->,319,297,->,319,298,->,319,299,->,319,300,->,319,301,->,319,302,->,319,303,->,320,0,->,320,1,->,320,2,->,320,3,->,320,4,->,320,5,->,320,6,->,320,7,->,320,8,->,320,9,->,320,10,->,320,11,->,320,12,->,320,13,->,320,14,->,320,15,->,320,16,->,320,17,->,320,18,->,320,19,->,320,20,->,320,21,->,320,22,->,320,23,->,320,24,->,320,25,->,320,26,->,320,27,->,320,28,->,320,29,->,320,30,->,320,31,->,320,32,->,320,33,->,320,34,->,320,35,->,320,36,->,320,37,->,320,38,->,320,39,->,320,40,->,320,41,->,320,42,->,320,43,->,320,44,->,320,45,->,320,46,->,320,47,->,320,48,->,320,49,->,320,50,->,320,51,->,320,52,->,320,53,->,320,76,->,320,77,->,320,78,->,320,79,->,320,80,->,320,81,->,320,82,->,320,83,->,320,84,->,320,85,->,320,86,->,320,94,->,320,95,->,320,100,->,320,101,->,320,102,->,320,103,->,320,104,->,320,107,->,320,108,->,320,109,->,320,110,->,320,111,->,320,112,->,320,113,->,320,114,->,320,115,->,320,116,->,320,117,->,320,118,->,320,119,->,320,120,->,320,121,->,320,130,->,320,131,->,320,132,->,320,133,->,320,134,->,320,135,->,320,138,->,320,139,->,320,140,->,320,141,->,320,142,->,320,143,->,320,144,->,320,145,->,320,146,->,320,147,->,320,148,->,320,149,->,320,150,->,320,151,->,320,152,->,320,153,->,320,154,->,320,155,->,320,156,->,320,157,->,320,158,->,320,159,->,320,160,->,320,161,->,320,162,->,320,163,->,320,164,->,320,165,->,320,166,->,320,167,->,320,168,->,320,169,->,320,170,->,320,171,->,320,172,->,320,173,->,320,174,->,320,175,->,320,176,->,320,177,->,320,178,->,320,179,->,320,180,->,320,181,->,320,182,->,320,183,->,320,184,->,320,185,->,320,186,->,320,187,->,320,188,->,320,189,->,320,190,->,320,191,->,320,192,->,320,193,->,320,194,->,320,209,->,320,210,->,320,212,->,320,213,->,320,215,->,320,216,->,320,217,->,320,218,->,320,222,->,320,226,->,320,236,->,320,240,->,320,241,->,320,243,->,320,246,->,320,247,->,320,248,->,320,249,->,320,250,->,320,251,->,320,252,->,320,253,->,320,254,->,320,255,->,320,256,->,320,257,->,320,258,->,320,259,->,320,260,->,320,261,->,320,262,->,320,263,->,320,264,->,320,265,->,320,266,->,320,267,->,320,268,->,320,269,->,320,270,->,320,271,->,320,272,->,320,273,->,320,274,->,320,275,->,320,276,->,320,277,->,320,278,->,320,279,->,320,280,->,320,281,->,320,282,->,320,283,->,320,284,->,320,285,->,320,286,->,320,287,->,320,288,->,320,289,->,320,290,->,320,291,->,320,292,->,320,293,->,320,294,->,320,295,->,320,296,->,320,297,->,320,298,->,320,299,->,320,300,->,320,301,->,320,302,->,320,303,->,321,0,->,321,1,->,321,2,->,321,3,->,321,4,->,321,5,->,321,6,->,321,7,->,321,8,->,321,9,->,321,10,->,321,11,->,321,12,->,321,13,->,321,14,->,321,15,->,321,16,->,321,17,->,321,18,->,321,19,->,321,20,->,321,21,->,321,22,->,321,23,->,321,24,->,321,25,->,321,26,->,321,27,->,321,28,->,321,29,->,321,30,->,321,31,->,321,32,->,321,33,->,321,34,->,321,35,->,321,36,->,321,37,->,321,38,->,321,39,->,321,40,->,321,41,->,321,42,->,321,43,->,321,44,->,321,45,->,321,46,->,321,47,->,321,48,->,321,49,->,321,50,->,321,51,->,321,76,->,321,77,->,321,78,->,321,79,->,321,80,->,321,81,->,321,82,->,321,83,->,321,84,->,321,85,->,321,86,->,321,93,->,321,94,->,321,95,->,321,99,->,321,100,->,321,101,->,321,102,->,321,103,->,321,104,->,321,105,->,321,106,->,321,107,->,321,108,->,321,109,->,321,110,->,321,111,->,321,112,->,321,113,->,321,114,->,321,115,->,321,116,->,321,117,->,321,118,->,321,119,->,321,120,->,321,128,->,321,129,->,321,130,->,321,131,->,321,132,->,321,133,->,321,134,->,321,135,->,321,138,->,321,139,->,321,140,->,321,141,->,321,142,->,321,143,->,321,144,->,321,145,->,321,146,->,321,147,->,321,148,->,321,149,->,321,150,->,321,151,->,321,152,->,321,153,->,321,154,->,321,155,->,321,156,->,321,157,->,321,158,->,321,159,->,321,160,->,321,161,->,321,162,->,321,163,->,321,164,->,321,165,->,321,166,->,321,167,->,321,168,->,321,169,->,321,170,->,321,171,->,321,172,->,321,173,->,321,174,->,321,175,->,321,176,->,321,177,->,321,178,->,321,179,->,321,180,->,321,181,->,321,182,->,321,183,->,321,184,->,321,185,->,321,186,->,321,187,->,321,188,->,321,189,->,321,190,->,321,191,->,321,192,->,321,193,->,321,196,->,321,204,->,321,205,->,321,206,->,321,207,->,321,208,->,321,209,->,321,210,->,321,212,->,321,213,->,321,214,->,321,216,->,321,219,->,321,223,->,321,224,->,321,227,->,321,230,->,321,233,->,321,234,->,321,235,->,321,238,->,321,240,->,321,241,->,321,246,->,321,247,->,321,248,->,321,249,->,321,250,->,321,251,->,321,252,->,321,253,->,321,254,->,321,255,->,321,256,->,321,257,->,321,258,->,321,259,->,321,260,->,321,261,->,321,262,->,321,263,->,321,264,->,321,265,->,321,266,->,321,267,->,321,268,->,321,269,->,321,270,->,321,271,->,321,272,->,321,273,->,321,274,->,321,275,->,321,276,->,321,277,->,321,278,->,321,279,->,321,280,->,321,281,->,321,282,->,321,283,->,321,284,->,321,285,->,321,286,->,321,287,->,321,288,->,321,289,->,321,290,->,321,291,->,321,292,->,321,293,->,321,294,->,321,295,->,321,296,->,321,297,->,321,298,->,321,299,->,321,300,->,321,301,->,321,302,->,321,303,->,322,0,->,322,1,->,322,2,->,322,3,->,322,4,->,322,5,->,322,6,->,322,7,->,322,8,->,322,9,->,322,10,->,322,11,->,322,12,->,322,13,->,322,14,->,322,15,->,322,16,->,322,17,->,322,18,->,322,19,->,322,20,->,322,21,->,322,22,->,322,23,->,322,24,->,322,25,->,322,26,->,322,27,->,322,28,->,322,29,->,322,30,->,322,31,->,322,32,->,322,33,->,322,34,->,322,35,->,322,36,->,322,37,->,322,38,->,322,39,->,322,40,->,322,41,->,322,42,->,322,43,->,322,44,->,322,45,->,322,46,->,322,47,->,322,48,->,322,49,->,322,50,->,322,51,->,322,52,->,322,77,->,322,78,->,322,79,->,322,80,->,322,81,->,322,82,->,322,83,->,322,84,->,322,85,->,322,86,->,322,92,->,322,93,->,322,94,->,322,95,->,322,99,->,322,100,->,322,101,->,322,102,->,322,103,->,322,104,->,322,105,->,322,106,->,322,107,->,322,108,->,322,109,->,322,110,->,322,111,->,322,112,->,322,113,->,322,114,->,322,115,->,322,116,->,322,117,->,322,118,->,322,130,->,322,131,->,322,132,->,322,133,->,322,134,->,322,135,->,322,139,->,322,140,->,322,141,->,322,142,->,322,143,->,322,144,->,322,145,->,322,146,->,322,147,->,322,148,->,322,149,->,322,150,->,322,151,->,322,152,->,322,153,->,322,154,->,322,155,->,322,156,->,322,157,->,322,158,->,322,159,->,322,160,->,322,161,->,322,162,->,322,163,->,322,164,->,322,165,->,322,166,->,322,167,->,322,168,->,322,169,->,322,170,->,322,171,->,322,172,->,322,173,->,322,174,->,322,175,->,322,176,->,322,177,->,322,178,->,322,179,->,322,180,->,322,181,->,322,182,->,322,183,->,322,184,->,322,185,->,322,186,->,322,187,->,322,188,->,322,189,->,322,190,->,322,191,->,322,192,->,322,193,->,322,196,->,322,197,->,322,203,->,322,204,->,322,205,->,322,206,->,322,207,->,322,208,->,322,209,->,322,210,->,322,215,->,322,216,->,322,219,->,322,223,->,322,224,->,322,226,->,322,227,->,322,228,->,322,230,->,322,232,->,322,233,->,322,234,->,322,235,->,322,236,->,322,239,->,322,249,->,322,250,->,322,251,->,322,252,->,322,253,->,322,254,->,322,256,->,322,257,->,322,258,->,322,259,->,322,260,->,322,261,->,322,262,->,322,263,->,322,264,->,322,265,->,322,266,->,322,267,->,322,268,->,322,269,->,322,270,->,322,271,->,322,272,->,322,273,->,322,274,->,322,275,->,322,276,->,322,277,->,322,278,->,322,279,->,322,280,->,322,281,->,322,282,->,322,283,->,322,284,->,322,285,->,322,286,->,322,287,->,322,288,->,322,289,->,322,290,->,322,291,->,322,292,->,322,293,->,322,294,->,322,295,->,322,296,->,322,297,->,322,298,->,322,299,->,322,300,->,322,301,->,322,302,->,322,303,->,323,0,->,323,1,->,323,2,->,323,3,->,323,4,->,323,5,->,323,6,->,323,7,->,323,8,->,323,9,->,323,10,->,323,11,->,323,12,->,323,13,->,323,14,->,323,15,->,323,16,->,323,17,->,323,18,->,323,19,->,323,20,->,323,21,->,323,22,->,323,23,->,323,24,->,323,25,->,323,26,->,323,27,->,323,28,->,323,29,->,323,30,->,323,31,->,323,32,->,323,33,->,323,34,->,323,35,->,323,36,->,323,37,->,323,38,->,323,39,->,323,40,->,323,41,->,323,42,->,323,43,->,323,44,->,323,45,->,323,46,->,323,47,->,323,48,->,323,49,->,323,50,->,323,76,->,323,77,->,323,78,->,323,79,->,323,80,->,323,81,->,323,82,->,323,83,->,323,84,->,323,85,->,323,86,->,323,91,->,323,92,->,323,93,->,323,96,->,323,97,->,323,98,->,323,99,->,323,100,->,323,101,->,323,102,->,323,105,->,323,106,->,323,107,->,323,108,->,323,109,->,323,110,->,323,111,->,323,112,->,323,113,->,323,114,->,323,115,->,323,116,->,323,117,->,323,118,->,323,119,->,323,128,->,323,129,->,323,130,->,323,131,->,323,132,->,323,133,->,323,134,->,323,135,->,323,136,->,323,140,->,323,141,->,323,142,->,323,143,->,323,144,->,323,145,->,323,146,->,323,147,->,323,148,->,323,149,->,323,150,->,323,151,->,323,152,->,323,153,->,323,154,->,323,155,->,323,156,->,323,157,->,323,158,->,323,159,->,323,160,->,323,161,->,323,162,->,323,163,->,323,164,->,323,165,->,323,166,->,323,167,->,323,168,->,323,169,->,323,170,->,323,171,->,323,172,->,323,173,->,323,174,->,323,175,->,323,176,->,323,177,->,323,178,->,323,179,->,323,180,->,323,181,->,323,182,->,323,183,->,323,184,->,323,185,->,323,186,->,323,187,->,323,188,->,323,189,->,323,190,->,323,191,->,323,192,->,323,193,->,323,194,->,323,195,->,323,196,->,323,199,->,323,202,->,323,203,->,323,204,->,323,205,->,323,206,->,323,207,->,323,208,->,323,209,->,323,210,->,323,211,->,323,212,->,323,213,->,323,214,->,323,215,->,323,217,->,323,218,->,323,224,->,323,228,->,323,229,->,323,230,->,323,231,->,323,232,->,323,236,->,323,239,->,323,241,->,323,242,->,323,244,->,323,246,->,323,248,->,323,250,->,323,251,->,323,252,->,323,253,->,323,254,->,323,255,->,323,257,->,323,258,->,323,259,->,323,260,->,323,261,->,323,262,->,323,263,->,323,264,->,323,265,->,323,266,->,323,267,->,323,268,->,323,269,->,323,270,->,323,271,->,323,272,->,323,273,->,323,274,->,323,275,->,323,276,->,323,277,->,323,278,->,323,279,->,323,280,->,323,281,->,323,282,->,323,283,->,323,284,->,323,285,->,323,286,->,323,287,->,323,288,->,323,289,->,323,290,->,323,291,->,323,292,->,323,293,->,323,294,->,323,295,->,323,296,->,323,297,->,323,298,->,323,299,->,323,300,->,323,301,->,323,302,->,323,303,->,324,0,->,324,1,->,324,2,->,324,3,->,324,4,->,324,5,->,324,6,->,324,7,->,324,8,->,324,9,->,324,10,->,324,11,->,324,12,->,324,13,->,324,14,->,324,15,->,324,16,->,324,17,->,324,18,->,324,19,->,324,20,->,324,21,->,324,22,->,324,23,->,324,24,->,324,25,->,324,26,->,324,27,->,324,28,->,324,29,->,324,30,->,324,31,->,324,32,->,324,33,->,324,34,->,324,35,->,324,36,->,324,37,->,324,38,->,324,39,->,324,40,->,324,41,->,324,42,->,324,43,->,324,44,->,324,45,->,324,46,->,324,47,->,324,48,->,324,49,->,324,76,->,324,77,->,324,78,->,324,79,->,324,80,->,324,81,->,324,82,->,324,83,->,324,84,->,324,85,->,324,86,->,324,89,->,324,90,->,324,91,->,324,92,->,324,93,->,324,94,->,324,95,->,324,96,->,324,97,->,324,98,->,324,99,->,324,100,->,324,101,->,324,102,->,324,103,->,324,104,->,324,105,->,324,106,->,324,107,->,324,108,->,324,109,->,324,110,->,324,111,->,324,112,->,324,113,->,324,114,->,324,115,->,324,116,->,324,117,->,324,118,->,324,119,->,324,120,->,324,128,->,324,129,->,324,130,->,324,131,->,324,132,->,324,133,->,324,134,->,324,135,->,324,136,->,324,142,->,324,143,->,324,144,->,324,145,->,324,146,->,324,147,->,324,148,->,324,149,->,324,150,->,324,151,->,324,152,->,324,153,->,324,154,->,324,155,->,324,156,->,324,157,->,324,158,->,324,159,->,324,160,->,324,161,->,324,162,->,324,163,->,324,164,->,324,165,->,324,166,->,324,167,->,324,168,->,324,169,->,324,170,->,324,171,->,324,172,->,324,173,->,324,174,->,324,175,->,324,176,->,324,177,->,324,178,->,324,179,->,324,180,->,324,183,->,324,184,->,324,185,->,324,186,->,324,187,->,324,188,->,324,189,->,324,190,->,324,191,->,324,192,->,324,193,->,324,194,->,324,195,->,324,196,->,324,199,->,324,200,->,324,201,->,324,202,->,324,203,->,324,204,->,324,205,->,324,206,->,324,207,->,324,208,->,324,209,->,324,210,->,324,211,->,324,212,->,324,213,->,324,214,->,324,215,->,324,218,->,324,219,->,324,220,->,324,222,->,324,224,->,324,226,->,324,227,->,324,229,->,324,231,->,324,233,->,324,238,->,324,240,->,324,241,->,324,243,->,324,246,->,324,248,->,324,252,->,324,255,->,324,256,->,324,257,->,324,258,->,324,259,->,324,260,->,324,261,->,324,262,->,324,263,->,324,264,->,324,265,->,324,266,->,324,267,->,324,268,->,324,269,->,324,270,->,324,271,->,324,272,->,324,273,->,324,274,->,324,275,->,324,276,->,324,277,->,324,278,->,324,279,->,324,280,->,324,281,->,324,282,->,324,283,->,324,284,->,324,285,->,324,286,->,324,287,->,324,288,->,324,289,->,324,290,->,324,291,->,324,292,->,324,293,->,324,294,->,324,295,->,324,296,->,324,297,->,324,298,->,324,299,->,324,300,->,324,301,->,324,302,->,324,303,->,325,0,->,325,1,->,325,2,->,325,3,->,325,4,->,325,5,->,325,6,->,325,7,->,325,8,->,325,9,->,325,10,->,325,11,->,325,12,->,325,13,->,325,14,->,325,15,->,325,16,->,325,17,->,325,18,->,325,19,->,325,20,->,325,21,->,325,22,->,325,23,->,325,24,->,325,25,->,325,26,->,325,27,->,325,28,->,325,29,->,325,30,->,325,31,->,325,32,->,325,33,->,325,34,->,325,35,->,325,36,->,325,37,->,325,38,->,325,39,->,325,40,->,325,41,->,325,42,->,325,43,->,325,44,->,325,45,->,325,46,->,325,47,->,325,48,->,325,49,->,325,50,->,325,78,->,325,79,->,325,80,->,325,81,->,325,82,->,325,83,->,325,84,->,325,85,->,325,86,->,325,87,->,325,88,->,325,89,->,325,90,->,325,91,->,325,92,->,325,93,->,325,94,->,325,95,->,325,96,->,325,97,->,325,98,->,325,101,->,325,102,->,325,103,->,325,104,->,325,105,->,325,106,->,325,107,->,325,108,->,325,109,->,325,110,->,325,111,->,325,112,->,325,113,->,325,114,->,325,115,->,325,116,->,325,117,->,325,118,->,325,119,->,325,120,->,325,121,->,325,128,->,325,129,->,325,130,->,325,131,->,325,132,->,325,133,->,325,134,->,325,135,->,325,142,->,325,143,->,325,144,->,325,145,->,325,146,->,325,147,->,325,148,->,325,149,->,325,150,->,325,151,->,325,152,->,325,153,->,325,154,->,325,155,->,325,156,->,325,157,->,325,158,->,325,159,->,325,160,->,325,161,->,325,162,->,325,163,->,325,164,->,325,165,->,325,166,->,325,167,->,325,168,->,325,169,->,325,170,->,325,171,->,325,172,->,325,173,->,325,174,->,325,175,->,325,176,->,325,177,->,325,178,->,325,179,->,325,182,->,325,183,->,325,184,->,325,185,->,325,186,->,325,187,->,325,188,->,325,189,->,325,190,->,325,191,->,325,192,->,325,193,->,325,194,->,325,195,->,325,198,->,325,199,->,325,200,->,325,201,->,325,202,->,325,203,->,325,204,->,325,205,->,325,206,->,325,207,->,325,208,->,325,209,->,325,210,->,325,211,->,325,212,->,325,214,->,325,215,->,325,218,->,325,219,->,325,220,->,325,221,->,325,222,->,325,223,->,325,224,->,325,225,->,325,226,->,325,230,->,325,232,->,325,233,->,325,234,->,325,235,->,325,239,->,325,240,->,325,241,->,325,242,->,325,243,->,325,244,->,325,245,->,325,247,->,325,248,->,325,249,->,325,250,->,325,251,->,325,252,->,325,253,->,325,254,->,325,255,->,325,256,->,325,257,->,325,258,->,325,259,->,325,260,->,325,261,->,325,262,->,325,263,->,325,264,->,325,265,->,325,266,->,325,267,->,325,268,->,325,269,->,325,270,->,325,272,->,325,273,->,325,274,->,325,275,->,325,276,->,325,277,->,325,278,->,325,279,->,325,280,->,325,281,->,325,282,->,325,283,->,325,284,->,325,285,->,325,286,->,325,287,->,325,288,->,325,289,->,325,290,->,325,291,->,325,292,->,325,293,->,325,294,->,325,295,->,325,296,->,325,297,->,325,298,->,325,299,->,325,300,->,325,301,->,325,302,->,325,303,->,326,0,->,326,1,->,326,2,->,326,3,->,326,4,->,326,5,->,326,6,->,326,7,->,326,8,->,326,9,->,326,10,->,326,11,->,326,12,->,326,13,->,326,14,->,326,15,->,326,16,->,326,17,->,326,18,->,326,19,->,326,20,->,326,21,->,326,22,->,326,23,->,326,24,->,326,25,->,326,26,->,326,27,->,326,28,->,326,29,->,326,30,->,326,31,->,326,32,->,326,33,->,326,34,->,326,35,->,326,36,->,326,37,->,326,38,->,326,39,->,326,40,->,326,41,->,326,42,->,326,43,->,326,44,->,326,45,->,326,46,->,326,47,->,326,48,->,326,49,->,326,50,->,326,77,->,326,78,->,326,79,->,326,83,->,326,84,->,326,85,->,326,86,->,326,87,->,326,88,->,326,89,->,326,90,->,326,91,->,326,92,->,326,93,->,326,94,->,326,95,->,326,96,->,326,97,->,326,98,->,326,99,->,326,100,->,326,101,->,326,102,->,326,103,->,326,104,->,326,105,->,326,106,->,326,107,->,326,108,->,326,109,->,326,110,->,326,111,->,326,112,->,326,113,->,326,114,->,326,115,->,326,116,->,326,117,->,326,118,->,326,119,->,326,120,->,326,121,->,326,128,->,326,129,->,326,130,->,326,131,->,326,132,->,326,133,->,326,134,->,326,140,->,326,141,->,326,142,->,326,143,->,326,144,->,326,145,->,326,146,->,326,147,->,326,148,->,326,149,->,326,150,->,326,151,->,326,152,->,326,153,->,326,154,->,326,155,->,326,156,->,326,157,->,326,158,->,326,159,->,326,160,->,326,161,->,326,162,->,326,163,->,326,164,->,326,165,->,326,166,->,326,167,->,326,168,->,326,169,->,326,170,->,326,171,->,326,172,->,326,173,->,326,174,->,326,175,->,326,176,->,326,177,->,326,178,->,326,179,->,326,180,->,326,181,->,326,182,->,326,183,->,326,184,->,326,185,->,326,186,->,326,187,->,326,188,->,326,189,->,326,190,->,326,191,->,326,192,->,326,193,->,326,194,->,326,195,->,326,196,->,326,197,->,326,198,->,326,199,->,326,200,->,326,201,->,326,202,->,326,203,->,326,204,->,326,205,->,326,206,->,326,207,->,326,208,->,326,209,->,326,210,->,326,211,->,326,212,->,326,214,->,326,215,->,326,216,->,326,217,->,326,218,->,326,221,->,326,222,->,326,223,->,326,224,->,326,226,->,326,227,->,326,228,->,326,229,->,326,230,->,326,231,->,326,232,->,326,233,->,326,234,->,326,236,->,326,237,->,326,238,->,326,239,->,326,240,->,326,241,->,326,242,->,326,243,->,326,244,->,326,245,->,326,246,->,326,247,->,326,248,->,326,250,->,326,251,->,326,252,->,326,253,->,326,254,->,326,256,->,326,257,->,326,258,->,326,259,->,326,260,->,326,261,->,326,262,->,326,263,->,326,264,->,326,265,->,326,266,->,326,268,->,326,269,->,326,270,->,326,271,->,326,273,->,326,274,->,326,275,->,326,276,->,326,277,->,326,278,->,326,279,->,326,280,->,326,281,->,326,282,->,326,283,->,326,284,->,326,285,->,326,286,->,326,287,->,326,288,->,326,289,->,326,290,->,326,291,->,326,292,->,326,293,->,326,294,->,326,295,->,326,296,->,326,297,->,326,298,->,326,299,->,326,300,->,326,301,->,326,302,->,326,303,->,327,0,->,327,1,->,327,2,->,327,3,->,327,4,->,327,5,->,327,6,->,327,7,->,327,8,->,327,9,->,327,10,->,327,11,->,327,12,->,327,13,->,327,14,->,327,15,->,327,16,->,327,17,->,327,18,->,327,19,->,327,20,->,327,21,->,327,22,->,327,23,->,327,24,->,327,25,->,327,26,->,327,27,->,327,28,->,327,29,->,327,30,->,327,31,->,327,32,->,327,33,->,327,34,->,327,35,->,327,36,->,327,37,->,327,38,->,327,39,->,327,40,->,327,41,->,327,42,->,327,43,->,327,44,->,327,45,->,327,46,->,327,47,->,327,48,->,327,49,->,327,50,->,327,78,->,327,79,->,327,80,->,327,81,->,327,82,->,327,83,->,327,84,->,327,85,->,327,86,->,327,87,->,327,88,->,327,89,->,327,90,->,327,91,->,327,92,->,327,93,->,327,94,->,327,95,->,327,96,->,327,97,->,327,98,->,327,99,->,327,100,->,327,101,->,327,102,->,327,103,->,327,104,->,327,105,->,327,106,->,327,107,->,327,108,->,327,109,->,327,110,->,327,111,->,327,112,->,327,113,->,327,114,->,327,115,->,327,116,->,327,117,->,327,118,->,327,119,->,327,120,->,327,121,->,327,128,->,327,129,->,327,130,->,327,131,->,327,132,->,327,133,->,327,134,->,327,140,->,327,141,->,327,142,->,327,143,->,327,144,->,327,145,->,327,146,->,327,147,->,327,148,->,327,149,->,327,150,->,327,151,->,327,152,->,327,153,->,327,154,->,327,155,->,327,156,->,327,157,->,327,158,->,327,159,->,327,160,->,327,161,->,327,162,->,327,163,->,327,164,->,327,165,->,327,166,->,327,167,->,327,168,->,327,169,->,327,170,->,327,171,->,327,172,->,327,173,->,327,174,->,327,175,->,327,176,->,327,177,->,327,178,->,327,179,->,327,180,->,327,181,->,327,182,->,327,183,->,327,184,->,327,185,->,327,186,->,327,187,->,327,188,->,327,189,->,327,190,->,327,191,->,327,192,->,327,193,->,327,194,->,327,195,->,327,196,->,327,197,->,327,198,->,327,199,->,327,200,->,327,201,->,327,202,->,327,203,->,327,204,->,327,205,->,327,206,->,327,207,->,327,208,->,327,209,->,327,210,->,327,211,->,327,212,->,327,213,->,327,214,->,327,215,->,327,216,->,327,217,->,327,218,->,327,219,->,327,220,->,327,224,->,327,225,->,327,226,->,327,228,->,327,229,->,327,230,->,327,231,->,327,232,->,327,234,->,327,236,->,327,237,->,327,238,->,327,239,->,327,240,->,327,241,->,327,242,->,327,243,->,327,244,->,327,245,->,327,246,->,327,248,->,327,249,->,327,250,->,327,252,->,327,253,->,327,254,->,327,255,->,327,257,->,327,261,->,327,262,->,327,264,->,327,265,->,327,266,->,327,267,->,327,268,->,327,269,->,327,271,->,327,272,->,327,274,->,327,275,->,327,276,->,327,277,->,327,278,->,327,279,->,327,280,->,327,281,->,327,282,->,327,283,->,327,284,->,327,285,->,327,286,->,327,287,->,327,288,->,327,289,->,327,290,->,327,291,->,327,292,->,327,293,->,327,294,->,327,295,->,327,296,->,327,297,->,327,298,->,327,299,->,327,300,->,327,301,->,327,302,->,327,303,->,328,0,->,328,1,->,328,2,->,328,3,->,328,4,->,328,5,->,328,6,->,328,7,->,328,8,->,328,9,->,328,10,->,328,11,->,328,12,->,328,13,->,328,14,->,328,15,->,328,16,->,328,17,->,328,18,->,328,19,->,328,20,->,328,21,->,328,22,->,328,23,->,328,24,->,328,25,->,328,26,->,328,27,->,328,28,->,328,29,->,328,30,->,328,31,->,328,32,->,328,33,->,328,34,->,328,35,->,328,36,->,328,37,->,328,38,->,328,39,->,328,40,->,328,41,->,328,42,->,328,43,->,328,44,->,328,45,->,328,46,->,328,47,->,328,48,->,328,49,->,328,50,->,328,77,->,328,78,->,328,79,->,328,80,->,328,81,->,328,82,->,328,83,->,328,84,->,328,85,->,328,86,->,328,87,->,328,88,->,328,89,->,328,90,->,328,91,->,328,92,->,328,93,->,328,94,->,328,95,->,328,96,->,328,97,->,328,98,->,328,99,->,328,100,->,328,101,->,328,102,->,328,103,->,328,104,->,328,105,->,328,106,->,328,107,->,328,108,->,328,109,->,328,110,->,328,111,->,328,112,->,328,113,->,328,114,->,328,115,->,328,116,->,328,117,->,328,118,->,328,119,->,328,120,->,328,121,->,328,122,->,328,123,->,328,129,->,328,130,->,328,131,->,328,132,->,328,140,->,328,141,->,328,142,->,328,143,->,328,144,->,328,145,->,328,146,->,328,147,->,328,148,->,328,149,->,328,150,->,328,151,->,328,152,->,328,153,->,328,154,->,328,155,->,328,156,->,328,157,->,328,158,->,328,159,->,328,160,->,328,161,->,328,162,->,328,163,->,328,164,->,328,165,->,328,166,->,328,167,->,328,168,->,328,169,->,328,170,->,328,171,->,328,172,->,328,173,->,328,174,->,328,175,->,328,176,->,328,177,->,328,178,->,328,179,->,328,182,->,328,183,->,328,184,->,328,185,->,328,186,->,328,187,->,328,188,->,328,189,->,328,190,->,328,191,->,328,192,->,328,193,->,328,194,->,328,195,->,328,196,->,328,197,->,328,198,->,328,199,->,328,200,->,328,201,->,328,202,->,328,203,->,328,204,->,328,205,->,328,206,->,328,207,->,328,208,->,328,209,->,328,210,->,328,211,->,328,212,->,328,213,->,328,214,->,328,215,->,328,216,->,328,217,->,328,218,->,328,219,->,328,222,->,328,223,->,328,226,->,328,227,->,328,228,->,328,229,->,328,230,->,328,232,->,328,233,->,328,234,->,328,235,->,328,236,->,328,237,->,328,238,->,328,239,->,328,240,->,328,241,->,328,242,->,328,243,->,328,244,->,328,245,->,328,246,->,328,247,->,328,248,->,328,249,->,328,250,->,328,254,->,328,255,->,328,256,->,328,257,->,328,258,->,328,259,->,328,260,->,328,261,->,328,262,->,328,263,->,328,266,->,328,267,->,328,268,->,328,270,->,328,271,->,328,272,->,328,273,->,328,274,->,328,275,->,328,276,->,328,277,->,328,278,->,328,279,->,328,280,->,328,281,->,328,282,->,328,283,->,328,284,->,328,285,->,328,286,->,328,287,->,328,288,->,328,289,->,328,290,->,328,291,->,328,292,->,328,293,->,328,294,->,328,295,->,328,296,->,328,297,->,328,298,->,328,299,->,328,300,->,328,301,->,328,302,->,328,303,->,329,0,->,329,1,->,329,2,->,329,3,->,329,4,->,329,5,->,329,6,->,329,7,->,329,8,->,329,9,->,329,10,->,329,11,->,329,12,->,329,13,->,329,14,->,329,15,->,329,16,->,329,17,->,329,18,->,329,19,->,329,20,->,329,21,->,329,22,->,329,23,->,329,24,->,329,25,->,329,26,->,329,27,->,329,28,->,329,29,->,329,30,->,329,31,->,329,32,->,329,33,->,329,34,->,329,35,->,329,36,->,329,37,->,329,38,->,329,39,->,329,40,->,329,41,->,329,42,->,329,43,->,329,44,->,329,45,->,329,46,->,329,47,->,329,48,->,329,49,->,329,50,->,329,76,->,329,77,->,329,78,->,329,79,->,329,80,->,329,81,->,329,82,->,329,83,->,329,84,->,329,85,->,329,86,->,329,87,->,329,88,->,329,89,->,329,90,->,329,91,->,329,92,->,329,93,->,329,94,->,329,95,->,329,96,->,329,97,->,329,98,->,329,99,->,329,100,->,329,101,->,329,102,->,329,103,->,329,104,->,329,105,->,329,106,->,329,107,->,329,108,->,329,109,->,329,110,->,329,111,->,329,112,->,329,113,->,329,114,->,329,115,->,329,116,->,329,117,->,329,118,->,329,119,->,329,120,->,329,121,->,329,122,->,329,123,->,329,129,->,329,130,->,329,131,->,329,132,->,329,138,->,329,139,->,329,140,->,329,141,->,329,142,->,329,143,->,329,144,->,329,145,->,329,146,->,329,147,->,329,148,->,329,149,->,329,150,->,329,151,->,329,152,->,329,153,->,329,154,->,329,155,->,329,156,->,329,157,->,329,158,->,329,159,->,329,160,->,329,161,->,329,162,->,329,163,->,329,164,->,329,165,->,329,166,->,329,167,->,329,168,->,329,169,->,329,170,->,329,171,->,329,172,->,329,173,->,329,174,->,329,175,->,329,176,->,329,177,->,329,178,->,329,183,->,329,184,->,329,185,->,329,186,->,329,187,->,329,188,->,329,189,->,329,190,->,329,191,->,329,192,->,329,193,->,329,194,->,329,195,->,329,196,->,329,197,->,329,198,->,329,199,->,329,200,->,329,201,->,329,202,->,329,203,->,329,204,->,329,205,->,329,206,->,329,207,->,329,208,->,329,209,->,329,210,->,329,211,->,329,212,->,329,213,->,329,214,->,329,215,->,329,216,->,329,217,->,329,218,->,329,219,->,329,220,->,329,222,->,329,223,->,329,224,->,329,225,->,329,226,->,329,227,->,329,228,->,329,229,->,329,230,->,329,231,->,329,232,->,329,233,->,329,234,->,329,235,->,329,236,->,329,237,->,329,238,->,329,239,->,329,240,->,329,241,->,329,242,->,329,243,->,329,244,->,329,245,->,329,246,->,329,247,->,329,248,->,329,252,->,329,253,->,329,254,->,329,255,->,329,256,->,329,257,->,329,258,->,329,259,->,329,260,->,329,261,->,329,262,->,329,263,->,329,264,->,329,268,->,329,269,->,329,270,->,329,271,->,329,272,->,329,273,->,329,274,->,329,275,->,329,276,->,329,277,->,329,278,->,329,279,->,329,280,->,329,281,->,329,282,->,329,283,->,329,284,->,329,285,->,329,286,->,329,287,->,329,288,->,329,289,->,329,290,->,329,291,->,329,292,->,329,293,->,329,294,->,329,295,->,329,296,->,329,297,->,329,298,->,329,299,->,329,300,->,329,301,->,329,302,->,329,303,->,330,0,->,330,1,->,330,2,->,330,3,->,330,4,->,330,5,->,330,6,->,330,7,->,330,8,->,330,9,->,330,10,->,330,11,->,330,12,->,330,13,->,330,14,->,330,15,->,330,16,->,330,17,->,330,18,->,330,19,->,330,20,->,330,21,->,330,22,->,330,23,->,330,24,->,330,25,->,330,26,->,330,27,->,330,28,->,330,29,->,330,30,->,330,31,->,330,32,->,330,33,->,330,34,->,330,35,->,330,36,->,330,37,->,330,38,->,330,39,->,330,40,->,330,41,->,330,42,->,330,43,->,330,44,->,330,45,->,330,46,->,330,47,->,330,48,->,330,49,->,330,76,->,330,77,->,330,78,->,330,79,->,330,80,->,330,81,->,330,82,->,330,89,->,330,90,->,330,91,->,330,92,->,330,93,->,330,94,->,330,95,->,330,96,->,330,97,->,330,98,->,330,99,->,330,100,->,330,101,->,330,102,->,330,103,->,330,104,->,330,105,->,330,106,->,330,107,->,330,108,->,330,109,->,330,110,->,330,111,->,330,112,->,330,113,->,330,114,->,330,115,->,330,116,->,330,117,->,330,118,->,330,119,->,330,120,->,330,121,->,330,122,->,330,123,->,330,124,->,330,128,->,330,129,->,330,130,->,330,131,->,330,132,->,330,137,->,330,138,->,330,139,->,330,140,->,330,141,->,330,142,->,330,143,->,330,144,->,330,145,->,330,146,->,330,147,->,330,148,->,330,149,->,330,150,->,330,151,->,330,152,->,330,153,->,330,154,->,330,155,->,330,156,->,330,157,->,330,158,->,330,159,->,330,160,->,330,161,->,330,162,->,330,163,->,330,164,->,330,165,->,330,166,->,330,167,->,330,168,->,330,169,->,330,170,->,330,171,->,330,172,->,330,173,->,330,174,->,330,175,->,330,176,->,330,177,->,330,178,->,330,183,->,330,184,->,330,185,->,330,186,->,330,187,->,330,188,->,330,189,->,330,190,->,330,191,->,330,192,->,330,193,->,330,194,->,330,195,->,330,196,->,330,197,->,330,198,->,330,199,->,330,200,->,330,201,->,330,202,->,330,203,->,330,204,->,330,205,->,330,206,->,330,207,->,330,208,->,330,209,->,330,210,->,330,211,->,330,212,->,330,213,->,330,214,->,330,216,->,330,217,->,330,218,->,330,221,->,330,223,->,330,224,->,330,226,->,330,227,->,330,228,->,330,229,->,330,230,->,330,231,->,330,232,->,330,233,->,330,234,->,330,235,->,330,236,->,330,237,->,330,238,->,330,239,->,330,240,->,330,241,->,330,242,->,330,243,->,330,244,->,330,245,->,330,246,->,330,253,->,330,254,->,330,256,->,330,257,->,330,258,->,330,259,->,330,260,->,330,261,->,330,262,->,330,263,->,330,264,->,330,265,->,330,266,->,330,268,->,330,269,->,330,270,->,330,271,->,330,272,->,330,273,->,330,276,->,330,277,->,330,278,->,330,279,->,330,280,->,330,281,->,330,282,->,330,283,->,330,284,->,330,285,->,330,286,->,330,287,->,330,288,->,330,289,->,330,290,->,330,291,->,330,292,->,330,293,->,330,294,->,330,295,->,330,296,->,330,297,->,330,298,->,330,299,->,330,300,->,330,301,->,330,302,->,330,303,->,331,0,->,331,1,->,331,2,->,331,3,->,331,4,->,331,5,->,331,6,->,331,7,->,331,8,->,331,9,->,331,10,->,331,11,->,331,12,->,331,13,->,331,14,->,331,15,->,331,16,->,331,17,->,331,18,->,331,19,->,331,20,->,331,21,->,331,22,->,331,23,->,331,24,->,331,25,->,331,26,->,331,27,->,331,28,->,331,29,->,331,30,->,331,31,->,331,32,->,331,33,->,331,34,->,331,35,->,331,36,->,331,37,->,331,38,->,331,39,->,331,40,->,331,41,->,331,42,->,331,43,->,331,44,->,331,45,->,331,46,->,331,47,->,331,48,->,331,49,->,331,50,->,331,78,->,331,79,->,331,80,->,331,81,->,331,84,->,331,89,->,331,90,->,331,91,->,331,92,->,331,93,->,331,94,->,331,95,->,331,96,->,331,97,->,331,98,->,331,99,->,331,100,->,331,101,->,331,102,->,331,103,->,331,104,->,331,105,->,331,106,->,331,107,->,331,108,->,331,109,->,331,110,->,331,111,->,331,112,->,331,113,->,331,114,->,331,115,->,331,116,->,331,117,->,331,118,->,331,119,->,331,120,->,331,121,->,331,122,->,331,123,->,331,124,->,331,129,->,331,130,->,331,131,->,331,132,->,331,137,->,331,138,->,331,139,->,331,140,->,331,141,->,331,142,->,331,143,->,331,144,->,331,145,->,331,146,->,331,147,->,331,148,->,331,149,->,331,150,->,331,151,->,331,152,->,331,153,->,331,154,->,331,155,->,331,156,->,331,157,->,331,158,->,331,159,->,331,160,->,331,161,->,331,162,->,331,163,->,331,164,->,331,165,->,331,166,->,331,167,->,331,168,->,331,169,->,331,170,->,331,171,->,331,172,->,331,173,->,331,174,->,331,175,->,331,176,->,331,177,->,331,178,->,331,183,->,331,184,->,331,185,->,331,186,->,331,187,->,331,188,->,331,189,->,331,190,->,331,191,->,331,192,->,331,193,->,331,194,->,331,195,->,331,196,->,331,197,->,331,198,->,331,199,->,331,200,->,331,201,->,331,202,->,331,203,->,331,204,->,331,205,->,331,206,->,331,207,->,331,208,->,331,209,->,331,210,->,331,211,->,331,212,->,331,213,->,331,214,->,331,215,->,331,216,->,331,217,->,331,218,->,331,221,->,331,222,->,331,223,->,331,225,->,331,226,->,331,227,->,331,228,->,331,229,->,331,230,->,331,231,->,331,232,->,331,233,->,331,234,->,331,235,->,331,236,->,331,237,->,331,238,->,331,239,->,331,240,->,331,241,->,331,242,->,331,243,->,331,244,->,331,245,->,331,246,->,331,247,->,331,248,->,331,252,->,331,254,->,331,255,->,331,256,->,331,257,->,331,258,->,331,259,->,331,260,->,331,261,->,331,262,->,331,263,->,331,264,->,331,266,->,331,267,->,331,269,->,331,271,->,331,272,->,331,273,->,331,274,->,331,275,->,331,276,->,331,277,->,331,278,->,331,279,->,331,280,->,331,281,->,331,282,->,331,283,->,331,284,->,331,285,->,331,286,->,331,287,->,331,288,->,331,289,->,331,290,->,331,291,->,331,292,->,331,293,->,331,294,->,331,295,->,331,296,->,331,297,->,331,298,->,331,299,->,331,300,->,331,301,->,331,302,->,331,303,->,332,0,->,332,1,->,332,2,->,332,3,->,332,4,->,332,5,->,332,6,->,332,7,->,332,8,->,332,9,->,332,10,->,332,11,->,332,12,->,332,13,->,332,14,->,332,15,->,332,16,->,332,17,->,332,18,->,332,19,->,332,20,->,332,21,->,332,22,->,332,23,->,332,24,->,332,25,->,332,26,->,332,27,->,332,28,->,332,29,->,332,30,->,332,31,->,332,32,->,332,33,->,332,34,->,332,35,->,332,36,->,332,37,->,332,38,->,332,39,->,332,40,->,332,41,->,332,42,->,332,43,->,332,44,->,332,45,->,332,46,->,332,47,->,332,48,->,332,49,->,332,50,->,332,82,->,332,83,->,332,84,->,332,85,->,332,86,->,332,87,->,332,88,->,332,89,->,332,90,->,332,91,->,332,92,->,332,93,->,332,97,->,332,98,->,332,99,->,332,100,->,332,101,->,332,102,->,332,103,->,332,104,->,332,105,->,332,106,->,332,107,->,332,108,->,332,109,->,332,110,->,332,111,->,332,112,->,332,113,->,332,114,->,332,115,->,332,116,->,332,117,->,332,118,->,332,119,->,332,120,->,332,121,->,332,122,->,332,123,->,332,124,->,332,128,->,332,129,->,332,130,->,332,131,->,332,132,->,332,133,->,332,138,->,332,139,->,332,140,->,332,141,->,332,142,->,332,143,->,332,144,->,332,145,->,332,146,->,332,147,->,332,148,->,332,149,->,332,150,->,332,151,->,332,152,->,332,153,->,332,154,->,332,155,->,332,156,->,332,157,->,332,158,->,332,159,->,332,160,->,332,161,->,332,162,->,332,163,->,332,164,->,332,165,->,332,166,->,332,167,->,332,168,->,332,169,->,332,170,->,332,171,->,332,172,->,332,173,->,332,174,->,332,175,->,332,176,->,332,177,->,332,178,->,332,179,->,332,183,->,332,184,->,332,185,->,332,186,->,332,187,->,332,188,->,332,189,->,332,190,->,332,191,->,332,192,->,332,193,->,332,194,->,332,195,->,332,196,->,332,197,->,332,198,->,332,199,->,332,200,->,332,201,->,332,202,->,332,203,->,332,204,->,332,205,->,332,206,->,332,207,->,332,208,->,332,209,->,332,210,->,332,211,->,332,212,->,332,213,->,332,214,->,332,215,->,332,216,->,332,217,->,332,218,->,332,224,->,332,225,->,332,226,->,332,227,->,332,228,->,332,229,->,332,230,->,332,231,->,332,232,->,332,233,->,332,234,->,332,235,->,332,236,->,332,237,->,332,238,->,332,239,->,332,240,->,332,241,->,332,242,->,332,243,->,332,244,->,332,245,->,332,246,->,332,247,->,332,248,->,332,249,->,332,252,->,332,253,->,332,254,->,332,255,->,332,256,->,332,257,->,332,258,->,332,259,->,332,260,->,332,261,->,332,262,->,332,264,->,332,265,->,332,266,->,332,268,->,332,269,->,332,270,->,332,271,->,332,272,->,332,273,->,332,274,->,332,275,->,332,276,->,332,277,->,332,278,->,332,279,->,332,280,->,332,281,->,332,282,->,332,283,->,332,284,->,332,285,->,332,286,->,332,287,->,332,288,->,332,289,->,332,290,->,332,291,->,332,292,->,332,293,->,332,294,->,332,295,->,332,296,->,332,297,->,332,298,->,332,299,->,332,300,->,332,301,->,332,302,->,332,303,->,333,0,->,333,1,->,333,2,->,333,3,->,333,4,->,333,5,->,333,6,->,333,7,->,333,8,->,333,9,->,333,10,->,333,11,->,333,12,->,333,13,->,333,14,->,333,15,->,333,16,->,333,17,->,333,18,->,333,19,->,333,20,->,333,21,->,333,22,->,333,23,->,333,24,->,333,25,->,333,26,->,333,27,->,333,28,->,333,29,->,333,30,->,333,31,->,333,32,->,333,33,->,333,34,->,333,35,->,333,36,->,333,37,->,333,38,->,333,39,->,333,40,->,333,41,->,333,42,->,333,43,->,333,44,->,333,45,->,333,46,->,333,47,->,333,48,->,333,49,->,333,50,->,333,82,->,333,83,->,333,84,->,333,85,->,333,86,->,333,87,->,333,88,->,333,89,->,333,90,->,333,91,->,333,92,->,333,93,->,333,94,->,333,98,->,333,99,->,333,100,->,333,101,->,333,102,->,333,103,->,333,104,->,333,105,->,333,106,->,333,107,->,333,108,->,333,109,->,333,110,->,333,111,->,333,112,->,333,113,->,333,114,->,333,115,->,333,116,->,333,117,->,333,118,->,333,119,->,333,120,->,333,121,->,333,122,->,333,123,->,333,124,->,333,128,->,333,129,->,333,130,->,333,131,->,333,132,->,333,137,->,333,138,->,333,139,->,333,140,->,333,141,->,333,142,->,333,143,->,333,144,->,333,145,->,333,146,->,333,147,->,333,148,->,333,149,->,333,150,->,333,151,->,333,152,->,333,153,->,333,154,->,333,155,->,333,156,->,333,157,->,333,158,->,333,159,->,333,160,->,333,161,->,333,162,->,333,163,->,333,164,->,333,165,->,333,166,->,333,167,->,333,168,->,333,169,->,333,170,->,333,171,->,333,172,->,333,173,->,333,174,->,333,175,->,333,176,->,333,177,->,333,178,->,333,179,->,333,184,->,333,185,->,333,186,->,333,187,->,333,188,->,333,189,->,333,190,->,333,191,->,333,192,->,333,193,->,333,194,->,333,195,->,333,196,->,333,197,->,333,198,->,333,199,->,333,200,->,333,201,->,333,202,->,333,203,->,333,204,->,333,205,->,333,206,->,333,207,->,333,208,->,333,209,->,333,210,->,333,211,->,333,212,->,333,213,->,333,214,->,333,215,->,333,216,->,333,218,->,333,219,->,333,226,->,333,227,->,333,228,->,333,229,->,333,230,->,333,231,->,333,232,->,333,233,->,333,234,->,333,235,->,333,236,->,333,237,->,333,238,->,333,239,->,333,240,->,333,241,->,333,242,->,333,243,->,333,244,->,333,245,->,333,246,->,333,247,->,333,248,->,333,249,->,333,250,->,333,253,->,333,254,->,333,255,->,333,256,->,333,257,->,333,258,->,333,259,->,333,260,->,333,261,->,333,264,->,333,265,->,333,267,->,333,268,->,333,270,->,333,272,->,333,273,->,333,275,->,333,276,->,333,277,->,333,279,->,333,280,->,333,281,->,333,282,->,333,283,->,333,284,->,333,285,->,333,286,->,333,287,->,333,288,->,333,289,->,333,290,->,333,291,->,333,292,->,333,293,->,333,294,->,333,295,->,333,296,->,333,297,->,333,298,->,333,299,->,333,300,->,333,301,->,333,302,->,333,303,->,334,0,->,334,1,->,334,2,->,334,3,->,334,4,->,334,5,->,334,6,->,334,7,->,334,8,->,334,9,->,334,10,->,334,11,->,334,12,->,334,13,->,334,14,->,334,15,->,334,16,->,334,17,->,334,18,->,334,19,->,334,20,->,334,21,->,334,22,->,334,23,->,334,24,->,334,25,->,334,26,->,334,27,->,334,28,->,334,29,->,334,30,->,334,31,->,334,32,->,334,33,->,334,34,->,334,35,->,334,36,->,334,37,->,334,38,->,334,39,->,334,40,->,334,41,->,334,42,->,334,43,->,334,44,->,334,45,->,334,46,->,334,47,->,334,48,->,334,49,->,334,50,->,334,51,->,334,81,->,334,82,->,334,83,->,334,84,->,334,85,->,334,88,->,334,89,->,334,90,->,334,91,->,334,92,->,334,93,->,334,94,->,334,98,->,334,99,->,334,100,->,334,101,->,334,102,->,334,103,->,334,104,->,334,105,->,334,106,->,334,107,->,334,108,->,334,109,->,334,110,->,334,111,->,334,112,->,334,113,->,334,114,->,334,115,->,334,116,->,334,117,->,334,118,->,334,119,->,334,120,->,334,121,->,334,122,->,334,123,->,334,124,->,334,128,->,334,129,->,334,130,->,334,131,->,334,132,->,334,138,->,334,139,->,334,140,->,334,141,->,334,142,->,334,143,->,334,144,->,334,145,->,334,146,->,334,147,->,334,148,->,334,149,->,334,150,->,334,151,->,334,152,->,334,153,->,334,154,->,334,155,->,334,156,->,334,157,->,334,158,->,334,159,->,334,160,->,334,161,->,334,162,->,334,163,->,334,164,->,334,165,->,334,166,->,334,167,->,334,168,->,334,169,->,334,170,->,334,171,->,334,172,->,334,173,->,334,174,->,334,175,->,334,176,->,334,177,->,334,178,->,334,179,->,334,183,->,334,184,->,334,185,->,334,186,->,334,187,->,334,188,->,334,189,->,334,190,->,334,191,->,334,192,->,334,193,->,334,194,->,334,195,->,334,196,->,334,197,->,334,198,->,334,199,->,334,200,->,334,201,->,334,202,->,334,203,->,334,204,->,334,205,->,334,206,->,334,207,->,334,208,->,334,209,->,334,210,->,334,211,->,334,212,->,334,213,->,334,214,->,334,215,->,334,216,->,334,217,->,334,218,->,334,221,->,334,223,->,334,224,->,334,225,->,334,226,->,334,227,->,334,228,->,334,229,->,334,230,->,334,231,->,334,232,->,334,233,->,334,234,->,334,235,->,334,236,->,334,237,->,334,238,->,334,239,->,334,240,->,334,241,->,334,242,->,334,243,->,334,244,->,334,245,->,334,246,->,334,247,->,334,248,->,334,249,->,334,250,->,334,252,->,334,255,->,334,259,->,334,262,->,334,263,->,334,264,->,334,265,->,334,267,->,334,270,->,334,271,->,334,272,->,334,273,->,334,274,->,334,275,->,334,276,->,334,277,->,334,278,->,334,279,->,334,280,->,334,281,->,334,282,->,334,283,->,334,284,->,334,285,->,334,286,->,334,287,->,334,288,->,334,289,->,334,290,->,334,291,->,334,292,->,334,293,->,334,294,->,334,295,->,334,296,->,334,297,->,334,298,->,334,299,->,334,300,->,334,301,->,334,302,->,334,303,->,335,0,->,335,1,->,335,2,->,335,3,->,335,4,->,335,5,->,335,6,->,335,7,->,335,8,->,335,9,->,335,10,->,335,11,->,335,12,->,335,13,->,335,14,->,335,15,->,335,16,->,335,17,->,335,18,->,335,19,->,335,20,->,335,21,->,335,22,->,335,23,->,335,24,->,335,25,->,335,26,->,335,27,->,335,28,->,335,29,->,335,30,->,335,31,->,335,32,->,335,33,->,335,34,->,335,35,->,335,36,->,335,37,->,335,38,->,335,39,->,335,40,->,335,41,->,335,42,->,335,43,->,335,44,->,335,45,->,335,46,->,335,47,->,335,48,->,335,49,->,335,50,->,335,51,->,335,81,->,335,82,->,335,83,->,335,84,->,335,85,->,335,86,->,335,87,->,335,88,->,335,89,->,335,90,->,335,91,->,335,92,->,335,93,->,335,94,->,335,98,->,335,99,->,335,100,->,335,101,->,335,102,->,335,103,->,335,104,->,335,105,->,335,106,->,335,107,->,335,108,->,335,109,->,335,110,->,335,111,->,335,112,->,335,113,->,335,114,->,335,115,->,335,116,->,335,117,->,335,118,->,335,119,->,335,120,->,335,121,->,335,122,->,335,127,->,335,128,->,335,129,->,335,130,->,335,131,->,335,136,->,335,137,->,335,138,->,335,139,->,335,140,->,335,141,->,335,142,->,335,143,->,335,144,->,335,145,->,335,146,->,335,147,->,335,148,->,335,149,->,335,150,->,335,151,->,335,152,->,335,153,->,335,154,->,335,155,->,335,156,->,335,157,->,335,158,->,335,159,->,335,160,->,335,161,->,335,162,->,335,163,->,335,164,->,335,165,->,335,166,->,335,167,->,335,168,->,335,169,->,335,170,->,335,171,->,335,172,->,335,173,->,335,174,->,335,175,->,335,176,->,335,177,->,335,178,->,335,179,->,335,180,->,335,181,->,335,182,->,335,183,->,335,184,->,335,185,->,335,186,->,335,187,->,335,188,->,335,189,->,335,190,->,335,191,->,335,192,->,335,193,->,335,194,->,335,195,->,335,196,->,335,197,->,335,198,->,335,199,->,335,200,->,335,201,->,335,202,->,335,203,->,335,204,->,335,205,->,335,206,->,335,207,->,335,208,->,335,209,->,335,210,->,335,211,->,335,212,->,335,213,->,335,214,->,335,216,->,335,217,->,335,218,->,335,219,->,335,220,->,335,222,->,335,223,->,335,224,->,335,225,->,335,226,->,335,227,->,335,228,->,335,229,->,335,230,->,335,231,->,335,232,->,335,233,->,335,234,->,335,235,->,335,236,->,335,237,->,335,238,->,335,239,->,335,240,->,335,241,->,335,242,->,335,243,->,335,244,->,335,245,->,335,246,->,335,247,->,335,248,->,335,249,->,335,250,->,335,255,->,335,257,->,335,258,->,335,260,->,335,261,->,335,262,->,335,263,->,335,264,->,335,265,->,335,269,->,335,271,->,335,272,->,335,273,->,335,274,->,335,275,->,335,276,->,335,277,->,335,278,->,335,279,->,335,280,->,335,281,->,335,282,->,335,283,->,335,284,->,335,285,->,335,286,->,335,287,->,335,288,->,335,289,->,335,290,->,335,291,->,335,292,->,335,293,->,335,294,->,335,295,->,335,296,->,335,297,->,335,298,->,335,299,->,335,300,->,335,301,->,335,302,->,335,303,->,336,0,->,336,1,->,336,2,->,336,3,->,336,4,->,336,5,->,336,6,->,336,7,->,336,8,->,336,9,->,336,10,->,336,11,->,336,12,->,336,13,->,336,14,->,336,15,->,336,16,->,336,17,->,336,18,->,336,19,->,336,20,->,336,21,->,336,22,->,336,23,->,336,24,->,336,25,->,336,26,->,336,27,->,336,28,->,336,29,->,336,30,->,336,31,->,336,32,->,336,33,->,336,34,->,336,35,->,336,36,->,336,37,->,336,38,->,336,39,->,336,40,->,336,41,->,336,42,->,336,43,->,336,44,->,336,45,->,336,46,->,336,47,->,336,48,->,336,49,->,336,50,->,336,51,->,336,81,->,336,82,->,336,83,->,336,86,->,336,87,->,336,88,->,336,89,->,336,90,->,336,93,->,336,94,->,336,95,->,336,99,->,336,100,->,336,101,->,336,102,->,336,103,->,336,104,->,336,105,->,336,106,->,336,107,->,336,108,->,336,109,->,336,110,->,336,111,->,336,112,->,336,113,->,336,114,->,336,115,->,336,116,->,336,117,->,336,118,->,336,119,->,336,126,->,336,127,->,336,128,->,336,129,->,336,130,->,336,131,->,336,136,->,336,137,->,336,138,->,336,139,->,336,140,->,336,141,->,336,142,->,336,143,->,336,144,->,336,145,->,336,146,->,336,147,->,336,148,->,336,149,->,336,150,->,336,151,->,336,152,->,336,153,->,336,154,->,336,155,->,336,156,->,336,157,->,336,158,->,336,159,->,336,160,->,336,161,->,336,162,->,336,163,->,336,164,->,336,165,->,336,166,->,336,167,->,336,168,->,336,169,->,336,170,->,336,171,->,336,172,->,336,173,->,336,174,->,336,175,->,336,176,->,336,177,->,336,178,->,336,179,->,336,180,->,336,181,->,336,182,->,336,183,->,336,184,->,336,185,->,336,186,->,336,187,->,336,188,->,336,189,->,336,190,->,336,191,->,336,192,->,336,193,->,336,194,->,336,195,->,336,196,->,336,197,->,336,198,->,336,199,->,336,200,->,336,201,->,336,202,->,336,203,->,336,204,->,336,205,->,336,206,->,336,207,->,336,208,->,336,209,->,336,210,->,336,211,->,336,212,->,336,213,->,336,215,->,336,216,->,336,220,->,336,221,->,336,222,->,336,223,->,336,224,->,336,225,->,336,226,->,336,227,->,336,228,->,336,229,->,336,230,->,336,231,->,336,232,->,336,233,->,336,234,->,336,235,->,336,236,->,336,237,->,336,238,->,336,239,->,336,240,->,336,241,->,336,242,->,336,243,->,336,244,->,336,245,->,336,246,->,336,247,->,336,248,->,336,249,->,336,250,->,336,251,->,336,252,->,336,256,->,336,257,->,336,260,->,336,261,->,336,262,->,336,263,->,336,264,->,336,266,->,336,267,->,336,268,->,336,269,->,336,270,->,336,271,->,336,272,->,336,273,->,336,274,->,336,275,->,336,276,->,336,277,->,336,278,->,336,279,->,336,280,->,336,281,->,336,282,->,336,283,->,336,284,->,336,285,->,336,286,->,336,287,->,336,288,->,336,289,->,336,290,->,336,291,->,336,292,->,336,293,->,336,294,->,336,295,->,336,296,->,336,297,->,336,298,->,336,299,->,336,300,->,336,301,->,336,302,->,336,303,->,337,0,->,337,1,->,337,2,->,337,3,->,337,4,->,337,5,->,337,6,->,337,7,->,337,8,->,337,9,->,337,10,->,337,11,->,337,12,->,337,13,->,337,14,->,337,15,->,337,16,->,337,17,->,337,18,->,337,19,->,337,20,->,337,21,->,337,22,->,337,23,->,337,24,->,337,25,->,337,26,->,337,27,->,337,28,->,337,29,->,337,30,->,337,31,->,337,32,->,337,33,->,337,34,->,337,35,->,337,36,->,337,37,->,337,38,->,337,39,->,337,40,->,337,41,->,337,42,->,337,43,->,337,44,->,337,45,->,337,46,->,337,47,->,337,48,->,337,49,->,337,50,->,337,51,->,337,82,->,337,86,->,337,87,->,337,88,->,337,89,->,337,90,->,337,91,->,337,94,->,337,95,->,337,96,->,337,97,->,337,100,->,337,101,->,337,102,->,337,103,->,337,104,->,337,105,->,337,106,->,337,107,->,337,108,->,337,109,->,337,110,->,337,111,->,337,112,->,337,113,->,337,114,->,337,118,->,337,119,->,337,124,->,337,125,->,337,126,->,337,127,->,337,128,->,337,129,->,337,130,->,337,136,->,337,137,->,337,138,->,337,139,->,337,140,->,337,141,->,337,142,->,337,143,->,337,144,->,337,145,->,337,146,->,337,147,->,337,148,->,337,149,->,337,150,->,337,151,->,337,152,->,337,153,->,337,154,->,337,155,->,337,156,->,337,157,->,337,158,->,337,159,->,337,160,->,337,161,->,337,162,->,337,163,->,337,164,->,337,165,->,337,166,->,337,167,->,337,168,->,337,169,->,337,170,->,337,171,->,337,172,->,337,173,->,337,174,->,337,175,->,337,176,->,337,177,->,337,178,->,337,179,->,337,180,->,337,181,->,337,182,->,337,183,->,337,184,->,337,185,->,337,186,->,337,187,->,337,188,->,337,189,->,337,190,->,337,191,->,337,192,->,337,193,->,337,194,->,337,195,->,337,196,->,337,197,->,337,198,->,337,199,->,337,200,->,337,201,->,337,202,->,337,203,->,337,204,->,337,205,->,337,206,->,337,207,->,337,208,->,337,209,->,337,210,->,337,212,->,337,215,->,337,216,->,337,217,->,337,218,->,337,219,->,337,220,->,337,221,->,337,222,->,337,223,->,337,224,->,337,225,->,337,226,->,337,227,->,337,228,->,337,229,->,337,230,->,337,231,->,337,232,->,337,233,->,337,234,->,337,235,->,337,236,->,337,237,->,337,238,->,337,239,->,337,240,->,337,241,->,337,242,->,337,243,->,337,244,->,337,245,->,337,246,->,337,247,->,337,248,->,337,249,->,337,250,->,337,251,->,337,252,->,337,253,->,337,254,->,337,255,->,337,256,->,337,259,->,337,260,->,337,261,->,337,262,->,337,264,->,337,266,->,337,268,->,337,269,->,337,271,->,337,272,->,337,273,->,337,274,->,337,275,->,337,276,->,337,277,->,337,278,->,337,279,->,337,280,->,337,281,->,337,282,->,337,283,->,337,284,->,337,285,->,337,286,->,337,287,->,337,288,->,337,289,->,337,290,->,337,291,->,337,292,->,337,293,->,337,294,->,337,295,->,337,296,->,337,297,->,337,298,->,337,299,->,337,300,->,337,301,->,337,302,->,337,303,->,338,0,->,338,1,->,338,2,->,338,3,->,338,4,->,338,5,->,338,6,->,338,7,->,338,8,->,338,9,->,338,10,->,338,11,->,338,12,->,338,13,->,338,14,->,338,15,->,338,16,->,338,17,->,338,18,->,338,19,->,338,20,->,338,21,->,338,22,->,338,23,->,338,24,->,338,25,->,338,26,->,338,27,->,338,28,->,338,29,->,338,30,->,338,31,->,338,32,->,338,33,->,338,34,->,338,35,->,338,36,->,338,37,->,338,38,->,338,39,->,338,40,->,338,41,->,338,42,->,338,43,->,338,44,->,338,45,->,338,46,->,338,47,->,338,48,->,338,49,->,338,50,->,338,51,->,338,52,->,338,85,->,338,86,->,338,87,->,338,88,->,338,89,->,338,90,->,338,91,->,338,92,->,338,93,->,338,94,->,338,95,->,338,96,->,338,97,->,338,100,->,338,101,->,338,102,->,338,103,->,338,104,->,338,105,->,338,106,->,338,107,->,338,108,->,338,109,->,338,110,->,338,111,->,338,112,->,338,113,->,338,114,->,338,115,->,338,127,->,338,128,->,338,129,->,338,130,->,338,136,->,338,137,->,338,138,->,338,139,->,338,140,->,338,141,->,338,142,->,338,143,->,338,144,->,338,145,->,338,146,->,338,147,->,338,148,->,338,149,->,338,150,->,338,151,->,338,152,->,338,153,->,338,154,->,338,155,->,338,156,->,338,157,->,338,158,->,338,159,->,338,160,->,338,161,->,338,162,->,338,163,->,338,164,->,338,165,->,338,166,->,338,167,->,338,168,->,338,169,->,338,170,->,338,171,->,338,172,->,338,173,->,338,174,->,338,175,->,338,176,->,338,177,->,338,178,->,338,179,->,338,180,->,338,181,->,338,182,->,338,183,->,338,184,->,338,185,->,338,186,->,338,187,->,338,188,->,338,189,->,338,190,->,338,191,->,338,192,->,338,193,->,338,194,->,338,195,->,338,196,->,338,197,->,338,198,->,338,199,->,338,200,->,338,201,->,338,202,->,338,203,->,338,204,->,338,205,->,338,206,->,338,207,->,338,208,->,338,209,->,338,210,->,338,211,->,338,212,->,338,213,->,338,214,->,338,215,->,338,216,->,338,217,->,338,218,->,338,219,->,338,220,->,338,221,->,338,222,->,338,223,->,338,224,->,338,225,->,338,226,->,338,227,->,338,228,->,338,229,->,338,230,->,338,231,->,338,232,->,338,233,->,338,234,->,338,235,->,338,236,->,338,237,->,338,238,->,338,239,->,338,240,->,338,241,->,338,242,->,338,243,->,338,244,->,338,245,->,338,246,->,338,247,->,338,248,->,338,249,->,338,250,->,338,251,->,338,252,->,338,253,->,338,254,->,338,255,->,338,256,->,338,257,->,338,260,->,338,261,->,338,263,->,338,265,->,338,266,->,338,267,->,338,268,->,338,270,->,338,271,->,338,272,->,338,273,->,338,274,->,338,275,->,338,276,->,338,277,->,338,278,->,338,279,->,338,280,->,338,281,->,338,282,->,338,283,->,338,284,->,338,285,->,338,286,->,338,287,->,338,288,->,338,289,->,338,290,->,338,291,->,338,292,->,338,293,->,338,294,->,338,295,->,338,296,->,338,297,->,338,298,->,338,299,->,338,300,->,338,301,->,338,302,->,338,303,->,339,0,->,339,1,->,339,2,->,339,3,->,339,4,->,339,5,->,339,6,->,339,7,->,339,8,->,339,9,->,339,10,->,339,11,->,339,12,->,339,13,->,339,14,->,339,15,->,339,16,->,339,17,->,339,18,->,339,19,->,339,20,->,339,21,->,339,22,->,339,23,->,339,24,->,339,25,->,339,26,->,339,27,->,339,28,->,339,29,->,339,30,->,339,31,->,339,32,->,339,33,->,339,34,->,339,35,->,339,36,->,339,37,->,339,38,->,339,39,->,339,40,->,339,41,->,339,42,->,339,43,->,339,44,->,339,45,->,339,46,->,339,47,->,339,48,->,339,49,->,339,50,->,339,51,->,339,52,->,339,53,->,339,55,->,339,84,->,339,85,->,339,86,->,339,87,->,339,88,->,339,89,->,339,90,->,339,91,->,339,92,->,339,93,->,339,94,->,339,95,->,339,96,->,339,97,->,339,100,->,339,101,->,339,102,->,339,103,->,339,104,->,339,105,->,339,106,->,339,107,->,339,108,->,339,109,->,339,110,->,339,111,->,339,112,->,339,113,->,339,114,->,339,115,->,339,126,->,339,127,->,339,128,->,339,129,->,339,130,->,339,136,->,339,137,->,339,138,->,339,139,->,339,140,->,339,141,->,339,142,->,339,143,->,339,144,->,339,145,->,339,146,->,339,147,->,339,148,->,339,149,->,339,150,->,339,151,->,339,152,->,339,153,->,339,154,->,339,155,->,339,156,->,339,157,->,339,158,->,339,159,->,339,160,->,339,161,->,339,162,->,339,163,->,339,164,->,339,165,->,339,166,->,339,167,->,339,168,->,339,169,->,339,170,->,339,171,->,339,172,->,339,173,->,339,174,->,339,175,->,339,176,->,339,177,->,339,178,->,339,179,->,339,180,->,339,181,->,339,182,->,339,183,->,339,184,->,339,185,->,339,186,->,339,187,->,339,188,->,339,189,->,339,190,->,339,191,->,339,192,->,339,193,->,339,194,->,339,195,->,339,196,->,339,197,->,339,198,->,339,199,->,339,200,->,339,201,->,339,202,->,339,203,->,339,204,->,339,205,->,339,206,->,339,207,->,339,208,->,339,209,->,339,210,->,339,211,->,339,212,->,339,213,->,339,214,->,339,215,->,339,216,->,339,217,->,339,218,->,339,219,->,339,220,->,339,221,->,339,222,->,339,223,->,339,224,->,339,225,->,339,226,->,339,227,->,339,228,->,339,229,->,339,230,->,339,231,->,339,232,->,339,233,->,339,234,->,339,235,->,339,236,->,339,237,->,339,238,->,339,239,->,339,240,->,339,241,->,339,242,->,339,243,->,339,244,->,339,245,->,339,246,->,339,247,->,339,248,->,339,249,->,339,250,->,339,251,->,339,252,->,339,253,->,339,254,->,339,255,->,339,256,->,339,257,->,339,260,->,339,261,->,339,262,->,339,263,->,339,265,->,339,266,->,339,267,->,339,270,->,339,271,->,339,272,->,339,273,->,339,274,->,339,275,->,339,276,->,339,277,->,339,278,->,339,279,->,339,280,->,339,281,->,339,282,->,339,283,->,339,284,->,339,285,->,339,286,->,339,287,->,339,288,->,339,289,->,339,290,->,339,291,->,339,292,->,339,293,->,339,294,->,339,295,->,339,296,->,339,297,->,339,298,->,339,299,->,339,300,->,339,301,->,339,302,->,339,303,->,340,0,->,340,1,->,340,2,->,340,3,->,340,4,->,340,5,->,340,6,->,340,7,->,340,8,->,340,9,->,340,10,->,340,11,->,340,12,->,340,13,->,340,14,->,340,15,->,340,16,->,340,17,->,340,18,->,340,19,->,340,20,->,340,21,->,340,22,->,340,23,->,340,24,->,340,25,->,340,26,->,340,27,->,340,28,->,340,29,->,340,30,->,340,31,->,340,32,->,340,33,->,340,34,->,340,35,->,340,36,->,340,37,->,340,38,->,340,39,->,340,40,->,340,41,->,340,42,->,340,43,->,340,44,->,340,45,->,340,46,->,340,47,->,340,48,->,340,49,->,340,50,->,340,51,->,340,52,->,340,53,->,340,54,->,340,84,->,340,85,->,340,86,->,340,87,->,340,88,->,340,89,->,340,90,->,340,91,->,340,92,->,340,93,->,340,94,->,340,95,->,340,96,->,340,97,->,340,98,->,340,99,->,340,100,->,340,101,->,340,102,->,340,103,->,340,104,->,340,105,->,340,106,->,340,107,->,340,108,->,340,109,->,340,110,->,340,111,->,340,112,->,340,113,->,340,114,->,340,115,->,340,122,->,340,125,->,340,126,->,340,127,->,340,128,->,340,129,->,340,137,->,340,138,->,340,139,->,340,140,->,340,141,->,340,142,->,340,143,->,340,144,->,340,145,->,340,146,->,340,147,->,340,148,->,340,149,->,340,150,->,340,151,->,340,152,->,340,153,->,340,154,->,340,155,->,340,156,->,340,157,->,340,158,->,340,159,->,340,160,->,340,161,->,340,162,->,340,163,->,340,164,->,340,165,->,340,166,->,340,167,->,340,168,->,340,169,->,340,170,->,340,171,->,340,172,->,340,173,->,340,174,->,340,175,->,340,176,->,340,177,->,340,178,->,340,179,->,340,180,->,340,181,->,340,182,->,340,183,->,340,184,->,340,185,->,340,186,->,340,187,->,340,188,->,340,189,->,340,190,->,340,191,->,340,192,->,340,193,->,340,194,->,340,195,->,340,196,->,340,197,->,340,198,->,340,199,->,340,200,->,340,201,->,340,202,->,340,203,->,340,204,->,340,205,->,340,206,->,340,207,->,340,208,->,340,209,->,340,210,->,340,211,->,340,212,->,340,213,->,340,214,->,340,215,->,340,216,->,340,217,->,340,218,->,340,219,->,340,220,->,340,221,->,340,222,->,340,223,->,340,224,->,340,225,->,340,226,->,340,227,->,340,228,->,340,229,->,340,230,->,340,231,->,340,232,->,340,233,->,340,234,->,340,235,->,340,236,->,340,237,->,340,238,->,340,239,->,340,240,->,340,241,->,340,242,->,340,243,->,340,244,->,340,245,->,340,246,->,340,247,->,340,248,->,340,249,->,340,250,->,340,251,->,340,252,->,340,253,->,340,254,->,340,255,->,340,256,->,340,257,->,340,258,->,340,259,->,340,260,->,340,261,->,340,263,->,340,264,->,340,265,->,340,266,->,340,267,->,340,269,->,340,270,->,340,272,->,340,273,->,340,274,->,340,275,->,340,276,->,340,277,->,340,278,->,340,279,->,340,280,->,340,281,->,340,282,->,340,283,->,340,284,->,340,285,->,340,286,->,340,287,->,340,288,->,340,289,->,340,290,->,340,291,->,340,292,->,340,293,->,340,294,->,340,295,->,340,296,->,340,297,->,340,298,->,340,299,->,340,300,->,340,301,->,340,302,->,340,303,->,341,0,->,341,1,->,341,2,->,341,3,->,341,4,->,341,5,->,341,6,->,341,7,->,341,8,->,341,9,->,341,10,->,341,11,->,341,12,->,341,13,->,341,14,->,341,15,->,341,16,->,341,17,->,341,18,->,341,19,->,341,20,->,341,21,->,341,22,->,341,23,->,341,24,->,341,25,->,341,26,->,341,27,->,341,28,->,341,29,->,341,30,->,341,31,->,341,32,->,341,33,->,341,34,->,341,35,->,341,36,->,341,37,->,341,38,->,341,39,->,341,40,->,341,41,->,341,42,->,341,43,->,341,44,->,341,45,->,341,46,->,341,47,->,341,48,->,341,49,->,341,50,->,341,51,->,341,52,->,341,53,->,341,54,->,341,82,->,341,83,->,341,84,->,341,85,->,341,86,->,341,87,->,341,88,->,341,89,->,341,90,->,341,91,->,341,92,->,341,93,->,341,94,->,341,95,->,341,96,->,341,97,->,341,98,->,341,101,->,341,102,->,341,103,->,341,104,->,341,105,->,341,106,->,341,107,->,341,108,->,341,109,->,341,110,->,341,111,->,341,112,->,341,113,->,341,114,->,341,123,->,341,124,->,341,125,->,341,126,->,341,127,->,341,128,->,341,129,->,341,138,->,341,139,->,341,140,->,341,141,->,341,142,->,341,143,->,341,144,->,341,145,->,341,146,->,341,147,->,341,148,->,341,149,->,341,150,->,341,151,->,341,152,->,341,153,->,341,154,->,341,155,->,341,156,->,341,157,->,341,158,->,341,159,->,341,160,->,341,161,->,341,162,->,341,163,->,341,164,->,341,165,->,341,166,->,341,167,->,341,168,->,341,169,->,341,170,->,341,171,->,341,172,->,341,173,->,341,174,->,341,175,->,341,176,->,341,177,->,341,178,->,341,179,->,341,180,->,341,181,->,341,182,->,341,183,->,341,184,->,341,185,->,341,186,->,341,187,->,341,188,->,341,189,->,341,190,->,341,191,->,341,192,->,341,194,->,341,195,->,341,196,->,341,197,->,341,198,->,341,199,->,341,200,->,341,201,->,341,202,->,341,203,->,341,204,->,341,205,->,341,206,->,341,207,->,341,208,->,341,209,->,341,210,->,341,211,->,341,212,->,341,213,->,341,214,->,341,215,->,341,216,->,341,217,->,341,218,->,341,219,->,341,220,->,341,221,->,341,222,->,341,223,->,341,224,->,341,225,->,341,226,->,341,227,->,341,228,->,341,229,->,341,230,->,341,231,->,341,232,->,341,233,->,341,234,->,341,235,->,341,236,->,341,237,->,341,238,->,341,239,->,341,240,->,341,241,->,341,242,->,341,243,->,341,244,->,341,245,->,341,246,->,341,247,->,341,248,->,341,249,->,341,250,->,341,251,->,341,252,->,341,253,->,341,254,->,341,255,->,341,256,->,341,257,->,341,258,->,341,259,->,341,260,->,341,261,->,341,262,->,341,263,->,341,264,->,341,265,->,341,266,->,341,267,->,341,268,->,341,269,->,341,270,->,341,271,->,341,274,->,341,275,->,341,276,->,341,277,->,341,278,->,341,279,->,341,280,->,341,281,->,341,282,->,341,283,->,341,284,->,341,285,->,341,286,->,341,287,->,341,288,->,341,289,->,341,290,->,341,291,->,341,292,->,341,293,->,341,294,->,341,295,->,341,296,->,341,297,->,341,298,->,341,299,->,341,300,->,341,301,->,341,302,->,341,303,->,342,0,->,342,1,->,342,2,->,342,3,->,342,4,->,342,5,->,342,6,->,342,7,->,342,8,->,342,9,->,342,10,->,342,11,->,342,12,->,342,13,->,342,14,->,342,15,->,342,16,->,342,17,->,342,18,->,342,19,->,342,20,->,342,21,->,342,22,->,342,23,->,342,24,->,342,25,->,342,26,->,342,27,->,342,28,->,342,29,->,342,30,->,342,31,->,342,32,->,342,33,->,342,34,->,342,35,->,342,36,->,342,37,->,342,38,->,342,39,->,342,40,->,342,41,->,342,42,->,342,43,->,342,44,->,342,45,->,342,46,->,342,47,->,342,48,->,342,49,->,342,50,->,342,51,->,342,52,->,342,53,->,342,54,->,342,82,->,342,83,->,342,84,->,342,85,->,342,86,->,342,87,->,342,88,->,342,89,->,342,90,->,342,91,->,342,92,->,342,93,->,342,94,->,342,95,->,342,96,->,342,97,->,342,98,->,342,101,->,342,102,->,342,103,->,342,104,->,342,105,->,342,106,->,342,107,->,342,108,->,342,109,->,342,110,->,342,111,->,342,112,->,342,113,->,342,114,->,342,122,->,342,123,->,342,124,->,342,125,->,342,126,->,342,127,->,342,128,->,342,138,->,342,139,->,342,140,->,342,141,->,342,142,->,342,143,->,342,144,->,342,145,->,342,146,->,342,147,->,342,148,->,342,149,->,342,150,->,342,151,->,342,152,->,342,153,->,342,154,->,342,155,->,342,156,->,342,157,->,342,158,->,342,159,->,342,160,->,342,161,->,342,162,->,342,163,->,342,164,->,342,165,->,342,166,->,342,167,->,342,168,->,342,169,->,342,170,->,342,171,->,342,172,->,342,173,->,342,174,->,342,175,->,342,176,->,342,177,->,342,178,->,342,179,->,342,180,->,342,181,->,342,182,->,342,183,->,342,185,->,342,187,->,342,188,->,342,189,->,342,190,->,342,191,->,342,192,->,342,193,->,342,194,->,342,195,->,342,196,->,342,197,->,342,198,->,342,199,->,342,200,->,342,201,->,342,202,->,342,203,->,342,204,->,342,205,->,342,206,->,342,207,->,342,208,->,342,209,->,342,210,->,342,211,->,342,212,->,342,213,->,342,214,->,342,215,->,342,216,->,342,217,->,342,218,->,342,219,->,342,220,->,342,221,->,342,222,->,342,223,->,342,224,->,342,225,->,342,226,->,342,227,->,342,228,->,342,229,->,342,230,->,342,231,->,342,232,->,342,233,->,342,234,->,342,235,->,342,236,->,342,237,->,342,238,->,342,239,->,342,240,->,342,241,->,342,242,->,342,243,->,342,244,->,342,245,->,342,246,->,342,247,->,342,248,->,342,249,->,342,250,->,342,251,->,342,252,->,342,253,->,342,254,->,342,255,->,342,256,->,342,257,->,342,258,->,342,259,->,342,260,->,342,261,->,342,262,->,342,263,->,342,264,->,342,265,->,342,266,->,342,267,->,342,268,->,342,269,->,342,271,->,342,272,->,342,273,->,342,274,->,342,275,->,342,276,->,342,277,->,342,278,->,342,279,->,342,280,->,342,281,->,342,282,->,342,283,->,342,284,->,342,285,->,342,286,->,342,287,->,342,288,->,342,289,->,342,290,->,342,291,->,342,292,->,342,293,->,342,294,->,342,295,->,342,296,->,342,297,->,342,298,->,342,299,->,342,300,->,342,301,->,342,302,->,342,303,->,343,0,->,343,1,->,343,2,->,343,3,->,343,4,->,343,5,->,343,6,->,343,7,->,343,8,->,343,9,->,343,10,->,343,11,->,343,12,->,343,13,->,343,14,->,343,15,->,343,16,->,343,17,->,343,18,->,343,19,->,343,20,->,343,21,->,343,22,->,343,23,->,343,24,->,343,25,->,343,26,->,343,27,->,343,28,->,343,29,->,343,30,->,343,31,->,343,32,->,343,33,->,343,34,->,343,35,->,343,36,->,343,37,->,343,38,->,343,39,->,343,40,->,343,41,->,343,42,->,343,43,->,343,44,->,343,45,->,343,46,->,343,47,->,343,48,->,343,49,->,343,50,->,343,51,->,343,52,->,343,53,->,343,54,->,343,81,->,343,82,->,343,83,->,343,84,->,343,85,->,343,86,->,343,87,->,343,88,->,343,89,->,343,90,->,343,91,->,343,92,->,343,93,->,343,94,->,343,95,->,343,96,->,343,97,->,343,98,->,343,103,->,343,104,->,343,105,->,343,106,->,343,107,->,343,108,->,343,109,->,343,110,->,343,111,->,343,112,->,343,113,->,343,114,->,343,115,->,343,121,->,343,122,->,343,123,->,343,124,->,343,125,->,343,126,->,343,139,->,343,140,->,343,141,->,343,142,->,343,143,->,343,144,->,343,145,->,343,146,->,343,147,->,343,148,->,343,149,->,343,150,->,343,151,->,343,152,->,343,153,->,343,154,->,343,155,->,343,156,->,343,157,->,343,158,->,343,159,->,343,160,->,343,161,->,343,162,->,343,163,->,343,164,->,343,165,->,343,166,->,343,167,->,343,168,->,343,169,->,343,170,->,343,171,->,343,172,->,343,173,->,343,174,->,343,175,->,343,176,->,343,177,->,343,178,->,343,179,->,343,180,->,343,182,->,343,183,->,343,184,->,343,185,->,343,186,->,343,188,->,343,189,->,343,190,->,343,191,->,343,192,->,343,194,->,343,196,->,343,197,->,343,198,->,343,199,->,343,200,->,343,201,->,343,202,->,343,203,->,343,204,->,343,205,->,343,206,->,343,207,->,343,208,->,343,209,->,343,210,->,343,211,->,343,212,->,343,213,->,343,214,->,343,215,->,343,216,->,343,217,->,343,218,->,343,219,->,343,220,->,343,221,->,343,222,->,343,223,->,343,224,->,343,225,->,343,226,->,343,227,->,343,228,->,343,229,->,343,230,->,343,231,->,343,232,->,343,233,->,343,234,->,343,235,->,343,236,->,343,237,->,343,238,->,343,239,->,343,240,->,343,241,->,343,242,->,343,243,->,343,244,->,343,245,->,343,246,->,343,247,->,343,248,->,343,249,->,343,250,->,343,251,->,343,252,->,343,253,->,343,254,->,343,255,->,343,256,->,343,257,->,343,258,->,343,259,->,343,260,->,343,261,->,343,262,->,343,263,->,343,264,->,343,265,->,343,266,->,343,267,->,343,268,->,343,269,->,343,270,->,343,271,->,343,272,->,343,273,->,343,274,->,343,275,->,343,276,->,343,277,->,343,278,->,343,279,->,343,280,->,343,281,->,343,282,->,343,283,->,343,284,->,343,285,->,343,286,->,343,287,->,343,288,->,343,289,->,343,290,->,343,291,->,343,292,->,343,293,->,343,294,->,343,295,->,343,296,->,343,297,->,343,298,->,343,299,->,343,300,->,343,301,->,343,302,->,343,303,->,344,0,->,344,1,->,344,2,->,344,3,->,344,4,->,344,5,->,344,6,->,344,7,->,344,8,->,344,9,->,344,10,->,344,11,->,344,12,->,344,13,->,344,14,->,344,15,->,344,16,->,344,17,->,344,18,->,344,19,->,344,20,->,344,21,->,344,22,->,344,23,->,344,24,->,344,25,->,344,26,->,344,27,->,344,28,->,344,29,->,344,30,->,344,31,->,344,32,->,344,33,->,344,34,->,344,35,->,344,36,->,344,37,->,344,38,->,344,39,->,344,40,->,344,41,->,344,42,->,344,43,->,344,44,->,344,45,->,344,46,->,344,47,->,344,48,->,344,49,->,344,50,->,344,51,->,344,52,->,344,53,->,344,54,->,344,81,->,344,82,->,344,83,->,344,84,->,344,85,->,344,86,->,344,87,->,344,88,->,344,89,->,344,90,->,344,91,->,344,92,->,344,93,->,344,94,->,344,95,->,344,96,->,344,97,->,344,98,->,344,99,->,344,103,->,344,104,->,344,105,->,344,106,->,344,107,->,344,108,->,344,109,->,344,110,->,344,111,->,344,112,->,344,113,->,344,114,->,344,120,->,344,121,->,344,122,->,344,123,->,344,124,->,344,125,->,344,138,->,344,139,->,344,140,->,344,141,->,344,142,->,344,143,->,344,144,->,344,145,->,344,146,->,344,147,->,344,148,->,344,149,->,344,150,->,344,151,->,344,152,->,344,153,->,344,154,->,344,155,->,344,156,->,344,157,->,344,158,->,344,159,->,344,160,->,344,161,->,344,162,->,344,163,->,344,164,->,344,165,->,344,166,->,344,167,->,344,168,->,344,169,->,344,170,->,344,171,->,344,172,->,344,173,->,344,174,->,344,175,->,344,176,->,344,177,->,344,178,->,344,179,->,344,180,->,344,181,->,344,182,->,344,183,->,344,184,->,344,185,->,344,186,->,344,187,->,344,188,->,344,189,->,344,190,->,344,191,->,344,196,->,344,197,->,344,198,->,344,199,->,344,200,->,344,201,->,344,202,->,344,203,->,344,204,->,344,205,->,344,206,->,344,207,->,344,208,->,344,209,->,344,210,->,344,211,->,344,212,->,344,213,->,344,214,->,344,215,->,344,216,->,344,217,->,344,218,->,344,219,->,344,220,->,344,221,->,344,222,->,344,223,->,344,224,->,344,225,->,344,226,->,344,227,->,344,228,->,344,229,->,344,230,->,344,231,->,344,232,->,344,233,->,344,234,->,344,235,->,344,236,->,344,237,->,344,238,->,344,239,->,344,240,->,344,241,->,344,242,->,344,243,->,344,244,->,344,245,->,344,246,->,344,247,->,344,248,->,344,249,->,344,250,->,344,251,->,344,252,->,344,253,->,344,254,->,344,255,->,344,256,->,344,257,->,344,258,->,344,259,->,344,260,->,344,261,->,344,262,->,344,263,->,344,264,->,344,265,->,344,266,->,344,267,->,344,269,->,344,270,->,344,271,->,344,272,->,344,274,->,344,275,->,344,276,->,344,277,->,344,278,->,344,279,->,344,280,->,344,281,->,344,282,->,344,283,->,344,284,->,344,285,->,344,286,->,344,287,->,344,288,->,344,289,->,344,290,->,344,291,->,344,292,->,344,293,->,344,294,->,344,295,->,344,296,->,344,297,->,344,298,->,344,299,->,344,300,->,344,301,->,344,302,->,344,303,->,345,0,->,345,1,->,345,2,->,345,3,->,345,4,->,345,5,->,345,6,->,345,7,->,345,8,->,345,9,->,345,10,->,345,11,->,345,12,->,345,13,->,345,14,->,345,15,->,345,16,->,345,17,->,345,18,->,345,19,->,345,20,->,345,21,->,345,22,->,345,23,->,345,24,->,345,25,->,345,26,->,345,27,->,345,28,->,345,29,->,345,30,->,345,31,->,345,32,->,345,33,->,345,34,->,345,35,->,345,36,->,345,37,->,345,38,->,345,39,->,345,40,->,345,41,->,345,42,->,345,43,->,345,44,->,345,45,->,345,46,->,345,47,->,345,48,->,345,49,->,345,50,->,345,51,->,345,52,->,345,53,->,345,54,->,345,80,->,345,81,->,345,82,->,345,83,->,345,84,->,345,85,->,345,86,->,345,87,->,345,88,->,345,89,->,345,90,->,345,91,->,345,92,->,345,93,->,345,94,->,345,95,->,345,96,->,345,97,->,345,98,->,345,99,->,345,100,->,345,104,->,345,105,->,345,106,->,345,107,->,345,108,->,345,109,->,345,110,->,345,111,->,345,112,->,345,113,->,345,119,->,345,120,->,345,121,->,345,122,->,345,123,->,345,139,->,345,140,->,345,141,->,345,142,->,345,143,->,345,144,->,345,145,->,345,146,->,345,147,->,345,148,->,345,149,->,345,150,->,345,151,->,345,152,->,345,153,->,345,154,->,345,155,->,345,156,->,345,157,->,345,158,->,345,159,->,345,160,->,345,161,->,345,162,->,345,163,->,345,164,->,345,165,->,345,166,->,345,167,->,345,168,->,345,169,->,345,170,->,345,171,->,345,172,->,345,173,->,345,174,->,345,175,->,345,176,->,345,178,->,345,179,->,345,180,->,345,181,->,345,182,->,345,183,->,345,184,->,345,185,->,345,186,->,345,187,->,345,188,->,345,190,->,345,191,->,345,192,->,345,193,->,345,195,->,345,196,->,345,197,->,345,198,->,345,199,->,345,200,->,345,201,->,345,202,->,345,203,->,345,204,->,345,205,->,345,206,->,345,207,->,345,208,->,345,209,->,345,210,->,345,211,->,345,212,->,345,213,->,345,214,->,345,215,->,345,216,->,345,217,->,345,218,->,345,219,->,345,220,->,345,221,->,345,222,->,345,223,->,345,224,->,345,225,->,345,226,->,345,227,->,345,228,->,345,229,->,345,230,->,345,231,->,345,232,->,345,233,->,345,234,->,345,235,->,345,236,->,345,237,->,345,238,->,345,239,->,345,240,->,345,241,->,345,242,->,345,243,->,345,244,->,345,245,->,345,246,->,345,247,->,345,248,->,345,249,->,345,250,->,345,251,->,345,252,->,345,253,->,345,254,->,345,255,->,345,256,->,345,257,->,345,258,->,345,259,->,345,260,->,345,261,->,345,262,->,345,263,->,345,264,->,345,265,->,345,266,->,345,267,->,345,268,->,345,269,->,345,270,->,345,271,->,345,272,->,345,273,->,345,274,->,345,275,->,345,276,->,345,277,->,345,278,->,345,279,->,345,280,->,345,281,->,345,282,->,345,283,->,345,284,->,345,285,->,345,286,->,345,287,->,345,288,->,345,289,->,345,290,->,345,291,->,345,292,->,345,293,->,345,294,->,345,295,->,345,296,->,345,297,->,345,298,->,345,299,->,345,300,->,345,301,->,345,302,->,345,303,->,346,0,->,346,1,->,346,2,->,346,3,->,346,4,->,346,5,->,346,6,->,346,7,->,346,8,->,346,9,->,346,10,->,346,11,->,346,12,->,346,13,->,346,14,->,346,15,->,346,16,->,346,17,->,346,18,->,346,19,->,346,20,->,346,21,->,346,22,->,346,23,->,346,24,->,346,25,->,346,26,->,346,27,->,346,28,->,346,29,->,346,30,->,346,31,->,346,32,->,346,33,->,346,34,->,346,35,->,346,36,->,346,37,->,346,38,->,346,39,->,346,40,->,346,41,->,346,42,->,346,43,->,346,44,->,346,45,->,346,46,->,346,47,->,346,48,->,346,49,->,346,50,->,346,51,->,346,52,->,346,53,->,346,54,->,346,80,->,346,81,->,346,82,->,346,83,->,346,84,->,346,85,->,346,86,->,346,87,->,346,88,->,346,89,->,346,90,->,346,91,->,346,92,->,346,93,->,346,94,->,346,95,->,346,96,->,346,97,->,346,98,->,346,99,->,346,100,->,346,105,->,346,106,->,346,107,->,346,108,->,346,109,->,346,110,->,346,111,->,346,112,->,346,116,->,346,117,->,346,118,->,346,119,->,346,120,->,346,121,->,346,122,->,346,138,->,346,139,->,346,140,->,346,141,->,346,142,->,346,143,->,346,144,->,346,145,->,346,146,->,346,147,->,346,148,->,346,149,->,346,150,->,346,151,->,346,152,->,346,153,->,346,154,->,346,155,->,346,156,->,346,157,->,346,158,->,346,159,->,346,160,->,346,161,->,346,162,->,346,163,->,346,164,->,346,165,->,346,166,->,346,167,->,346,168,->,346,169,->,346,170,->,346,171,->,346,172,->,346,173,->,346,174,->,346,175,->,346,176,->,346,177,->,346,178,->,346,179,->,346,182,->,346,183,->,346,184,->,346,185,->,346,186,->,346,188,->,346,189,->,346,190,->,346,191,->,346,193,->,346,194,->,346,195,->,346,196,->,346,197,->,346,198,->,346,199,->,346,200,->,346,201,->,346,202,->,346,203,->,346,204,->,346,205,->,346,206,->,346,207,->,346,208,->,346,209,->,346,210,->,346,211,->,346,212,->,346,213,->,346,214,->,346,215,->,346,216,->,346,217,->,346,218,->,346,219,->,346,220,->,346,221,->,346,222,->,346,223,->,346,224,->,346,225,->,346,226,->,346,227,->,346,228,->,346,229,->,346,230,->,346,231,->,346,232,->,346,233,->,346,234,->,346,235,->,346,236,->,346,237,->,346,238,->,346,239,->,346,240,->,346,241,->,346,242,->,346,243,->,346,244,->,346,245,->,346,246,->,346,247,->,346,248,->,346,249,->,346,250,->,346,251,->,346,252,->,346,253,->,346,254,->,346,255,->,346,256,->,346,257,->,346,258,->,346,259,->,346,260,->,346,261,->,346,262,->,346,263,->,346,264,->,346,265,->,346,266,->,346,267,->,346,268,->,346,269,->,346,270,->,346,271,->,346,272,->,346,273,->,346,274,->,346,275,->,346,276,->,346,277,->,346,278,->,346,279,->,346,280,->,346,281,->,346,282,->,346,283,->,346,284,->,346,285,->,346,286,->,346,287,->,346,288,->,346,289,->,346,290,->,346,291,->,346,292,->,346,293,->,346,294,->,346,295,->,346,296,->,346,297,->,346,298,->,346,299,->,346,300,->,346,301,->,346,302,->,346,303,->,347,0,->,347,1,->,347,2,->,347,3,->,347,4,->,347,5,->,347,6,->,347,7,->,347,8,->,347,9,->,347,10,->,347,11,->,347,12,->,347,13,->,347,14,->,347,15,->,347,16,->,347,17,->,347,18,->,347,19,->,347,20,->,347,21,->,347,22,->,347,23,->,347,24,->,347,25,->,347,26,->,347,27,->,347,28,->,347,29,->,347,30,->,347,31,->,347,32,->,347,33,->,347,34,->,347,35,->,347,36,->,347,37,->,347,38,->,347,39,->,347,40,->,347,41,->,347,42,->,347,43,->,347,44,->,347,45,->,347,46,->,347,47,->,347,48,->,347,49,->,347,50,->,347,51,->,347,52,->,347,53,->,347,54,->,347,78,->,347,79,->,347,80,->,347,81,->,347,82,->,347,83,->,347,84,->,347,85,->,347,86,->,347,87,->,347,88,->,347,89,->,347,90,->,347,91,->,347,92,->,347,93,->,347,94,->,347,95,->,347,96,->,347,97,->,347,98,->,347,99,->,347,100,->,347,106,->,347,107,->,347,108,->,347,109,->,347,110,->,347,111,->,347,112,->,347,113,->,347,116,->,347,117,->,347,118,->,347,119,->,347,120,->,347,138,->,347,139,->,347,140,->,347,141,->,347,142,->,347,143,->,347,144,->,347,145,->,347,146,->,347,147,->,347,148,->,347,149,->,347,150,->,347,151,->,347,152,->,347,153,->,347,154,->,347,155,->,347,156,->,347,157,->,347,158,->,347,159,->,347,160,->,347,161,->,347,162,->,347,163,->,347,164,->,347,165,->,347,166,->,347,167,->,347,168,->,347,169,->,347,170,->,347,171,->,347,172,->,347,173,->,347,174,->,347,175,->,347,176,->,347,178,->,347,179,->,347,181,->,347,182,->,347,183,->,347,184,->,347,185,->,347,186,->,347,187,->,347,188,->,347,189,->,347,190,->,347,192,->,347,193,->,347,194,->,347,195,->,347,196,->,347,197,->,347,198,->,347,199,->,347,200,->,347,201,->,347,202,->,347,203,->,347,204,->,347,205,->,347,206,->,347,207,->,347,208,->,347,209,->,347,210,->,347,211,->,347,212,->,347,213,->,347,214,->,347,215,->,347,216,->,347,217,->,347,218,->,347,219,->,347,220,->,347,221,->,347,222,->,347,223,->,347,224,->,347,225,->,347,226,->,347,227,->,347,228,->,347,229,->,347,230,->,347,231,->,347,232,->,347,233,->,347,234,->,347,235,->,347,236,->,347,237,->,347,238,->,347,239,->,347,240,->,347,241,->,347,242,->,347,243,->,347,244,->,347,245,->,347,246,->,347,247,->,347,248,->,347,249,->,347,250,->,347,251,->,347,252,->,347,253,->,347,254,->,347,255,->,347,256,->,347,257,->,347,258,->,347,259,->,347,260,->,347,261,->,347,262,->,347,263,->,347,264,->,347,265,->,347,266,->,347,267,->,347,268,->,347,269,->,347,270,->,347,271,->,347,272,->,347,273,->,347,274,->,347,275,->,347,276,->,347,277,->,347,278,->,347,279,->,347,280,->,347,281,->,347,282,->,347,283,->,347,284,->,347,285,->,347,286,->,347,287,->,347,288,->,347,289,->,347,290,->,347,291,->,347,292,->,347,293,->,347,294,->,347,295,->,347,296,->,347,297,->,347,298,->,347,299,->,347,300,->,347,301,->,347,302,->,347,303,->,348,0,->,348,1,->,348,2,->,348,3,->,348,4,->,348,5,->,348,6,->,348,7,->,348,8,->,348,9,->,348,10,->,348,11,->,348,12,->,348,13,->,348,14,->,348,15,->,348,16,->,348,17,->,348,18,->,348,19,->,348,20,->,348,21,->,348,22,->,348,23,->,348,24,->,348,25,->,348,26,->,348,27,->,348,28,->,348,29,->,348,30,->,348,31,->,348,32,->,348,33,->,348,34,->,348,35,->,348,36,->,348,37,->,348,38,->,348,39,->,348,40,->,348,41,->,348,42,->,348,43,->,348,44,->,348,45,->,348,46,->,348,47,->,348,48,->,348,49,->,348,50,->,348,51,->,348,52,->,348,53,->,348,54,->,348,76,->,348,77,->,348,78,->,348,79,->,348,80,->,348,81,->,348,82,->,348,83,->,348,84,->,348,85,->,348,86,->,348,87,->,348,88,->,348,89,->,348,90,->,348,91,->,348,92,->,348,93,->,348,94,->,348,95,->,348,96,->,348,97,->,348,98,->,348,99,->,348,100,->,348,108,->,348,109,->,348,110,->,348,111,->,348,112,->,348,113,->,348,114,->,348,115,->,348,116,->,348,117,->,348,118,->,348,119,->,348,139,->,348,140,->,348,141,->,348,142,->,348,143,->,348,144,->,348,145,->,348,146,->,348,147,->,348,148,->,348,149,->,348,150,->,348,151,->,348,152,->,348,153,->,348,154,->,348,155,->,348,156,->,348,157,->,348,158,->,348,159,->,348,160,->,348,161,->,348,162,->,348,163,->,348,164,->,348,165,->,348,166,->,348,167,->,348,168,->,348,169,->,348,170,->,348,171,->,348,172,->,348,173,->,348,174,->,348,175,->,348,176,->,348,179,->,348,180,->,348,181,->,348,183,->,348,184,->,348,185,->,348,186,->,348,187,->,348,189,->,348,191,->,348,192,->,348,193,->,348,194,->,348,195,->,348,196,->,348,197,->,348,198,->,348,199,->,348,200,->,348,201,->,348,202,->,348,203,->,348,204,->,348,205,->,348,206,->,348,207,->,348,208,->,348,209,->,348,210,->,348,211,->,348,212,->,348,213,->,348,214,->,348,215,->,348,216,->,348,217,->,348,218,->,348,219,->,348,220,->,348,221,->,348,222,->,348,223,->,348,224,->,348,225,->,348,226,->,348,227,->,348,228,->,348,229,->,348,230,->,348,231,->,348,232,->,348,233,->,348,234,->,348,235,->,348,236,->,348,237,->,348,238,->,348,239,->,348,240,->,348,241,->,348,242,->,348,243,->,348,244,->,348,245,->,348,246,->,348,247,->,348,248,->,348,249,->,348,250,->,348,251,->,348,252,->,348,253,->,348,254,->,348,255,->,348,256,->,348,257,->,348,258,->,348,259,->,348,260,->,348,261,->,348,262,->,348,263,->,348,264,->,348,265,->,348,266,->,348,267,->,348,268,->,348,269,->,348,270,->,348,271,->,348,272,->,348,273,->,348,274,->,348,275,->,348,276,->,348,277,->,348,278,->,348,279,->,348,280,->,348,281,->,348,282,->,348,283,->,348,284,->,348,285,->,348,286,->,348,287,->,348,288,->,348,289,->,348,290,->,348,291,->,348,292,->,348,293,->,348,294,->,348,295,->,348,296,->,348,297,->,348,298,->,348,299,->,348,300,->,348,301,->,348,302,->,348,303,->,349,0,->,349,1,->,349,2,->,349,3,->,349,4,->,349,5,->,349,6,->,349,7,->,349,8,->,349,9,->,349,10,->,349,11,->,349,12,->,349,13,->,349,14,->,349,15,->,349,16,->,349,17,->,349,18,->,349,19,->,349,20,->,349,21,->,349,22,->,349,23,->,349,24,->,349,25,->,349,26,->,349,27,->,349,28,->,349,29,->,349,30,->,349,31,->,349,32,->,349,33,->,349,34,->,349,35,->,349,36,->,349,37,->,349,38,->,349,39,->,349,40,->,349,41,->,349,42,->,349,43,->,349,44,->,349,45,->,349,46,->,349,47,->,349,48,->,349,49,->,349,50,->,349,51,->,349,52,->,349,53,->,349,54,->,349,55,->,349,76,->,349,77,->,349,78,->,349,79,->,349,80,->,349,81,->,349,82,->,349,83,->,349,84,->,349,85,->,349,86,->,349,87,->,349,88,->,349,89,->,349,90,->,349,91,->,349,92,->,349,93,->,349,94,->,349,95,->,349,96,->,349,97,->,349,98,->,349,101,->,349,108,->,349,109,->,349,110,->,349,111,->,349,112,->,349,113,->,349,114,->,349,115,->,349,116,->,349,117,->,349,118,->,349,139,->,349,140,->,349,141,->,349,142,->,349,143,->,349,144,->,349,145,->,349,146,->,349,147,->,349,148,->,349,149,->,349,150,->,349,151,->,349,152,->,349,153,->,349,154,->,349,155,->,349,156,->,349,157,->,349,158,->,349,159,->,349,160,->,349,161,->,349,162,->,349,163,->,349,164,->,349,165,->,349,166,->,349,167,->,349,168,->,349,169,->,349,170,->,349,171,->,349,172,->,349,173,->,349,174,->,349,175,->,349,176,->,349,177,->,349,179,->,349,180,->,349,181,->,349,182,->,349,183,->,349,184,->,349,186,->,349,187,->,349,188,->,349,189,->,349,191,->,349,192,->,349,193,->,349,194,->,349,195,->,349,196,->,349,197,->,349,198,->,349,199,->,349,200,->,349,201,->,349,202,->,349,203,->,349,204,->,349,205,->,349,206,->,349,207,->,349,208,->,349,209,->,349,210,->,349,211,->,349,212,->,349,213,->,349,214,->,349,215,->,349,216,->,349,217,->,349,218,->,349,219,->,349,220,->,349,221,->,349,222,->,349,223,->,349,224,->,349,225,->,349,226,->,349,227,->,349,228,->,349,229,->,349,230,->,349,231,->,349,232,->,349,233,->,349,234,->,349,235,->,349,236,->,349,237,->,349,238,->,349,239,->,349,240,->,349,241,->,349,242,->,349,243,->,349,244,->,349,245,->,349,246,->,349,247,->,349,248,->,349,249,->,349,250,->,349,251,->,349,252,->,349,253,->,349,254,->,349,255,->,349,256,->,349,257,->,349,258,->,349,259,->,349,260,->,349,261,->,349,262,->,349,263,->,349,264,->,349,265,->,349,266,->,349,267,->,349,268,->,349,269,->,349,270,->,349,271,->,349,272,->,349,273,->,349,274,->,349,275,->,349,276,->,349,277,->,349,278,->,349,279,->,349,280,->,349,281,->,349,282,->,349,283,->,349,284,->,349,285,->,349,286,->,349,287,->,349,288,->,349,289,->,349,290,->,349,291,->,349,292,->,349,293,->,349,294,->,349,295,->,349,296,->,349,297,->,349,298,->,349,299,->,349,300,->,349,301,->,349,302,->,349,303,->,350,0,->,350,1,->,350,2,->,350,3,->,350,4,->,350,5,->,350,6,->,350,7,->,350,8,->,350,9,->,350,10,->,350,11,->,350,12,->,350,13,->,350,14,->,350,15,->,350,16,->,350,17,->,350,18,->,350,19,->,350,20,->,350,21,->,350,22,->,350,23,->,350,24,->,350,25,->,350,26,->,350,27,->,350,28,->,350,29,->,350,30,->,350,31,->,350,32,->,350,33,->,350,34,->,350,35,->,350,36,->,350,37,->,350,38,->,350,39,->,350,40,->,350,41,->,350,42,->,350,43,->,350,44,->,350,45,->,350,46,->,350,47,->,350,48,->,350,49,->,350,50,->,350,51,->,350,52,->,350,53,->,350,54,->,350,55,->,350,76,->,350,77,->,350,78,->,350,79,->,350,80,->,350,81,->,350,82,->,350,83,->,350,84,->,350,85,->,350,86,->,350,87,->,350,88,->,350,89,->,350,90,->,350,91,->,350,92,->,350,93,->,350,94,->,350,95,->,350,96,->,350,97,->,350,98,->,350,99,->,350,100,->,350,109,->,350,110,->,350,111,->,350,112,->,350,113,->,350,114,->,350,115,->,350,116,->,350,138,->,350,139,->,350,140,->,350,141,->,350,142,->,350,143,->,350,144,->,350,145,->,350,146,->,350,147,->,350,148,->,350,149,->,350,150,->,350,151,->,350,152,->,350,153,->,350,154,->,350,155,->,350,156,->,350,157,->,350,158,->,350,159,->,350,160,->,350,161,->,350,162,->,350,163,->,350,164,->,350,165,->,350,166,->,350,167,->,350,168,->,350,169,->,350,170,->,350,171,->,350,172,->,350,173,->,350,174,->,350,175,->,350,176,->,350,177,->,350,178,->,350,181,->,350,182,->,350,183,->,350,184,->,350,185,->,350,186,->,350,188,->,350,191,->,350,192,->,350,193,->,350,194,->,350,195,->,350,196,->,350,197,->,350,198,->,350,199,->,350,200,->,350,201,->,350,202,->,350,203,->,350,204,->,350,205,->,350,206,->,350,207,->,350,208,->,350,209,->,350,210,->,350,211,->,350,212,->,350,213,->,350,214,->,350,215,->,350,216,->,350,217,->,350,218,->,350,219,->,350,220,->,350,221,->,350,222,->,350,223,->,350,224,->,350,225,->,350,226,->,350,227,->,350,228,->,350,229,->,350,230,->,350,231,->,350,232,->,350,233,->,350,234,->,350,235,->,350,236,->,350,237,->,350,238,->,350,239,->,350,240,->,350,241,->,350,242,->,350,243,->,350,244,->,350,245,->,350,246,->,350,247,->,350,248,->,350,249,->,350,250,->,350,251,->,350,252,->,350,253,->,350,254,->,350,255,->,350,256,->,350,257,->,350,258,->,350,259,->,350,260,->,350,261,->,350,262,->,350,263,->,350,264,->,350,265,->,350,266,->,350,267,->,350,268,->,350,269,->,350,270,->,350,271,->,350,272,->,350,273,->,350,274,->,350,275,->,350,276,->,350,277,->,350,278,->,350,279,->,350,280,->,350,281,->,350,282,->,350,283,->,350,284,->,350,285,->,350,286,->,350,287,->,350,288,->,350,289,->,350,290,->,350,291,->,350,292,->,350,293,->,350,294,->,350,295,->,350,296,->,350,297,->,350,298,->,350,299,->,350,300,->,350,301,->,350,302,->,350,303,->,351,0,->,351,1,->,351,2,->,351,3,->,351,4,->,351,5,->,351,6,->,351,7,->,351,8,->,351,9,->,351,10,->,351,11,->,351,12,->,351,13,->,351,14,->,351,15,->,351,16,->,351,17,->,351,18,->,351,19,->,351,20,->,351,21,->,351,22,->,351,23,->,351,24,->,351,25,->,351,26,->,351,27,->,351,28,->,351,29,->,351,30,->,351,31,->,351,32,->,351,33,->,351,34,->,351,35,->,351,36,->,351,37,->,351,38,->,351,39,->,351,40,->,351,41,->,351,42,->,351,43,->,351,44,->,351,45,->,351,46,->,351,47,->,351,48,->,351,49,->,351,50,->,351,51,->,351,52,->,351,53,->,351,54,->,351,55,->,351,56,->,351,75,->,351,76,->,351,77,->,351,78,->,351,79,->,351,80,->,351,81,->,351,82,->,351,83,->,351,84,->,351,85,->,351,86,->,351,87,->,351,88,->,351,89,->,351,90,->,351,91,->,351,92,->,351,93,->,351,94,->,351,95,->,351,96,->,351,97,->,351,98,->,351,99,->,351,100,->,351,101,->,351,109,->,351,110,->,351,111,->,351,112,->,351,113,->,351,114,->,351,139,->,351,140,->,351,141,->,351,142,->,351,143,->,351,144,->,351,145,->,351,146,->,351,147,->,351,148,->,351,149,->,351,150,->,351,151,->,351,152,->,351,153,->,351,154,->,351,155,->,351,156,->,351,157,->,351,158,->,351,159,->,351,160,->,351,161,->,351,162,->,351,163,->,351,164,->,351,165,->,351,166,->,351,167,->,351,168,->,351,169,->,351,170,->,351,171,->,351,172,->,351,173,->,351,174,->,351,176,->,351,177,->,351,178,->,351,179,->,351,180,->,351,181,->,351,182,->,351,183,->,351,184,->,351,187,->,351,189,->,351,190,->,351,191,->,351,192,->,351,193,->,351,194,->,351,195,->,351,196,->,351,197,->,351,198,->,351,199,->,351,200,->,351,201,->,351,202,->,351,203,->,351,204,->,351,205,->,351,206,->,351,207,->,351,208,->,351,209,->,351,210,->,351,211,->,351,212,->,351,213,->,351,214,->,351,215,->,351,216,->,351,217,->,351,218,->,351,219,->,351,220,->,351,221,->,351,222,->,351,223,->,351,224,->,351,225,->,351,226,->,351,227,->,351,228,->,351,229,->,351,230,->,351,231,->,351,232,->,351,233,->,351,234,->,351,235,->,351,236,->,351,237,->,351,238,->,351,239,->,351,240,->,351,241,->,351,242,->,351,243,->,351,244,->,351,245,->,351,246,->,351,247,->,351,248,->,351,249,->,351,250,->,351,251,->,351,252,->,351,253,->,351,254,->,351,255,->,351,256,->,351,257,->,351,258,->,351,259,->,351,260,->,351,261,->,351,262,->,351,263,->,351,264,->,351,265,->,351,266,->,351,267,->,351,268,->,351,269,->,351,270,->,351,271,->,351,272,->,351,273,->,351,274,->,351,275,->,351,276,->,351,277,->,351,278,->,351,279,->,351,280,->,351,281,->,351,282,->,351,283,->,351,284,->,351,285,->,351,286,->,351,287,->,351,288,->,351,289,->,351,290,->,351,291,->,351,292,->,351,293,->,351,294,->,351,295,->,351,296,->,351,297,->,351,298,->,351,299,->,351,300,->,351,301,->,351,302,->,351,303,->,352,0,->,352,1,->,352,2,->,352,3,->,352,4,->,352,5,->,352,6,->,352,7,->,352,8,->,352,9,->,352,10,->,352,11,->,352,12,->,352,13,->,352,14,->,352,15,->,352,16,->,352,17,->,352,18,->,352,19,->,352,20,->,352,21,->,352,22,->,352,23,->,352,24,->,352,25,->,352,26,->,352,27,->,352,28,->,352,29,->,352,30,->,352,31,->,352,32,->,352,33,->,352,34,->,352,35,->,352,36,->,352,37,->,352,38,->,352,39,->,352,40,->,352,41,->,352,42,->,352,43,->,352,44,->,352,45,->,352,46,->,352,47,->,352,48,->,352,49,->,352,50,->,352,51,->,352,52,->,352,53,->,352,54,->,352,55,->,352,56,->,352,57,->,352,76,->,352,77,->,352,78,->,352,79,->,352,80,->,352,81,->,352,82,->,352,83,->,352,84,->,352,85,->,352,86,->,352,87,->,352,88,->,352,89,->,352,90,->,352,91,->,352,92,->,352,93,->,352,94,->,352,95,->,352,96,->,352,97,->,352,98,->,352,99,->,352,100,->,352,101,->,352,110,->,352,111,->,352,112,->,352,113,->,352,139,->,352,140,->,352,141,->,352,142,->,352,143,->,352,144,->,352,145,->,352,146,->,352,147,->,352,148,->,352,149,->,352,150,->,352,151,->,352,152,->,352,153,->,352,154,->,352,155,->,352,156,->,352,157,->,352,158,->,352,159,->,352,160,->,352,161,->,352,162,->,352,163,->,352,164,->,352,165,->,352,166,->,352,167,->,352,168,->,352,169,->,352,170,->,352,171,->,352,173,->,352,174,->,352,175,->,352,178,->,352,179,->,352,180,->,352,182,->,352,183,->,352,184,->,352,186,->,352,187,->,352,188,->,352,189,->,352,190,->,352,191,->,352,192,->,352,193,->,352,194,->,352,195,->,352,196,->,352,197,->,352,198,->,352,199,->,352,200,->,352,201,->,352,202,->,352,203,->,352,204,->,352,205,->,352,206,->,352,207,->,352,208,->,352,209,->,352,210,->,352,211,->,352,212,->,352,213,->,352,214,->,352,215,->,352,216,->,352,217,->,352,218,->,352,219,->,352,220,->,352,221,->,352,222,->,352,223,->,352,224,->,352,225,->,352,226,->,352,227,->,352,228,->,352,229,->,352,230,->,352,231,->,352,232,->,352,233,->,352,234,->,352,235,->,352,236,->,352,237,->,352,238,->,352,239,->,352,240,->,352,241,->,352,242,->,352,243,->,352,244,->,352,245,->,352,246,->,352,247,->,352,248,->,352,249,->,352,250,->,352,251,->,352,252,->,352,253,->,352,254,->,352,255,->,352,256,->,352,257,->,352,258,->,352,259,->,352,260,->,352,261,->,352,262,->,352,263,->,352,264,->,352,265,->,352,266,->,352,267,->,352,268,->,352,269,->,352,270,->,352,271,->,352,272,->,352,273,->,352,274,->,352,275,->,352,276,->,352,277,->,352,278,->,352,279,->,352,280,->,352,281,->,352,282,->,352,283,->,352,284,->,352,285,->,352,286,->,352,287,->,352,288,->,352,289,->,352,290,->,352,291,->,352,292,->,352,293,->,352,294,->,352,295,->,352,296,->,352,297,->,352,298,->,352,299,->,352,300,->,352,301,->,352,302,->,352,303,->,353,0,->,353,1,->,353,2,->,353,3,->,353,4,->,353,5,->,353,6,->,353,7,->,353,8,->,353,9,->,353,10,->,353,11,->,353,12,->,353,13,->,353,14,->,353,15,->,353,16,->,353,17,->,353,18,->,353,19,->,353,20,->,353,21,->,353,22,->,353,23,->,353,24,->,353,25,->,353,26,->,353,27,->,353,28,->,353,29,->,353,30,->,353,31,->,353,32,->,353,33,->,353,34,->,353,35,->,353,36,->,353,37,->,353,38,->,353,39,->,353,40,->,353,41,->,353,42,->,353,43,->,353,44,->,353,45,->,353,46,->,353,47,->,353,48,->,353,49,->,353,50,->,353,51,->,353,52,->,353,53,->,353,54,->,353,55,->,353,56,->,353,57,->,353,76,->,353,77,->,353,78,->,353,79,->,353,80,->,353,81,->,353,82,->,353,83,->,353,84,->,353,85,->,353,86,->,353,87,->,353,88,->,353,89,->,353,90,->,353,91,->,353,92,->,353,93,->,353,94,->,353,95,->,353,96,->,353,97,->,353,98,->,353,99,->,353,100,->,353,110,->,353,111,->,353,112,->,353,113,->,353,139,->,353,140,->,353,141,->,353,142,->,353,143,->,353,144,->,353,145,->,353,146,->,353,147,->,353,148,->,353,149,->,353,150,->,353,151,->,353,152,->,353,153,->,353,154,->,353,155,->,353,156,->,353,157,->,353,158,->,353,159,->,353,160,->,353,161,->,353,162,->,353,163,->,353,164,->,353,165,->,353,166,->,353,167,->,353,168,->,353,169,->,353,170,->,353,171,->,353,172,->,353,174,->,353,175,->,353,176,->,353,180,->,353,181,->,353,182,->,353,184,->,353,185,->,353,186,->,353,187,->,353,188,->,353,189,->,353,190,->,353,191,->,353,192,->,353,193,->,353,194,->,353,195,->,353,196,->,353,197,->,353,198,->,353,199,->,353,200,->,353,201,->,353,202,->,353,203,->,353,204,->,353,205,->,353,206,->,353,207,->,353,208,->,353,209,->,353,210,->,353,211,->,353,212,->,353,213,->,353,214,->,353,215,->,353,216,->,353,217,->,353,218,->,353,219,->,353,220,->,353,221,->,353,222,->,353,223,->,353,224,->,353,225,->,353,226,->,353,227,->,353,228,->,353,229,->,353,230,->,353,231,->,353,232,->,353,233,->,353,234,->,353,235,->,353,236,->,353,237,->,353,238,->,353,239,->,353,240,->,353,241,->,353,242,->,353,243,->,353,244,->,353,245,->,353,246,->,353,247,->,353,248,->,353,249,->,353,250,->,353,251,->,353,252,->,353,253,->,353,254,->,353,255,->,353,256,->,353,257,->,353,258,->,353,259,->,353,260,->,353,261,->,353,262,->,353,263,->,353,264,->,353,265,->,353,266,->,353,267,->,353,268,->,353,269,->,353,270,->,353,271,->,353,272,->,353,273,->,353,274,->,353,275,->,353,276,->,353,277,->,353,278,->,353,279,->,353,280,->,353,281,->,353,282,->,353,283,->,353,284,->,353,285,->,353,286,->,353,287,->,353,288,->,353,289,->,353,290,->,353,291,->,353,292,->,353,293,->,353,294,->,353,295,->,353,296,->,353,297,->,353,298,->,353,299,->,353,300,->,353,301,->,353,302,->,353,303,->,354,0,->,354,1,->,354,2,->,354,3,->,354,4,->,354,5,->,354,6,->,354,7,->,354,8,->,354,9,->,354,10,->,354,11,->,354,12,->,354,13,->,354,14,->,354,15,->,354,16,->,354,17,->,354,18,->,354,19,->,354,20,->,354,21,->,354,22,->,354,23,->,354,24,->,354,25,->,354,26,->,354,27,->,354,28,->,354,29,->,354,30,->,354,31,->,354,32,->,354,33,->,354,34,->,354,35,->,354,36,->,354,37,->,354,38,->,354,39,->,354,40,->,354,41,->,354,42,->,354,43,->,354,44,->,354,45,->,354,46,->,354,47,->,354,48,->,354,49,->,354,50,->,354,51,->,354,52,->,354,53,->,354,54,->,354,55,->,354,56,->,354,76,->,354,77,->,354,78,->,354,79,->,354,80,->,354,81,->,354,82,->,354,83,->,354,84,->,354,85,->,354,86,->,354,87,->,354,88,->,354,89,->,354,90,->,354,91,->,354,92,->,354,93,->,354,94,->,354,95,->,354,96,->,354,97,->,354,98,->,354,99,->,354,100,->,354,101,->,354,102,->,354,140,->,354,141,->,354,142,->,354,143,->,354,144,->,354,145,->,354,146,->,354,147,->,354,148,->,354,149,->,354,150,->,354,151,->,354,152,->,354,153,->,354,154,->,354,155,->,354,156,->,354,157,->,354,158,->,354,159,->,354,160,->,354,161,->,354,162,->,354,163,->,354,164,->,354,165,->,354,166,->,354,167,->,354,168,->,354,169,->,354,171,->,354,173,->,354,174,->,354,176,->,354,177,->,354,178,->,354,179,->,354,180,->,354,181,->,354,182,->,354,185,->,354,186,->,354,187,->,354,188,->,354,189,->,354,190,->,354,191,->,354,192,->,354,193,->,354,194,->,354,195,->,354,196,->,354,197,->,354,198,->,354,199,->,354,200,->,354,201,->,354,202,->,354,203,->,354,204,->,354,205,->,354,206,->,354,207,->,354,208,->,354,209,->,354,210,->,354,211,->,354,212,->,354,213,->,354,214,->,354,215,->,354,216,->,354,217,->,354,218,->,354,219,->,354,220,->,354,221,->,354,222,->,354,223,->,354,224,->,354,225,->,354,226,->,354,227,->,354,228,->,354,229,->,354,230,->,354,231,->,354,232,->,354,233,->,354,234,->,354,235,->,354,236,->,354,237,->,354,238,->,354,239,->,354,240,->,354,241,->,354,242,->,354,243,->,354,244,->,354,245,->,354,246,->,354,247,->,354,248,->,354,249,->,354,250,->,354,251,->,354,252,->,354,253,->,354,254,->,354,255,->,354,256,->,354,257,->,354,258,->,354,259,->,354,260,->,354,261,->,354,262,->,354,263,->,354,264,->,354,265,->,354,266,->,354,267,->,354,268,->,354,269,->,354,270,->,354,271,->,354,272,->,354,273,->,354,274,->,354,275,->,354,276,->,354,277,->,354,278,->,354,279,->,354,280,->,354,281,->,354,282,->,354,283,->,354,284,->,354,285,->,354,286,->,354,287,->,354,288,->,354,289,->,354,290,->,354,291,->,354,292,->,354,293,->,354,294,->,354,295,->,354,296,->,354,297,->,354,298,->,354,299,->,354,300,->,354,301,->,354,302,->,354,303,->,355,0,->,355,1,->,355,2,->,355,3,->,355,4,->,355,5,->,355,6,->,355,7,->,355,8,->,355,9,->,355,10,->,355,11,->,355,12,->,355,13,->,355,14,->,355,15,->,355,16,->,355,17,->,355,18,->,355,19,->,355,20,->,355,21,->,355,22,->,355,23,->,355,24,->,355,25,->,355,26,->,355,27,->,355,28,->,355,29,->,355,30,->,355,31,->,355,32,->,355,33,->,355,34,->,355,35,->,355,36,->,355,37,->,355,38,->,355,39,->,355,40,->,355,41,->,355,42,->,355,43,->,355,44,->,355,45,->,355,46,->,355,47,->,355,48,->,355,49,->,355,50,->,355,51,->,355,52,->,355,53,->,355,54,->,355,55,->,355,56,->,355,57,->,355,58,->,355,59,->,355,61,->,355,69,->,355,76,->,355,77,->,355,78,->,355,79,->,355,80,->,355,81,->,355,82,->,355,83,->,355,84,->,355,85,->,355,86,->,355,87,->,355,88,->,355,89,->,355,90,->,355,91,->,355,92,->,355,93,->,355,94,->,355,95,->,355,96,->,355,97,->,355,98,->,355,99,->,355,100,->,355,113,->,355,114,->,355,115,->,355,140,->,355,141,->,355,142,->,355,143,->,355,144,->,355,145,->,355,146,->,355,147,->,355,148,->,355,149,->,355,150,->,355,151,->,355,152,->,355,153,->,355,154,->,355,155,->,355,156,->,355,157,->,355,158,->,355,159,->,355,160,->,355,161,->,355,162,->,355,163,->,355,164,->,355,165,->,355,166,->,355,167,->,355,168,->,355,171,->,355,172,->,355,173,->,355,174,->,355,175,->,355,176,->,355,177,->,355,179,->,355,180,->,355,182,->,355,183,->,355,185,->,355,188,->,355,189,->,355,190,->,355,191,->,355,192,->,355,193,->,355,194,->,355,195,->,355,196,->,355,197,->,355,198,->,355,199,->,355,200,->,355,201,->,355,202,->,355,203,->,355,204,->,355,205,->,355,206,->,355,207,->,355,208,->,355,209,->,355,210,->,355,211,->,355,212,->,355,213,->,355,214,->,355,215,->,355,216,->,355,217,->,355,218,->,355,219,->,355,220,->,355,221,->,355,222,->,355,223,->,355,224,->,355,225,->,355,226,->,355,227,->,355,228,->,355,229,->,355,230,->,355,231,->,355,232,->,355,233,->,355,234,->,355,235,->,355,236,->,355,237,->,355,238,->,355,239,->,355,240,->,355,241,->,355,242,->,355,243,->,355,244,->,355,245,->,355,246,->,355,247,->,355,248,->,355,249,->,355,250,->,355,251,->,355,252,->,355,253,->,355,254,->,355,255,->,355,256,->,355,257,->,355,258,->,355,259,->,355,260,->,355,261,->,355,262,->,355,263,->,355,264,->,355,265,->,355,266,->,355,267,->,355,268,->,355,269,->,355,270,->,355,271,->,355,272,->,355,273,->,355,274,->,355,275,->,355,276,->,355,277,->,355,278,->,355,279,->,355,280,->,355,281,->,355,282,->,355,283,->,355,284,->,355,285,->,355,286,->,355,287,->,355,288,->,355,289,->,355,290,->,355,291,->,355,292,->,355,293,->,355,294,->,355,295,->,355,296,->,355,297,->,355,298,->,355,299,->,355,300,->,355,301,->,355,302,->,355,303,->,356,0,->,356,1,->,356,2,->,356,3,->,356,4,->,356,5,->,356,6,->,356,7,->,356,8,->,356,9,->,356,10,->,356,11,->,356,12,->,356,13,->,356,14,->,356,15,->,356,16,->,356,17,->,356,18,->,356,19,->,356,20,->,356,21,->,356,22,->,356,23,->,356,24,->,356,25,->,356,26,->,356,27,->,356,28,->,356,29,->,356,30,->,356,31,->,356,32,->,356,33,->,356,34,->,356,35,->,356,36,->,356,37,->,356,38,->,356,39,->,356,40,->,356,41,->,356,42,->,356,43,->,356,44,->,356,45,->,356,46,->,356,47,->,356,48,->,356,49,->,356,50,->,356,51,->,356,52,->,356,53,->,356,54,->,356,55,->,356,56,->,356,57,->,356,58,->,356,59,->,356,60,->,356,61,->,356,62,->,356,68,->,356,69,->,356,70,->,356,71,->,356,72,->,356,75,->,356,76,->,356,77,->,356,78,->,356,79,->,356,80,->,356,81,->,356,82,->,356,83,->,356,84,->,356,85,->,356,86,->,356,87,->,356,88,->,356,89,->,356,90,->,356,91,->,356,92,->,356,93,->,356,94,->,356,95,->,356,96,->,356,97,->,356,98,->,356,99,->,356,109,->,356,110,->,356,111,->,356,116,->,356,140,->,356,141,->,356,142,->,356,143,->,356,144,->,356,145,->,356,146,->,356,147,->,356,148,->,356,149,->,356,150,->,356,151,->,356,152,->,356,153,->,356,154,->,356,155,->,356,156,->,356,157,->,356,158,->,356,159,->,356,160,->,356,161,->,356,162,->,356,163,->,356,164,->,356,165,->,356,166,->,356,167,->,356,168,->,356,169,->,356,170,->,356,171,->,356,173,->,356,174,->,356,180,->,356,181,->,356,182,->,356,183,->,356,184,->,356,186,->,356,188,->,356,189,->,356,190,->,356,191,->,356,192,->,356,193,->,356,194,->,356,195,->,356,196,->,356,197,->,356,198,->,356,199,->,356,200,->,356,201,->,356,202,->,356,203,->,356,204,->,356,205,->,356,206,->,356,207,->,356,208,->,356,209,->,356,210,->,356,211,->,356,212,->,356,213,->,356,214,->,356,215,->,356,216,->,356,217,->,356,218,->,356,219,->,356,220,->,356,221,->,356,222,->,356,223,->,356,224,->,356,225,->,356,226,->,356,227,->,356,228,->,356,229,->,356,230,->,356,231,->,356,232,->,356,233,->,356,234,->,356,235,->,356,236,->,356,237,->,356,238,->,356,239,->,356,240,->,356,241,->,356,242,->,356,243,->,356,244,->,356,245,->,356,246,->,356,247,->,356,248,->,356,249,->,356,250,->,356,251,->,356,252,->,356,253,->,356,254,->,356,255,->,356,256,->,356,257,->,356,258,->,356,259,->,356,260,->,356,261,->,356,262,->,356,263,->,356,264,->,356,265,->,356,266,->,356,267,->,356,268,->,356,269,->,356,270,->,356,271,->,356,272,->,356,273,->,356,274,->,356,275,->,356,276,->,356,277,->,356,278,->,356,279,->,356,280,->,356,281,->,356,282,->,356,283,->,356,284,->,356,285,->,356,286,->,356,287,->,356,288,->,356,289,->,356,290,->,356,291,->,356,292,->,356,293,->,356,294,->,356,295,->,356,296,->,356,297,->,356,298,->,356,299,->,356,300,->,356,301,->,356,302,->,356,303,->,357,0,->,357,1,->,357,2,->,357,3,->,357,4,->,357,5,->,357,6,->,357,7,->,357,8,->,357,9,->,357,10,->,357,11,->,357,12,->,357,13,->,357,14,->,357,15,->,357,16,->,357,17,->,357,18,->,357,19,->,357,20,->,357,21,->,357,22,->,357,23,->,357,24,->,357,25,->,357,26,->,357,27,->,357,28,->,357,29,->,357,30,->,357,31,->,357,32,->,357,33,->,357,34,->,357,35,->,357,36,->,357,37,->,357,38,->,357,39,->,357,40,->,357,41,->,357,42,->,357,43,->,357,44,->,357,45,->,357,46,->,357,47,->,357,48,->,357,49,->,357,50,->,357,51,->,357,52,->,357,53,->,357,54,->,357,55,->,357,56,->,357,57,->,357,58,->,357,59,->,357,60,->,357,61,->,357,62,->,357,63,->,357,67,->,357,68,->,357,69,->,357,70,->,357,71,->,357,72,->,357,73,->,357,74,->,357,75,->,357,76,->,357,77,->,357,78,->,357,79,->,357,80,->,357,81,->,357,82,->,357,83,->,357,84,->,357,85,->,357,86,->,357,87,->,357,88,->,357,89,->,357,90,->,357,91,->,357,92,->,357,93,->,357,94,->,357,95,->,357,96,->,357,97,->,357,98,->,357,99,->,357,108,->,357,109,->,357,110,->,357,115,->,357,116,->,357,140,->,357,141,->,357,142,->,357,143,->,357,144,->,357,145,->,357,146,->,357,147,->,357,148,->,357,149,->,357,150,->,357,151,->,357,152,->,357,153,->,357,154,->,357,155,->,357,156,->,357,157,->,357,158,->,357,159,->,357,160,->,357,161,->,357,162,->,357,163,->,357,164,->,357,165,->,357,166,->,357,167,->,357,168,->,357,169,->,357,172,->,357,173,->,357,174,->,357,176,->,357,177,->,357,178,->,357,181,->,357,182,->,357,183,->,357,184,->,357,186,->,357,188,->,357,189,->,357,190,->,357,191,->,357,192,->,357,193,->,357,194,->,357,195,->,357,196,->,357,197,->,357,198,->,357,199,->,357,200,->,357,201,->,357,202,->,357,203,->,357,204,->,357,205,->,357,206,->,357,207,->,357,208,->,357,209,->,357,210,->,357,211,->,357,212,->,357,213,->,357,214,->,357,215,->,357,216,->,357,217,->,357,218,->,357,219,->,357,220,->,357,221,->,357,222,->,357,223,->,357,224,->,357,225,->,357,226,->,357,227,->,357,228,->,357,229,->,357,230,->,357,231,->,357,232,->,357,233,->,357,234,->,357,235,->,357,236,->,357,237,->,357,238,->,357,239,->,357,240,->,357,241,->,357,242,->,357,243,->,357,244,->,357,245,->,357,246,->,357,247,->,357,248,->,357,249,->,357,250,->,357,251,->,357,252,->,357,253,->,357,254,->,357,255,->,357,256,->,357,257,->,357,258,->,357,259,->,357,260,->,357,261,->,357,262,->,357,263,->,357,264,->,357,265,->,357,266,->,357,267,->,357,268,->,357,269,->,357,270,->,357,271,->,357,272,->,357,273,->,357,274,->,357,275,->,357,276,->,357,277,->,357,278,->,357,279,->,357,280,->,357,281,->,357,282,->,357,283,->,357,284,->,357,285,->,357,286,->,357,287,->,357,288,->,357,289,->,357,290,->,357,291,->,357,292,->,357,293,->,357,294,->,357,295,->,357,296,->,357,297,->,357,298,->,357,299,->,357,300,->,357,301,->,357,302,->,357,303,->,358,0,->,358,1,->,358,2,->,358,3,->,358,4,->,358,5,->,358,6,->,358,7,->,358,8,->,358,9,->,358,10,->,358,11,->,358,12,->,358,13,->,358,14,->,358,15,->,358,16,->,358,17,->,358,18,->,358,19,->,358,20,->,358,21,->,358,22,->,358,23,->,358,24,->,358,25,->,358,26,->,358,27,->,358,28,->,358,29,->,358,30,->,358,31,->,358,32,->,358,33,->,358,34,->,358,35,->,358,36,->,358,37,->,358,38,->,358,39,->,358,40,->,358,41,->,358,42,->,358,43,->,358,44,->,358,45,->,358,46,->,358,47,->,358,48,->,358,49,->,358,50,->,358,51,->,358,52,->,358,53,->,358,54,->,358,55,->,358,56,->,358,57,->,358,58,->,358,59,->,358,60,->,358,61,->,358,62,->,358,63,->,358,64,->,358,67,->,358,68,->,358,69,->,358,70,->,358,71,->,358,72,->,358,75,->,358,76,->,358,77,->,358,78,->,358,79,->,358,80,->,358,81,->,358,82,->,358,83,->,358,84,->,358,85,->,358,86,->,358,87,->,358,88,->,358,89,->,358,90,->,358,91,->,358,92,->,358,93,->,358,94,->,358,95,->,358,96,->,358,97,->,358,98,->,358,99,->,358,108,->,358,109,->,358,110,->,358,111,->,358,112,->,358,113,->,358,116,->,358,140,->,358,141,->,358,142,->,358,143,->,358,144,->,358,145,->,358,146,->,358,147,->,358,148,->,358,149,->,358,150,->,358,151,->,358,152,->,358,153,->,358,154,->,358,155,->,358,156,->,358,157,->,358,158,->,358,159,->,358,160,->,358,161,->,358,162,->,358,163,->,358,164,->,358,165,->,358,166,->,358,167,->,358,168,->,358,169,->,358,171,->,358,172,->,358,177,->,358,178,->,358,179,->,358,180,->,358,181,->,358,183,->,358,185,->,358,188,->,358,189,->,358,190,->,358,191,->,358,192,->,358,193,->,358,194,->,358,195,->,358,196,->,358,197,->,358,198,->,358,199,->,358,200,->,358,201,->,358,202,->,358,203,->,358,204,->,358,205,->,358,206,->,358,207,->,358,208,->,358,209,->,358,210,->,358,211,->,358,212,->,358,213,->,358,214,->,358,215,->,358,216,->,358,217,->,358,218,->,358,219,->,358,220,->,358,221,->,358,222,->,358,223,->,358,224,->,358,225,->,358,226,->,358,227,->,358,228,->,358,229,->,358,230,->,358,231,->,358,232,->,358,233,->,358,234,->,358,235,->,358,236,->,358,237,->,358,238,->,358,239,->,358,240,->,358,241,->,358,242,->,358,243,->,358,244,->,358,245,->,358,246,->,358,247,->,358,248,->,358,249,->,358,250,->,358,251,->,358,252,->,358,253,->,358,254,->,358,255,->,358,256,->,358,257,->,358,258,->,358,259,->,358,260,->,358,261,->,358,262,->,358,263,->,358,264,->,358,265,->,358,266,->,358,267,->,358,268,->,358,269,->,358,270,->,358,271,->,358,272,->,358,273,->,358,274,->,358,275,->,358,276,->,358,277,->,358,278,->,358,279,->,358,280,->,358,281,->,358,282,->,358,283,->,358,284,->,358,285,->,358,286,->,358,287,->,358,288,->,358,289,->,358,290,->,358,291,->,358,292,->,358,293,->,358,294,->,358,295,->,358,296,->,358,297,->,358,298,->,358,299,->,358,300,->,358,301,->,358,302,->,358,303,->,359,0,->,359,1,->,359,2,->,359,3,->,359,4,->,359,5,->,359,6,->,359,7,->,359,8,->,359,9,->,359,10,->,359,11,->,359,12,->,359,13,->,359,14,->,359,15,->,359,16,->,359,17,->,359,18,->,359,19,->,359,20,->,359,21,->,359,22,->,359,23,->,359,24,->,359,25,->,359,26,->,359,27,->,359,28,->,359,29,->,359,30,->,359,31,->,359,32,->,359,33,->,359,34,->,359,35,->,359,36,->,359,37,->,359,38,->,359,39,->,359,40,->,359,41,->,359,42,->,359,43,->,359,44,->,359,45,->,359,46,->,359,47,->,359,48,->,359,49,->,359,50,->,359,51,->,359,52,->,359,53,->,359,54,->,359,55,->,359,56,->,359,57,->,359,58,->,359,59,->,359,60,->,359,61,->,359,62,->,359,63,->,359,64,->,359,67,->,359,68,->,359,69,->,359,70,->,359,71,->,359,74,->,359,75,->,359,76,->,359,77,->,359,78,->,359,79,->,359,80,->,359,81,->,359,82,->,359,83,->,359,84,->,359,85,->,359,86,->,359,87,->,359,88,->,359,89,->,359,90,->,359,91,->,359,92,->,359,93,->,359,94,->,359,95,->,359,96,->,359,97,->,359,98,->,359,99,->,359,104,->,359,105,->,359,106,->,359,107,->,359,108,->,359,109,->,359,110,->,359,111,->,359,112,->,359,113,->,359,114,->,359,115,->,359,116,->,359,140,->,359,141,->,359,142,->,359,143,->,359,144,->,359,145,->,359,146,->,359,147,->,359,148,->,359,149,->,359,150,->,359,151,->,359,152,->,359,153,->,359,154,->,359,155,->,359,156,->,359,157,->,359,158,->,359,159,->,359,160,->,359,161,->,359,162,->,359,163,->,359,164,->,359,165,->,359,166,->,359,167,->,359,168,->,359,169,->,359,170,->,359,171,->,359,173,->,359,175,->,359,176,->,359,177,->,359,179,->,359,180,->,359,181,->,359,182,->,359,183,->,359,184,->,359,185,->,359,186,->,359,187,->,359,188,->,359,189,->,359,190,->,359,191,->,359,192,->,359,193,->,359,194,->,359,195,->,359,196,->,359,197,->,359,198,->,359,199,->,359,200,->,359,201,->,359,202,->,359,203,->,359,204,->,359,205,->,359,206,->,359,207,->,359,208,->,359,209,->,359,210,->,359,211,->,359,212,->,359,213,->,359,214,->,359,215,->,359,216,->,359,217,->,359,218,->,359,219,->,359,220,->,359,221,->,359,222,->,359,223,->,359,224,->,359,225,->,359,226,->,359,227,->,359,228,->,359,229,->,359,230,->,359,231,->,359,232,->,359,233,->,359,234,->,359,235,->,359,236,->,359,237,->,359,238,->,359,239,->,359,240,->,359,241,->,359,242,->,359,243,->,359,244,->,359,245,->,359,246,->,359,247,->,359,248,->,359,249,->,359,250,->,359,251,->,359,252,->,359,253,->,359,254,->,359,255,->,359,256,->,359,257,->,359,258,->,359,259,->,359,260,->,359,261,->,359,262,->,359,263,->,359,264,->,359,265,->,359,266,->,359,267,->,359,268,->,359,269,->,359,270,->,359,271,->,359,272,->,359,273,->,359,274,->,359,275,->,359,276,->,359,277,->,359,278,->,359,279,->,359,280,->,359,281,->,359,282,->,359,283,->,359,284,->,359,285,->,359,286,->,359,287,->,359,288,->,359,289,->,359,290,->,359,291,->,359,292,->,359,293,->,359,294,->,359,295,->,359,296,->,359,297,->,359,298,->,359,299,->,359,300,->,359,301,->,359,302,->,359,303,->,360,0,->,360,1,->,360,2,->,360,3,->,360,4,->,360,5,->,360,6,->,360,7,->,360,8,->,360,9,->,360,10,->,360,11,->,360,12,->,360,13,->,360,14,->,360,15,->,360,16,->,360,17,->,360,18,->,360,19,->,360,20,->,360,21,->,360,22,->,360,23,->,360,24,->,360,25,->,360,26,->,360,27,->,360,28,->,360,29,->,360,30,->,360,31,->,360,32,->,360,33,->,360,34,->,360,35,->,360,36,->,360,37,->,360,38,->,360,39,->,360,40,->,360,41,->,360,42,->,360,43,->,360,44,->,360,45,->,360,46,->,360,47,->,360,48,->,360,49,->,360,50,->,360,51,->,360,52,->,360,53,->,360,54,->,360,55,->,360,56,->,360,57,->,360,58,->,360,59,->,360,60,->,360,61,->,360,62,->,360,63,->,360,70,->,360,71,->,360,72,->,360,73,->,360,74,->,360,75,->,360,76,->,360,77,->,360,78,->,360,79,->,360,80,->,360,81,->,360,82,->,360,83,->,360,84,->,360,85,->,360,86,->,360,87,->,360,88,->,360,89,->,360,90,->,360,91,->,360,92,->,360,93,->,360,94,->,360,95,->,360,96,->,360,97,->,360,98,->,360,99,->,360,104,->,360,105,->,360,106,->,360,107,->,360,108,->,360,109,->,360,110,->,360,111,->,360,112,->,360,113,->,360,114,->,360,115,->,360,116,->,360,117,->,360,118,->,360,141,->,360,142,->,360,143,->,360,144,->,360,145,->,360,146,->,360,147,->,360,148,->,360,149,->,360,150,->,360,151,->,360,152,->,360,153,->,360,154,->,360,155,->,360,156,->,360,157,->,360,158,->,360,159,->,360,160,->,360,161,->,360,162,->,360,163,->,360,164,->,360,165,->,360,166,->,360,167,->,360,168,->,360,169,->,360,170,->,360,172,->,360,173,->,360,176,->,360,180,->,360,181,->,360,182,->,360,183,->,360,184,->,360,185,->,360,187,->,360,188,->,360,189,->,360,190,->,360,191,->,360,192,->,360,193,->,360,194,->,360,195,->,360,196,->,360,197,->,360,198,->,360,199,->,360,200,->,360,201,->,360,202,->,360,203,->,360,204,->,360,205,->,360,206,->,360,207,->,360,208,->,360,209,->,360,210,->,360,211,->,360,212,->,360,213,->,360,214,->,360,215,->,360,216,->,360,217,->,360,218,->,360,219,->,360,220,->,360,221,->,360,222,->,360,223,->,360,224,->,360,225,->,360,226,->,360,227,->,360,228,->,360,229,->,360,230,->,360,231,->,360,232,->,360,233,->,360,234,->,360,235,->,360,236,->,360,237,->,360,238,->,360,239,->,360,240,->,360,241,->,360,242,->,360,243,->,360,244,->,360,245,->,360,246,->,360,247,->,360,248,->,360,249,->,360,250,->,360,251,->,360,252,->,360,253,->,360,254,->,360,255,->,360,256,->,360,257,->,360,258,->,360,259,->,360,260,->,360,261,->,360,262,->,360,263,->,360,264,->,360,265,->,360,266,->,360,267,->,360,268,->,360,269,->,360,270,->,360,271,->,360,272,->,360,273,->,360,274,->,360,275,->,360,276,->,360,277,->,360,278,->,360,279,->,360,280,->,360,281,->,360,282,->,360,283,->,360,284,->,360,285,->,360,286,->,360,287,->,360,288,->,360,289,->,360,290,->,360,291,->,360,292,->,360,293,->,360,294,->,360,295,->,360,296,->,360,297,->,360,298,->,360,299,->,360,300,->,360,301,->,360,302,->,360,303,->,361,0,->,361,1,->,361,2,->,361,3,->,361,4,->,361,5,->,361,6,->,361,7,->,361,8,->,361,9,->,361,10,->,361,11,->,361,12,->,361,13,->,361,14,->,361,15,->,361,16,->,361,17,->,361,18,->,361,19,->,361,20,->,361,21,->,361,22,->,361,23,->,361,24,->,361,25,->,361,26,->,361,27,->,361,28,->,361,29,->,361,30,->,361,31,->,361,32,->,361,33,->,361,34,->,361,35,->,361,36,->,361,37,->,361,38,->,361,39,->,361,40,->,361,41,->,361,42,->,361,43,->,361,44,->,361,45,->,361,46,->,361,47,->,361,48,->,361,49,->,361,50,->,361,51,->,361,52,->,361,53,->,361,54,->,361,55,->,361,56,->,361,57,->,361,58,->,361,59,->,361,60,->,361,61,->,361,62,->,361,63,->,361,64,->,361,65,->,361,66,->,361,69,->,361,70,->,361,71,->,361,72,->,361,73,->,361,74,->,361,75,->,361,76,->,361,77,->,361,78,->,361,79,->,361,80,->,361,81,->,361,82,->,361,83,->,361,84,->,361,85,->,361,86,->,361,87,->,361,88,->,361,89,->,361,90,->,361,91,->,361,92,->,361,93,->,361,94,->,361,95,->,361,96,->,361,97,->,361,98,->,361,99,->,361,100,->,361,101,->,361,104,->,361,105,->,361,106,->,361,107,->,361,108,->,361,109,->,361,110,->,361,111,->,361,112,->,361,113,->,361,114,->,361,115,->,361,116,->,361,117,->,361,118,->,361,140,->,361,141,->,361,142,->,361,143,->,361,144,->,361,145,->,361,146,->,361,147,->,361,148,->,361,149,->,361,150,->,361,151,->,361,152,->,361,153,->,361,154,->,361,155,->,361,156,->,361,157,->,361,158,->,361,159,->,361,160,->,361,161,->,361,162,->,361,163,->,361,164,->,361,165,->,361,166,->,361,167,->,361,168,->,361,169,->,361,170,->,361,172,->,361,174,->,361,176,->,361,178,->,361,179,->,361,180,->,361,181,->,361,182,->,361,185,->,361,186,->,361,188,->,361,189,->,361,190,->,361,191,->,361,192,->,361,193,->,361,194,->,361,195,->,361,196,->,361,197,->,361,198,->,361,199,->,361,200,->,361,201,->,361,202,->,361,203,->,361,204,->,361,205,->,361,206,->,361,207,->,361,208,->,361,209,->,361,210,->,361,211,->,361,212,->,361,213,->,361,214,->,361,215,->,361,216,->,361,217,->,361,218,->,361,219,->,361,220,->,361,221,->,361,222,->,361,223,->,361,224,->,361,225,->,361,226,->,361,227,->,361,228,->,361,229,->,361,230,->,361,231,->,361,232,->,361,233,->,361,234,->,361,235,->,361,236,->,361,237,->,361,238,->,361,239,->,361,240,->,361,241,->,361,242,->,361,243,->,361,244,->,361,245,->,361,246,->,361,247,->,361,248,->,361,249,->,361,250,->,361,251,->,361,252,->,361,253,->,361,254,->,361,255,->,361,256,->,361,257,->,361,258,->,361,259,->,361,260,->,361,261,->,361,262,->,361,263,->,361,264,->,361,265,->,361,266,->,361,267,->,361,268,->,361,269,->,361,270,->,361,271,->,361,272,->,361,273,->,361,274,->,361,275,->,361,276,->,361,277,->,361,278,->,361,279,->,361,280,->,361,281,->,361,282,->,361,283,->,361,284,->,361,285,->,361,286,->,361,287,->,361,288,->,361,289,->,361,290,->,361,291,->,361,292,->,361,293,->,361,294,->,361,295,->,361,296,->,361,297,->,361,298,->,361,299,->,361,300,->,361,301,->,361,302,->,361,303,->,362,0,->,362,1,->,362,2,->,362,3,->,362,4,->,362,5,->,362,6,->,362,7,->,362,8,->,362,9,->,362,10,->,362,11,->,362,12,->,362,13,->,362,14,->,362,15,->,362,16,->,362,17,->,362,18,->,362,19,->,362,20,->,362,21,->,362,22,->,362,23,->,362,24,->,362,25,->,362,26,->,362,27,->,362,28,->,362,29,->,362,30,->,362,31,->,362,32,->,362,33,->,362,34,->,362,35,->,362,36,->,362,37,->,362,38,->,362,39,->,362,40,->,362,41,->,362,42,->,362,43,->,362,44,->,362,45,->,362,46,->,362,47,->,362,48,->,362,49,->,362,50,->,362,51,->,362,52,->,362,53,->,362,54,->,362,55,->,362,56,->,362,57,->,362,58,->,362,59,->,362,60,->,362,61,->,362,62,->,362,63,->,362,64,->,362,65,->,362,66,->,362,67,->,362,68,->,362,69,->,362,70,->,362,71,->,362,72,->,362,73,->,362,74,->,362,75,->,362,76,->,362,77,->,362,78,->,362,79,->,362,80,->,362,81,->,362,82,->,362,83,->,362,84,->,362,85,->,362,86,->,362,87,->,362,88,->,362,89,->,362,90,->,362,91,->,362,92,->,362,93,->,362,94,->,362,95,->,362,96,->,362,97,->,362,98,->,362,99,->,362,100,->,362,101,->,362,102,->,362,103,->,362,104,->,362,105,->,362,106,->,362,107,->,362,108,->,362,109,->,362,110,->,362,111,->,362,112,->,362,113,->,362,114,->,362,115,->,362,116,->,362,117,->,362,118,->,362,141,->,362,142,->,362,143,->,362,144,->,362,145,->,362,146,->,362,147,->,362,148,->,362,149,->,362,150,->,362,151,->,362,152,->,362,153,->,362,154,->,362,155,->,362,156,->,362,157,->,362,158,->,362,159,->,362,160,->,362,161,->,362,162,->,362,163,->,362,164,->,362,165,->,362,166,->,362,167,->,362,168,->,362,169,->,362,170,->,362,172,->,362,173,->,362,174,->,362,177,->,362,178,->,362,180,->,362,181,->,362,182,->,362,183,->,362,184,->,362,185,->,362,186,->,362,190,->,362,191,->,362,192,->,362,193,->,362,194,->,362,195,->,362,196,->,362,197,->,362,198,->,362,199,->,362,200,->,362,201,->,362,202,->,362,203,->,362,204,->,362,205,->,362,206,->,362,207,->,362,208,->,362,209,->,362,210,->,362,211,->,362,212,->,362,213,->,362,214,->,362,215,->,362,216,->,362,217,->,362,218,->,362,219,->,362,220,->,362,221,->,362,222,->,362,223,->,362,224,->,362,225,->,362,226,->,362,227,->,362,228,->,362,229,->,362,230,->,362,231,->,362,232,->,362,233,->,362,234,->,362,235,->,362,236,->,362,237,->,362,238,->,362,239,->,362,240,->,362,241,->,362,242,->,362,243,->,362,244,->,362,245,->,362,246,->,362,247,->,362,248,->,362,249,->,362,250,->,362,251,->,362,252,->,362,253,->,362,254,->,362,255,->,362,256,->,362,257,->,362,258,->,362,259,->,362,260,->,362,261,->,362,262,->,362,263,->,362,264,->,362,265,->,362,266,->,362,267,->,362,268,->,362,269,->,362,270,->,362,271,->,362,272,->,362,273,->,362,274,->,362,275,->,362,276,->,362,277,->,362,278,->,362,279,->,362,280,->,362,281,->,362,282,->,362,283,->,362,284,->,362,285,->,362,286,->,362,287,->,362,288,->,362,289,->,362,290,->,362,291,->,362,292,->,362,293,->,362,294,->,362,295,->,362,296,->,362,297,->,362,298,->,362,299,->,362,300,->,362,301,->,362,302,->,362,303,->,363,0,->,363,1,->,363,2,->,363,3,->,363,4,->,363,5,->,363,6,->,363,7,->,363,8,->,363,9,->,363,10,->,363,11,->,363,12,->,363,13,->,363,14,->,363,15,->,363,16,->,363,17,->,363,18,->,363,19,->,363,20,->,363,21,->,363,22,->,363,23,->,363,24,->,363,25,->,363,26,->,363,27,->,363,28,->,363,29,->,363,30,->,363,31,->,363,32,->,363,33,->,363,34,->,363,35,->,363,36,->,363,37,->,363,38,->,363,39,->,363,40,->,363,41,->,363,42,->,363,43,->,363,44,->,363,45,->,363,46,->,363,47,->,363,48,->,363,49,->,363,50,->,363,51,->,363,52,->,363,53,->,363,54,->,363,55,->,363,56,->,363,57,->,363,58,->,363,59,->,363,60,->,363,61,->,363,62,->,363,63,->,363,64,->,363,65,->,363,66,->,363,67,->,363,68,->,363,69,->,363,70,->,363,71,->,363,72,->,363,73,->,363,74,->,363,75,->,363,76,->,363,77,->,363,78,->,363,79,->,363,80,->,363,81,->,363,82,->,363,83,->,363,84,->,363,85,->,363,86,->,363,87,->,363,88,->,363,89,->,363,90,->,363,91,->,363,92,->,363,93,->,363,94,->,363,95,->,363,96,->,363,97,->,363,98,->,363,99,->,363,100,->,363,101,->,363,102,->,363,103,->,363,104,->,363,105,->,363,106,->,363,107,->,363,108,->,363,109,->,363,110,->,363,111,->,363,112,->,363,113,->,363,114,->,363,115,->,363,116,->,363,117,->,363,118,->,363,119,->,363,141,->,363,142,->,363,143,->,363,144,->,363,145,->,363,146,->,363,147,->,363,148,->,363,149,->,363,150,->,363,151,->,363,152,->,363,153,->,363,154,->,363,155,->,363,156,->,363,157,->,363,158,->,363,159,->,363,160,->,363,161,->,363,162,->,363,163,->,363,164,->,363,165,->,363,166,->,363,167,->,363,168,->,363,169,->,363,170,->,363,171,->,363,172,->,363,173,->,363,174,->,363,176,->,363,177,->,363,179,->,363,187,->,363,188,->,363,189,->,363,190,->,363,191,->,363,192,->,363,193,->,363,194,->,363,195,->,363,196,->,363,197,->,363,198,->,363,199,->,363,200,->,363,201,->,363,202,->,363,203,->,363,204,->,363,205,->,363,206,->,363,207,->,363,208,->,363,209,->,363,210,->,363,211,->,363,212,->,363,213,->,363,214,->,363,215,->,363,216,->,363,217,->,363,218,->,363,219,->,363,220,->,363,221,->,363,222,->,363,223,->,363,224,->,363,225,->,363,226,->,363,227,->,363,228,->,363,229,->,363,230,->,363,231,->,363,232,->,363,233,->,363,234,->,363,235,->,363,236,->,363,237,->,363,238,->,363,239,->,363,240,->,363,241,->,363,242,->,363,243,->,363,244,->,363,245,->,363,246,->,363,247,->,363,248,->,363,249,->,363,250,->,363,251,->,363,252,->,363,253,->,363,254,->,363,255,->,363,256,->,363,257,->,363,258,->,363,259,->,363,260,->,363,261,->,363,262,->,363,263,->,363,264,->,363,265,->,363,266,->,363,267,->,363,268,->,363,269,->,363,270,->,363,271,->,363,272,->,363,273,->,363,274,->,363,275,->,363,276,->,363,277,->,363,278,->,363,279,->,363,280,->,363,281,->,363,282,->,363,283,->,363,284,->,363,285,->,363,286,->,363,287,->,363,288,->,363,289,->,363,290,->,363,291,->,363,292,->,363,293,->,363,294,->,363,295,->,363,296,->,363,297,->,363,298,->,363,299,->,363,300,->,363,301,->,363,302,->,363,303,->,364,0,->,364,1,->,364,2,->,364,3,->,364,4,->,364,5,->,364,6,->,364,7,->,364,8,->,364,9,->,364,10,->,364,11,->,364,12,->,364,13,->,364,14,->,364,15,->,364,16,->,364,17,->,364,18,->,364,19,->,364,20,->,364,21,->,364,22,->,364,23,->,364,24,->,364,25,->,364,26,->,364,27,->,364,28,->,364,29,->,364,30,->,364,31,->,364,32,->,364,33,->,364,34,->,364,35,->,364,36,->,364,37,->,364,38,->,364,39,->,364,40,->,364,41,->,364,42,->,364,43,->,364,44,->,364,45,->,364,46,->,364,47,->,364,48,->,364,49,->,364,50,->,364,51,->,364,52,->,364,53,->,364,54,->,364,55,->,364,56,->,364,57,->,364,58,->,364,59,->,364,60,->,364,61,->,364,62,->,364,63,->,364,64,->,364,65,->,364,66,->,364,67,->,364,68,->,364,69,->,364,70,->,364,71,->,364,72,->,364,73,->,364,74,->,364,75,->,364,76,->,364,77,->,364,78,->,364,79,->,364,80,->,364,81,->,364,82,->,364,83,->,364,84,->,364,85,->,364,86,->,364,87,->,364,88,->,364,89,->,364,90,->,364,91,->,364,92,->,364,93,->,364,94,->,364,95,->,364,96,->,364,97,->,364,98,->,364,99,->,364,100,->,364,101,->,364,102,->,364,103,->,364,104,->,364,105,->,364,106,->,364,107,->,364,108,->,364,109,->,364,110,->,364,111,->,364,112,->,364,113,->,364,114,->,364,115,->,364,116,->,364,117,->,364,118,->,364,119,->,364,141,->,364,142,->,364,143,->,364,144,->,364,145,->,364,146,->,364,147,->,364,148,->,364,149,->,364,150,->,364,151,->,364,152,->,364,153,->,364,154,->,364,155,->,364,156,->,364,157,->,364,158,->,364,159,->,364,160,->,364,161,->,364,162,->,364,163,->,364,164,->,364,165,->,364,166,->,364,167,->,364,168,->,364,169,->,364,171,->,364,174,->,364,176,->,364,178,->,364,182,->,364,183,->,364,184,->,364,185,->,364,188,->,364,189,->,364,190,->,364,191,->,364,192,->,364,193,->,364,194,->,364,195,->,364,196,->,364,197,->,364,198,->,364,199,->,364,200,->,364,201,->,364,202,->,364,203,->,364,204,->,364,205,->,364,206,->,364,207,->,364,208,->,364,209,->,364,210,->,364,211,->,364,212,->,364,213,->,364,214,->,364,215,->,364,216,->,364,217,->,364,218,->,364,219,->,364,220,->,364,221,->,364,222,->,364,223,->,364,224,->,364,225,->,364,226,->,364,227,->,364,228,->,364,229,->,364,230,->,364,231,->,364,232,->,364,233,->,364,234,->,364,235,->,364,236,->,364,237,->,364,238,->,364,239,->,364,240,->,364,241,->,364,242,->,364,243,->,364,244,->,364,245,->,364,246,->,364,247,->,364,248,->,364,249,->,364,250,->,364,251,->,364,252,->,364,253,->,364,254,->,364,255,->,364,256,->,364,257,->,364,258,->,364,259,->,364,260,->,364,261,->,364,262,->,364,263,->,364,264,->,364,265,->,364,266,->,364,267,->,364,268,->,364,269,->,364,270,->,364,271,->,364,272,->,364,273,->,364,274,->,364,275,->,364,276,->,364,277,->,364,278,->,364,279,->,364,280,->,364,281,->,364,282,->,364,283,->,364,284,->,364,285,->,364,286,->,364,287,->,364,288,->,364,289,->,364,290,->,364,291,->,364,292,->,364,293,->,364,294,->,364,295,->,364,296,->,364,297,->,364,298,->,364,299,->,364,300,->,364,301,->,364,302,->,364,303,->,365,0,->,365,1,->,365,2,->,365,3,->,365,4,->,365,5,->,365,6,->,365,7,->,365,8,->,365,9,->,365,10,->,365,11,->,365,12,->,365,13,->,365,14,->,365,15,->,365,16,->,365,17,->,365,18,->,365,19,->,365,20,->,365,21,->,365,22,->,365,23,->,365,24,->,365,25,->,365,26,->,365,27,->,365,28,->,365,29,->,365,30,->,365,31,->,365,32,->,365,33,->,365,34,->,365,35,->,365,36,->,365,37,->,365,38,->,365,39,->,365,40,->,365,41,->,365,42,->,365,43,->,365,44,->,365,45,->,365,46,->,365,47,->,365,48,->,365,49,->,365,50,->,365,51,->,365,52,->,365,53,->,365,54,->,365,55,->,365,56,->,365,57,->,365,58,->,365,59,->,365,60,->,365,61,->,365,62,->,365,63,->,365,64,->,365,65,->,365,66,->,365,67,->,365,68,->,365,69,->,365,70,->,365,71,->,365,72,->,365,73,->,365,74,->,365,75,->,365,76,->,365,77,->,365,78,->,365,79,->,365,80,->,365,81,->,365,82,->,365,83,->,365,84,->,365,85,->,365,86,->,365,87,->,365,88,->,365,89,->,365,90,->,365,91,->,365,92,->,365,93,->,365,94,->,365,95,->,365,96,->,365,97,->,365,98,->,365,99,->,365,100,->,365,101,->,365,102,->,365,103,->,365,104,->,365,105,->,365,106,->,365,107,->,365,108,->,365,109,->,365,110,->,365,111,->,365,112,->,365,113,->,365,114,->,365,115,->,365,116,->,365,117,->,365,118,->,365,141,->,365,142,->,365,143,->,365,144,->,365,145,->,365,146,->,365,147,->,365,148,->,365,149,->,365,150,->,365,151,->,365,152,->,365,153,->,365,154,->,365,155,->,365,156,->,365,157,->,365,158,->,365,159,->,365,160,->,365,161,->,365,162,->,365,163,->,365,164,->,365,165,->,365,166,->,365,167,->,365,168,->,365,169,->,365,170,->,365,171,->,365,173,->,365,174,->,365,175,->,365,176,->,365,177,->,365,179,->,365,180,->,365,181,->,365,183,->,365,184,->,365,188,->,365,190,->,365,191,->,365,192,->,365,193,->,365,194,->,365,195,->,365,196,->,365,197,->,365,198,->,365,199,->,365,200,->,365,201,->,365,202,->,365,203,->,365,204,->,365,205,->,365,206,->,365,207,->,365,208,->,365,209,->,365,210,->,365,211,->,365,212,->,365,213,->,365,214,->,365,215,->,365,216,->,365,217,->,365,218,->,365,219,->,365,220,->,365,221,->,365,222,->,365,223,->,365,224,->,365,225,->,365,226,->,365,227,->,365,228,->,365,229,->,365,230,->,365,231,->,365,232,->,365,233,->,365,234,->,365,235,->,365,236,->,365,237,->,365,238,->,365,239,->,365,240,->,365,241,->,365,242,->,365,243,->,365,244,->,365,245,->,365,246,->,365,247,->,365,248,->,365,249,->,365,250,->,365,251,->,365,252,->,365,253,->,365,254,->,365,255,->,365,256,->,365,257,->,365,258,->,365,259,->,365,260,->,365,261,->,365,262,->,365,263,->,365,264,->,365,265,->,365,266,->,365,267,->,365,268,->,365,269,->,365,270,->,365,271,->,365,272,->,365,273,->,365,274,->,365,275,->,365,276,->,365,277,->,365,278,->,365,279,->,365,280,->,365,281,->,365,282,->,365,283,->,365,284,->,365,285,->,365,286,->,365,287,->,365,288,->,365,289,->,365,290,->,365,291,->,365,292,->,365,293,->,365,294,->,365,295,->,365,296,->,365,297,->,365,298,->,365,299,->,365,300,->,365,301,->,365,302,->,365,303,->,366,0,->,366,1,->,366,2,->,366,3,->,366,4,->,366,5,->,366,6,->,366,7,->,366,8,->,366,9,->,366,10,->,366,11,->,366,12,->,366,13,->,366,14,->,366,15,->,366,16,->,366,17,->,366,18,->,366,19,->,366,20,->,366,21,->,366,22,->,366,23,->,366,24,->,366,25,->,366,26,->,366,27,->,366,28,->,366,29,->,366,30,->,366,31,->,366,32,->,366,33,->,366,34,->,366,35,->,366,36,->,366,37,->,366,38,->,366,39,->,366,40,->,366,41,->,366,42,->,366,43,->,366,44,->,366,45,->,366,46,->,366,47,->,366,48,->,366,49,->,366,50,->,366,51,->,366,52,->,366,53,->,366,54,->,366,55,->,366,56,->,366,57,->,366,58,->,366,59,->,366,60,->,366,61,->,366,62,->,366,63,->,366,64,->,366,65,->,366,66,->,366,67,->,366,68,->,366,69,->,366,70,->,366,71,->,366,72,->,366,73,->,366,74,->,366,75,->,366,76,->,366,77,->,366,78,->,366,79,->,366,80,->,366,81,->,366,82,->,366,83,->,366,84,->,366,85,->,366,86,->,366,87,->,366,88,->,366,89,->,366,90,->,366,91,->,366,92,->,366,93,->,366,94,->,366,95,->,366,96,->,366,97,->,366,98,->,366,99,->,366,100,->,366,101,->,366,102,->,366,103,->,366,104,->,366,105,->,366,106,->,366,107,->,366,108,->,366,109,->,366,110,->,366,111,->,366,112,->,366,113,->,366,114,->,366,115,->,366,116,->,366,117,->,366,118,->,366,141,->,366,142,->,366,143,->,366,144,->,366,145,->,366,146,->,366,147,->,366,148,->,366,149,->,366,150,->,366,151,->,366,152,->,366,153,->,366,154,->,366,155,->,366,156,->,366,157,->,366,158,->,366,159,->,366,160,->,366,161,->,366,162,->,366,163,->,366,164,->,366,165,->,366,166,->,366,169,->,366,171,->,366,172,->,366,174,->,366,175,->,366,177,->,366,178,->,366,180,->,366,182,->,366,183,->,366,184,->,366,186,->,366,187,->,366,189,->,366,190,->,366,191,->,366,192,->,366,193,->,366,194,->,366,195,->,366,196,->,366,197,->,366,198,->,366,199,->,366,200,->,366,201,->,366,202,->,366,203,->,366,204,->,366,205,->,366,206,->,366,207,->,366,208,->,366,209,->,366,210,->,366,211,->,366,212,->,366,213,->,366,214,->,366,215,->,366,216,->,366,217,->,366,218,->,366,219,->,366,220,->,366,221,->,366,222,->,366,223,->,366,224,->,366,225,->,366,226,->,366,227,->,366,228,->,366,229,->,366,230,->,366,231,->,366,232,->,366,233,->,366,234,->,366,235,->,366,236,->,366,237,->,366,238,->,366,239,->,366,240,->,366,241,->,366,242,->,366,243,->,366,244,->,366,245,->,366,246,->,366,247,->,366,248,->,366,249,->,366,250,->,366,251,->,366,252,->,366,253,->,366,254,->,366,255,->,366,256,->,366,257,->,366,258,->,366,259,->,366,260,->,366,261,->,366,262,->,366,263,->,366,264,->,366,265,->,366,266,->,366,267,->,366,268,->,366,269,->,366,270,->,366,271,->,366,272,->,366,273,->,366,274,->,366,275,->,366,276,->,366,277,->,366,278,->,366,279,->,366,280,->,366,281,->,366,282,->,366,283,->,366,284,->,366,285,->,366,286,->,366,287,->,366,288,->,366,289,->,366,290,->,366,291,->,366,292,->,366,293,->,366,294,->,366,295,->,366,296,->,366,297,->,366,298,->,366,299,->,366,300,->,366,301,->,366,302,->,366,303,->,367,0,->,367,1,->,367,2,->,367,3,->,367,4,->,367,5,->,367,6,->,367,7,->,367,8,->,367,9,->,367,10,->,367,11,->,367,12,->,367,13,->,367,14,->,367,15,->,367,16,->,367,17,->,367,18,->,367,19,->,367,20,->,367,21,->,367,22,->,367,23,->,367,24,->,367,25,->,367,26,->,367,27,->,367,28,->,367,29,->,367,30,->,367,31,->,367,32,->,367,33,->,367,34,->,367,35,->,367,36,->,367,37,->,367,38,->,367,39,->,367,40,->,367,41,->,367,42,->,367,43,->,367,44,->,367,45,->,367,46,->,367,47,->,367,48,->,367,49,->,367,50,->,367,51,->,367,52,->,367,53,->,367,54,->,367,55,->,367,56,->,367,57,->,367,58,->,367,59,->,367,60,->,367,61,->,367,62,->,367,63,->,367,64,->,367,65,->,367,66,->,367,67,->,367,68,->,367,69,->,367,70,->,367,71,->,367,72,->,367,73,->,367,74,->,367,75,->,367,76,->,367,77,->,367,78,->,367,79,->,367,80,->,367,81,->,367,82,->,367,83,->,367,84,->,367,85,->,367,86,->,367,87,->,367,88,->,367,89,->,367,90,->,367,91,->,367,92,->,367,93,->,367,94,->,367,95,->,367,96,->,367,97,->,367,98,->,367,99,->,367,100,->,367,101,->,367,102,->,367,103,->,367,104,->,367,105,->,367,106,->,367,107,->,367,108,->,367,109,->,367,110,->,367,111,->,367,112,->,367,113,->,367,114,->,367,115,->,367,116,->,367,117,->,367,118,->,367,119,->,367,142,->,367,143,->,367,144,->,367,145,->,367,146,->,367,147,->,367,148,->,367,149,->,367,150,->,367,151,->,367,152,->,367,153,->,367,154,->,367,155,->,367,156,->,367,157,->,367,158,->,367,159,->,367,160,->,367,161,->,367,162,->,367,163,->,367,164,->,367,165,->,367,166,->,367,170,->,367,171,->,367,175,->,367,176,->,367,178,->,367,180,->,367,181,->,367,184,->,367,185,->,367,188,->,367,189,->,367,190,->,367,191,->,367,192,->,367,193,->,367,194,->,367,195,->,367,196,->,367,197,->,367,198,->,367,199,->,367,200,->,367,201,->,367,202,->,367,203,->,367,204,->,367,205,->,367,206,->,367,207,->,367,208,->,367,209,->,367,210,->,367,211,->,367,212,->,367,213,->,367,214,->,367,215,->,367,216,->,367,217,->,367,218,->,367,219,->,367,220,->,367,221,->,367,222,->,367,223,->,367,224,->,367,225,->,367,226,->,367,227,->,367,228,->,367,229,->,367,230,->,367,231,->,367,232,->,367,233,->,367,234,->,367,235,->,367,236,->,367,237,->,367,238,->,367,239,->,367,240,->,367,241,->,367,242,->,367,243,->,367,244,->,367,245,->,367,246,->,367,247,->,367,248,->,367,249,->,367,250,->,367,251,->,367,252,->,367,253,->,367,254,->,367,255,->,367,256,->,367,257,->,367,258,->,367,259,->,367,260,->,367,261,->,367,262,->,367,263,->,367,264,->,367,265,->,367,266,->,367,267,->,367,268,->,367,269,->,367,270,->,367,271,->,367,272,->,367,273,->,367,274,->,367,275,->,367,276,->,367,277,->,367,278,->,367,279,->,367,280,->,367,281,->,367,282,->,367,283,->,367,284,->,367,285,->,367,286,->,367,287,->,367,288,->,367,289,->,367,290,->,367,291,->,367,292,->,367,293,->,367,294,->,367,295,->,367,296,->,367,297,->,367,298,->,367,299,->,367,300,->,367,301,->,367,302,->,367,303,->,368,0,->,368,1,->,368,2,->,368,3,->,368,4,->,368,5,->,368,6,->,368,7,->,368,8,->,368,9,->,368,10,->,368,11,->,368,12,->,368,13,->,368,14,->,368,15,->,368,16,->,368,17,->,368,18,->,368,19,->,368,20,->,368,21,->,368,22,->,368,23,->,368,24,->,368,25,->,368,26,->,368,27,->,368,28,->,368,29,->,368,30,->,368,31,->,368,32,->,368,33,->,368,34,->,368,35,->,368,36,->,368,37,->,368,38,->,368,39,->,368,40,->,368,41,->,368,42,->,368,43,->,368,44,->,368,45,->,368,46,->,368,47,->,368,48,->,368,49,->,368,50,->,368,51,->,368,52,->,368,53,->,368,54,->,368,55,->,368,56,->,368,57,->,368,58,->,368,59,->,368,60,->,368,61,->,368,62,->,368,63,->,368,64,->,368,65,->,368,66,->,368,67,->,368,68,->,368,69,->,368,70,->,368,71,->,368,72,->,368,73,->,368,74,->,368,75,->,368,76,->,368,77,->,368,78,->,368,79,->,368,80,->,368,81,->,368,82,->,368,83,->,368,84,->,368,85,->,368,86,->,368,87,->,368,88,->,368,89,->,368,90,->,368,91,->,368,92,->,368,93,->,368,94,->,368,95,->,368,96,->,368,97,->,368,98,->,368,99,->,368,100,->,368,101,->,368,102,->,368,103,->,368,104,->,368,105,->,368,106,->,368,107,->,368,108,->,368,109,->,368,110,->,368,111,->,368,112,->,368,113,->,368,114,->,368,115,->,368,116,->,368,117,->,368,118,->,368,142,->,368,143,->,368,144,->,368,145,->,368,146,->,368,147,->,368,148,->,368,149,->,368,150,->,368,151,->,368,152,->,368,153,->,368,154,->,368,155,->,368,156,->,368,157,->,368,158,->,368,159,->,368,160,->,368,161,->,368,162,->,368,163,->,368,164,->,368,165,->,368,166,->,368,167,->,368,168,->,368,169,->,368,170,->,368,171,->,368,172,->,368,173,->,368,175,->,368,176,->,368,179,->,368,181,->,368,183,->,368,184,->,368,185,->,368,186,->,368,188,->,368,189,->,368,190,->,368,191,->,368,192,->,368,193,->,368,194,->,368,195,->,368,196,->,368,197,->,368,198,->,368,199,->,368,200,->,368,201,->,368,202,->,368,203,->,368,204,->,368,205,->,368,206,->,368,207,->,368,208,->,368,209,->,368,210,->,368,211,->,368,212,->,368,213,->,368,214,->,368,215,->,368,216,->,368,217,->,368,218,->,368,219,->,368,220,->,368,221,->,368,222,->,368,223,->,368,224,->,368,225,->,368,226,->,368,227,->,368,228,->,368,229,->,368,230,->,368,231,->,368,232,->,368,233,->,368,234,->,368,235,->,368,236,->,368,237,->,368,238,->,368,239,->,368,240,->,368,241,->,368,242,->,368,243,->,368,244,->,368,245,->,368,246,->,368,247,->,368,248,->,368,249,->,368,250,->,368,251,->,368,252,->,368,253,->,368,254,->,368,255,->,368,256,->,368,257,->,368,258,->,368,259,->,368,260,->,368,261,->,368,262,->,368,263,->,368,264,->,368,265,->,368,266,->,368,267,->,368,268,->,368,269,->,368,270,->,368,271,->,368,272,->,368,273,->,368,274,->,368,275,->,368,276,->,368,277,->,368,278,->,368,279,->,368,280,->,368,281,->,368,282,->,368,283,->,368,284,->,368,285,->,368,286,->,368,287,->,368,288,->,368,289,->,368,290,->,368,291,->,368,292,->,368,293,->,368,294,->,368,295,->,368,296,->,368,297,->,368,298,->,368,299,->,368,300,->,368,301,->,368,302,->,368,303,->,369,0,->,369,1,->,369,2,->,369,3,->,369,4,->,369,5,->,369,6,->,369,7,->,369,8,->,369,9,->,369,10,->,369,11,->,369,12,->,369,13,->,369,14,->,369,15,->,369,16,->,369,17,->,369,18,->,369,19,->,369,20,->,369,21,->,369,22,->,369,23,->,369,24,->,369,25,->,369,26,->,369,27,->,369,28,->,369,29,->,369,30,->,369,31,->,369,32,->,369,33,->,369,34,->,369,35,->,369,36,->,369,37,->,369,38,->,369,39,->,369,40,->,369,41,->,369,42,->,369,43,->,369,44,->,369,45,->,369,46,->,369,47,->,369,48,->,369,49,->,369,50,->,369,51,->,369,52,->,369,53,->,369,54,->,369,55,->,369,56,->,369,57,->,369,58,->,369,59,->,369,60,->,369,61,->,369,62,->,369,63,->,369,64,->,369,65,->,369,66,->,369,67,->,369,68,->,369,69,->,369,70,->,369,71,->,369,72,->,369,73,->,369,74,->,369,75,->,369,76,->,369,77,->,369,78,->,369,79,->,369,80,->,369,81,->,369,82,->,369,83,->,369,84,->,369,85,->,369,86,->,369,87,->,369,88,->,369,89,->,369,90,->,369,91,->,369,92,->,369,93,->,369,94,->,369,95,->,369,96,->,369,97,->,369,98,->,369,99,->,369,100,->,369,101,->,369,102,->,369,103,->,369,104,->,369,105,->,369,106,->,369,107,->,369,108,->,369,109,->,369,110,->,369,111,->,369,112,->,369,113,->,369,114,->,369,115,->,369,116,->,369,117,->,369,118,->,369,143,->,369,144,->,369,145,->,369,146,->,369,147,->,369,148,->,369,149,->,369,150,->,369,151,->,369,152,->,369,153,->,369,154,->,369,155,->,369,156,->,369,157,->,369,158,->,369,159,->,369,160,->,369,161,->,369,162,->,369,163,->,369,164,->,369,165,->,369,166,->,369,168,->,369,169,->,369,170,->,369,172,->,369,173,->,369,174,->,369,175,->,369,176,->,369,178,->,369,179,->,369,180,->,369,181,->,369,182,->,369,183,->,369,185,->,369,188,->,369,189,->,369,190,->,369,191,->,369,192,->,369,193,->,369,194,->,369,195,->,369,196,->,369,197,->,369,198,->,369,199,->,369,200,->,369,201,->,369,202,->,369,203,->,369,204,->,369,205,->,369,206,->,369,207,->,369,208,->,369,209,->,369,210,->,369,211,->,369,212,->,369,213,->,369,214,->,369,215,->,369,216,->,369,217,->,369,218,->,369,219,->,369,220,->,369,221,->,369,222,->,369,223,->,369,224,->,369,225,->,369,226,->,369,227,->,369,228,->,369,229,->,369,230,->,369,231,->,369,232,->,369,233,->,369,234,->,369,235,->,369,236,->,369,237,->,369,238,->,369,239,->,369,240,->,369,241,->,369,242,->,369,243,->,369,244,->,369,245,->,369,246,->,369,247,->,369,248,->,369,249,->,369,250,->,369,251,->,369,252,->,369,253,->,369,254,->,369,255,->,369,256,->,369,257,->,369,258,->,369,259,->,369,260,->,369,261,->,369,262,->,369,263,->,369,264,->,369,265,->,369,266,->,369,267,->,369,268,->,369,269,->,369,270,->,369,271,->,369,272,->,369,273,->,369,274,->,369,275,->,369,276,->,369,277,->,369,278,->,369,279,->,369,280,->,369,281,->,369,282,->,369,283,->,369,284,->,369,285,->,369,286,->,369,287,->,369,288,->,369,289,->,369,290,->,369,291,->,369,292,->,369,293,->,369,294,->,369,295,->,369,296,->,369,297,->,369,298,->,369,299,->,369,300,->,369,301,->,369,302,->,369,303,->,370,0,->,370,1,->,370,2,->,370,3,->,370,4,->,370,5,->,370,6,->,370,7,->,370,8,->,370,9,->,370,10,->,370,11,->,370,12,->,370,13,->,370,14,->,370,15,->,370,16,->,370,17,->,370,18,->,370,19,->,370,20,->,370,21,->,370,22,->,370,23,->,370,24,->,370,25,->,370,26,->,370,27,->,370,28,->,370,29,->,370,30,->,370,31,->,370,32,->,370,33,->,370,34,->,370,35,->,370,36,->,370,37,->,370,38,->,370,39,->,370,40,->,370,41,->,370,42,->,370,43,->,370,44,->,370,45,->,370,46,->,370,47,->,370,48,->,370,49,->,370,50,->,370,51,->,370,52,->,370,53,->,370,54,->,370,55,->,370,56,->,370,57,->,370,58,->,370,59,->,370,60,->,370,61,->,370,62,->,370,63,->,370,64,->,370,65,->,370,66,->,370,67,->,370,68,->,370,69,->,370,70,->,370,71,->,370,72,->,370,73,->,370,74,->,370,75,->,370,76,->,370,77,->,370,78,->,370,79,->,370,80,->,370,81,->,370,82,->,370,83,->,370,84,->,370,85,->,370,86,->,370,87,->,370,88,->,370,89,->,370,90,->,370,91,->,370,92,->,370,93,->,370,94,->,370,95,->,370,96,->,370,97,->,370,98,->,370,99,->,370,100,->,370,101,->,370,102,->,370,103,->,370,104,->,370,105,->,370,106,->,370,107,->,370,108,->,370,109,->,370,110,->,370,111,->,370,112,->,370,113,->,370,114,->,370,115,->,370,116,->,370,117,->,370,118,->,370,141,->,370,142,->,370,143,->,370,144,->,370,145,->,370,146,->,370,147,->,370,148,->,370,149,->,370,150,->,370,151,->,370,152,->,370,153,->,370,154,->,370,155,->,370,156,->,370,157,->,370,158,->,370,159,->,370,160,->,370,161,->,370,162,->,370,163,->,370,164,->,370,165,->,370,166,->,370,167,->,370,168,->,370,169,->,370,171,->,370,172,->,370,173,->,370,178,->,370,180,->,370,181,->,370,182,->,370,183,->,370,184,->,370,185,->,370,186,->,370,187,->,370,190,->,370,191,->,370,192,->,370,193,->,370,194,->,370,195,->,370,196,->,370,197,->,370,198,->,370,199,->,370,200,->,370,201,->,370,202,->,370,203,->,370,204,->,370,205,->,370,206,->,370,207,->,370,208,->,370,209,->,370,210,->,370,211,->,370,212,->,370,213,->,370,214,->,370,215,->,370,216,->,370,217,->,370,218,->,370,219,->,370,220,->,370,221,->,370,222,->,370,223,->,370,224,->,370,225,->,370,226,->,370,227,->,370,228,->,370,229,->,370,230,->,370,231,->,370,232,->,370,233,->,370,234,->,370,235,->,370,236,->,370,237,->,370,238,->,370,239,->,370,240,->,370,241,->,370,242,->,370,243,->,370,244,->,370,245,->,370,246,->,370,247,->,370,248,->,370,249,->,370,250,->,370,251,->,370,252,->,370,253,->,370,254,->,370,255,->,370,256,->,370,257,->,370,258,->,370,259,->,370,260,->,370,261,->,370,262,->,370,263,->,370,264,->,370,265,->,370,266,->,370,267,->,370,268,->,370,269,->,370,270,->,370,271,->,370,272,->,370,273,->,370,274,->,370,275,->,370,276,->,370,277,->,370,278,->,370,279,->,370,280,->,370,281,->,370,282,->,370,283,->,370,284,->,370,285,->,370,286,->,370,287,->,370,288,->,370,289,->,370,290,->,370,291,->,370,292,->,370,293,->,370,294,->,370,295,->,370,296,->,370,297,->,370,298,->,370,299,->,370,300,->,370,301,->,370,302,->,370,303,->,371,0,->,371,1,->,371,2,->,371,3,->,371,4,->,371,5,->,371,6,->,371,7,->,371,8,->,371,9,->,371,10,->,371,11,->,371,12,->,371,13,->,371,14,->,371,15,->,371,16,->,371,17,->,371,18,->,371,19,->,371,20,->,371,21,->,371,22,->,371,23,->,371,24,->,371,25,->,371,26,->,371,27,->,371,28,->,371,29,->,371,30,->,371,31,->,371,32,->,371,33,->,371,34,->,371,35,->,371,36,->,371,37,->,371,38,->,371,39,->,371,40,->,371,41,->,371,42,->,371,43,->,371,44,->,371,45,->,371,46,->,371,47,->,371,48,->,371,49,->,371,50,->,371,51,->,371,52,->,371,53,->,371,54,->,371,55,->,371,56,->,371,57,->,371,58,->,371,59,->,371,60,->,371,61,->,371,62,->,371,63,->,371,64,->,371,65,->,371,66,->,371,67,->,371,68,->,371,69,->,371,70,->,371,71,->,371,72,->,371,73,->,371,74,->,371,75,->,371,76,->,371,77,->,371,78,->,371,79,->,371,80,->,371,81,->,371,82,->,371,83,->,371,84,->,371,85,->,371,86,->,371,87,->,371,88,->,371,89,->,371,90,->,371,91,->,371,92,->,371,93,->,371,94,->,371,95,->,371,96,->,371,97,->,371,98,->,371,99,->,371,100,->,371,101,->,371,102,->,371,103,->,371,104,->,371,105,->,371,106,->,371,107,->,371,108,->,371,109,->,371,110,->,371,111,->,371,112,->,371,113,->,371,114,->,371,115,->,371,116,->,371,117,->,371,118,->,371,129,->,371,136,->,371,137,->,371,138,->,371,141,->,371,142,->,371,143,->,371,144,->,371,145,->,371,146,->,371,147,->,371,148,->,371,149,->,371,150,->,371,151,->,371,152,->,371,153,->,371,154,->,371,155,->,371,156,->,371,157,->,371,158,->,371,159,->,371,160,->,371,161,->,371,162,->,371,163,->,371,164,->,371,165,->,371,166,->,371,167,->,371,168,->,371,169,->,371,170,->,371,171,->,371,172,->,371,176,->,371,177,->,371,181,->,371,182,->,371,183,->,371,184,->,371,185,->,371,186,->,371,189,->,371,190,->,371,191,->,371,192,->,371,193,->,371,194,->,371,195,->,371,196,->,371,197,->,371,198,->,371,199,->,371,200,->,371,201,->,371,202,->,371,203,->,371,204,->,371,205,->,371,206,->,371,207,->,371,208,->,371,209,->,371,210,->,371,211,->,371,212,->,371,213,->,371,214,->,371,215,->,371,216,->,371,217,->,371,218,->,371,219,->,371,220,->,371,221,->,371,222,->,371,223,->,371,224,->,371,225,->,371,226,->,371,227,->,371,228,->,371,229,->,371,230,->,371,231,->,371,232,->,371,233,->,371,234,->,371,235,->,371,236,->,371,237,->,371,238,->,371,239,->,371,240,->,371,241,->,371,242,->,371,243,->,371,244,->,371,245,->,371,246,->,371,247,->,371,248,->,371,249,->,371,250,->,371,251,->,371,252,->,371,253,->,371,254,->,371,255,->,371,256,->,371,257,->,371,258,->,371,259,->,371,260,->,371,261,->,371,262,->,371,263,->,371,264,->,371,265,->,371,266,->,371,267,->,371,268,->,371,269,->,371,270,->,371,271,->,371,272,->,371,273,->,371,274,->,371,275,->,371,276,->,371,277,->,371,278,->,371,279,->,371,280,->,371,281,->,371,282,->,371,283,->,371,284,->,371,285,->,371,286,->,371,287,->,371,288,->,371,289,->,371,290,->,371,291,->,371,292,->,371,293,->,371,294,->,371,295,->,371,296,->,371,297,->,371,298,->,371,299,->,371,300,->,371,301,->,371,302,->,371,303,->,372,0,->,372,1,->,372,2,->,372,3,->,372,4,->,372,5,->,372,6,->,372,7,->,372,8,->,372,9,->,372,10,->,372,11,->,372,12,->,372,13,->,372,14,->,372,15,->,372,16,->,372,17,->,372,18,->,372,19,->,372,20,->,372,21,->,372,22,->,372,23,->,372,24,->,372,25,->,372,26,->,372,27,->,372,28,->,372,29,->,372,30,->,372,31,->,372,32,->,372,33,->,372,34,->,372,35,->,372,36,->,372,37,->,372,38,->,372,39,->,372,40,->,372,41,->,372,42,->,372,43,->,372,44,->,372,45,->,372,46,->,372,47,->,372,48,->,372,49,->,372,50,->,372,51,->,372,52,->,372,53,->,372,54,->,372,55,->,372,56,->,372,57,->,372,58,->,372,59,->,372,60,->,372,61,->,372,62,->,372,63,->,372,64,->,372,65,->,372,66,->,372,67,->,372,68,->,372,69,->,372,70,->,372,71,->,372,72,->,372,73,->,372,74,->,372,75,->,372,76,->,372,77,->,372,78,->,372,79,->,372,80,->,372,81,->,372,82,->,372,83,->,372,84,->,372,85,->,372,86,->,372,87,->,372,88,->,372,89,->,372,90,->,372,91,->,372,92,->,372,93,->,372,94,->,372,95,->,372,96,->,372,97,->,372,98,->,372,99,->,372,100,->,372,101,->,372,102,->,372,103,->,372,104,->,372,105,->,372,106,->,372,107,->,372,108,->,372,109,->,372,110,->,372,111,->,372,112,->,372,113,->,372,114,->,372,115,->,372,116,->,372,117,->,372,118,->,372,128,->,372,129,->,372,136,->,372,137,->,372,138,->,372,139,->,372,140,->,372,141,->,372,142,->,372,143,->,372,144,->,372,145,->,372,146,->,372,147,->,372,148,->,372,149,->,372,150,->,372,151,->,372,152,->,372,153,->,372,154,->,372,155,->,372,156,->,372,157,->,372,158,->,372,159,->,372,160,->,372,161,->,372,162,->,372,163,->,372,164,->,372,165,->,372,166,->,372,167,->,372,168,->,372,169,->,372,170,->,372,171,->,372,175,->,372,179,->,372,180,->,372,185,->,372,186,->,372,189,->,372,190,->,372,191,->,372,192,->,372,193,->,372,194,->,372,195,->,372,196,->,372,197,->,372,198,->,372,199,->,372,200,->,372,201,->,372,202,->,372,203,->,372,204,->,372,205,->,372,206,->,372,207,->,372,208,->,372,209,->,372,210,->,372,211,->,372,212,->,372,213,->,372,214,->,372,215,->,372,216,->,372,217,->,372,218,->,372,219,->,372,220,->,372,221,->,372,222,->,372,223,->,372,224,->,372,225,->,372,226,->,372,227,->,372,228,->,372,229,->,372,230,->,372,231,->,372,232,->,372,233,->,372,234,->,372,235,->,372,236,->,372,237,->,372,238,->,372,239,->,372,240,->,372,241,->,372,242,->,372,243,->,372,244,->,372,245,->,372,246,->,372,247,->,372,248,->,372,249,->,372,250,->,372,251,->,372,252,->,372,253,->,372,254,->,372,255,->,372,256,->,372,257,->,372,258,->,372,259,->,372,260,->,372,261,->,372,262,->,372,263,->,372,264,->,372,265,->,372,266,->,372,267,->,372,268,->,372,269,->,372,270,->,372,271,->,372,272,->,372,273,->,372,274,->,372,275,->,372,276,->,372,277,->,372,278,->,372,279,->,372,280,->,372,281,->,372,282,->,372,283,->,372,284,->,372,285,->,372,286,->,372,287,->,372,288,->,372,289,->,372,290,->,372,291,->,372,292,->,372,293,->,372,294,->,372,295,->,372,296,->,372,297,->,372,298,->,372,299,->,372,300,->,372,301,->,372,302,->,372,303,->,373,0,->,373,1,->,373,2,->,373,3,->,373,4,->,373,5,->,373,6,->,373,7,->,373,8,->,373,9,->,373,10,->,373,11,->,373,12,->,373,13,->,373,14,->,373,15,->,373,16,->,373,17,->,373,18,->,373,19,->,373,20,->,373,21,->,373,22,->,373,23,->,373,24,->,373,25,->,373,26,->,373,27,->,373,28,->,373,29,->,373,30,->,373,31,->,373,32,->,373,33,->,373,34,->,373,35,->,373,36,->,373,37,->,373,38,->,373,39,->,373,40,->,373,41,->,373,42,->,373,43,->,373,44,->,373,45,->,373,46,->,373,47,->,373,48,->,373,49,->,373,50,->,373,51,->,373,52,->,373,53,->,373,54,->,373,55,->,373,56,->,373,57,->,373,58,->,373,59,->,373,60,->,373,61,->,373,62,->,373,63,->,373,64,->,373,65,->,373,66,->,373,67,->,373,68,->,373,69,->,373,70,->,373,71,->,373,72,->,373,73,->,373,74,->,373,75,->,373,76,->,373,77,->,373,78,->,373,79,->,373,80,->,373,81,->,373,82,->,373,83,->,373,84,->,373,85,->,373,86,->,373,87,->,373,88,->,373,89,->,373,90,->,373,91,->,373,92,->,373,93,->,373,94,->,373,95,->,373,96,->,373,97,->,373,98,->,373,99,->,373,100,->,373,101,->,373,102,->,373,103,->,373,104,->,373,105,->,373,106,->,373,107,->,373,108,->,373,109,->,373,110,->,373,111,->,373,112,->,373,113,->,373,114,->,373,115,->,373,116,->,373,117,->,373,118,->,373,127,->,373,128,->,373,129,->,373,130,->,373,131,->,373,132,->,373,133,->,373,136,->,373,137,->,373,138,->,373,139,->,373,142,->,373,143,->,373,144,->,373,145,->,373,146,->,373,147,->,373,148,->,373,149,->,373,150,->,373,151,->,373,152,->,373,153,->,373,154,->,373,155,->,373,156,->,373,157,->,373,158,->,373,159,->,373,160,->,373,161,->,373,162,->,373,163,->,373,164,->,373,165,->,373,166,->,373,167,->,373,168,->,373,169,->,373,170,->,373,171,->,373,172,->,373,173,->,373,174,->,373,175,->,373,176,->,373,177,->,373,179,->,373,180,->,373,181,->,373,182,->,373,183,->,373,184,->,373,185,->,373,186,->,373,188,->,373,190,->,373,191,->,373,192,->,373,193,->,373,194,->,373,195,->,373,196,->,373,197,->,373,198,->,373,199,->,373,200,->,373,201,->,373,202,->,373,203,->,373,204,->,373,205,->,373,206,->,373,207,->,373,208,->,373,209,->,373,210,->,373,211,->,373,212,->,373,213,->,373,214,->,373,215,->,373,216,->,373,217,->,373,218,->,373,219,->,373,220,->,373,221,->,373,222,->,373,223,->,373,224,->,373,225,->,373,226,->,373,227,->,373,228,->,373,229,->,373,230,->,373,231,->,373,232,->,373,233,->,373,234,->,373,235,->,373,236,->,373,237,->,373,238,->,373,239,->,373,240,->,373,241,->,373,242,->,373,243,->,373,244,->,373,245,->,373,246,->,373,247,->,373,248,->,373,249,->,373,250,->,373,251,->,373,252,->,373,253,->,373,254,->,373,255,->,373,256,->,373,257,->,373,258,->,373,259,->,373,260,->,373,261,->,373,262,->,373,263,->,373,264,->,373,265,->,373,266,->,373,267,->,373,268,->,373,269,->,373,270,->,373,271,->,373,272,->,373,273,->,373,274,->,373,275,->,373,276,->,373,277,->,373,278,->,373,279,->,373,280,->,373,281,->,373,282,->,373,283,->,373,284,->,373,285,->,373,286,->,373,287,->,373,288,->,373,289,->,373,290,->,373,291,->,373,292,->,373,293,->,373,294,->,373,295,->,373,296,->,373,297,->,373,298,->,373,299,->,373,300,->,373,301,->,373,302,->,373,303,->,374,0,->,374,1,->,374,2,->,374,3,->,374,4,->,374,5,->,374,6,->,374,7,->,374,8,->,374,9,->,374,10,->,374,11,->,374,12,->,374,13,->,374,14,->,374,15,->,374,16,->,374,17,->,374,18,->,374,19,->,374,20,->,374,21,->,374,22,->,374,23,->,374,24,->,374,25,->,374,26,->,374,27,->,374,28,->,374,29,->,374,30,->,374,31,->,374,32,->,374,33,->,374,34,->,374,35,->,374,36,->,374,37,->,374,38,->,374,39,->,374,40,->,374,41,->,374,42,->,374,43,->,374,44,->,374,45,->,374,46,->,374,47,->,374,48,->,374,49,->,374,50,->,374,51,->,374,52,->,374,53,->,374,54,->,374,55,->,374,56,->,374,57,->,374,58,->,374,59,->,374,60,->,374,61,->,374,62,->,374,63,->,374,64,->,374,65,->,374,66,->,374,67,->,374,68,->,374,69,->,374,70,->,374,71,->,374,72,->,374,73,->,374,74,->,374,75,->,374,76,->,374,77,->,374,78,->,374,79,->,374,80,->,374,81,->,374,82,->,374,83,->,374,84,->,374,85,->,374,86,->,374,87,->,374,88,->,374,89,->,374,90,->,374,91,->,374,92,->,374,93,->,374,94,->,374,95,->,374,96,->,374,97,->,374,98,->,374,99,->,374,100,->,374,101,->,374,102,->,374,103,->,374,104,->,374,105,->,374,106,->,374,107,->,374,108,->,374,109,->,374,110,->,374,111,->,374,112,->,374,113,->,374,114,->,374,115,->,374,116,->,374,117,->,374,118,->,374,127,->,374,128,->,374,129,->,374,130,->,374,131,->,374,132,->,374,133,->,374,134,->,374,135,->,374,136,->,374,137,->,374,138,->,374,139,->,374,140,->,374,141,->,374,142,->,374,143,->,374,144,->,374,145,->,374,146,->,374,147,->,374,148,->,374,150,->,374,151,->,374,152,->,374,153,->,374,154,->,374,155,->,374,156,->,374,157,->,374,158,->,374,159,->,374,160,->,374,161,->,374,162,->,374,163,->,374,164,->,374,165,->,374,167,->,374,168,->,374,169,->,374,170,->,374,171,->,374,175,->,374,177,->,374,178,->,374,179,->,374,180,->,374,181,->,374,182,->,374,184,->,374,186,->,374,190,->,374,191,->,374,192,->,374,193,->,374,194,->,374,195,->,374,196,->,374,197,->,374,198,->,374,199,->,374,200,->,374,201,->,374,202,->,374,203,->,374,204,->,374,205,->,374,206,->,374,207,->,374,208,->,374,209,->,374,210,->,374,211,->,374,212,->,374,213,->,374,214,->,374,215,->,374,216,->,374,217,->,374,218,->,374,219,->,374,220,->,374,221,->,374,222,->,374,223,->,374,224,->,374,225,->,374,226,->,374,227,->,374,228,->,374,229,->,374,230,->,374,231,->,374,232,->,374,233,->,374,234,->,374,235,->,374,236,->,374,237,->,374,238,->,374,239,->,374,240,->,374,241,->,374,242,->,374,243,->,374,244,->,374,245,->,374,246,->,374,247,->,374,248,->,374,249,->,374,250,->,374,251,->,374,252,->,374,253,->,374,254,->,374,255,->,374,256,->,374,257,->,374,258,->,374,259,->,374,260,->,374,261,->,374,262,->,374,263,->,374,264,->,374,265,->,374,266,->,374,267,->,374,268,->,374,269,->,374,270,->,374,271,->,374,272,->,374,273,->,374,274,->,374,275,->,374,276,->,374,277,->,374,278,->,374,279,->,374,280,->,374,281,->,374,282,->,374,283,->,374,284,->,374,285,->,374,286,->,374,287,->,374,288,->,374,289,->,374,290,->,374,291,->,374,292,->,374,293,->,374,294,->,374,295,->,374,296,->,374,297,->,374,298,->,374,299,->,374,300,->,374,301,->,374,302,->,374,303,->,375,0,->,375,1,->,375,2,->,375,3,->,375,4,->,375,5,->,375,6,->,375,7,->,375,8,->,375,9,->,375,10,->,375,11,->,375,12,->,375,13,->,375,14,->,375,15,->,375,16,->,375,17,->,375,18,->,375,19,->,375,20,->,375,21,->,375,22,->,375,23,->,375,24,->,375,25,->,375,26,->,375,27,->,375,28,->,375,29,->,375,30,->,375,31,->,375,32,->,375,33,->,375,34,->,375,35,->,375,36,->,375,37,->,375,38,->,375,39,->,375,40,->,375,41,->,375,42,->,375,43,->,375,44,->,375,45,->,375,46,->,375,47,->,375,48,->,375,49,->,375,50,->,375,51,->,375,52,->,375,53,->,375,54,->,375,55,->,375,56,->,375,57,->,375,58,->,375,59,->,375,60,->,375,61,->,375,62,->,375,63,->,375,64,->,375,65,->,375,66,->,375,67,->,375,68,->,375,69,->,375,70,->,375,71,->,375,72,->,375,73,->,375,74,->,375,75,->,375,76,->,375,77,->,375,78,->,375,79,->,375,80,->,375,81,->,375,82,->,375,83,->,375,84,->,375,85,->,375,86,->,375,87,->,375,88,->,375,89,->,375,90,->,375,91,->,375,92,->,375,93,->,375,94,->,375,95,->,375,96,->,375,97,->,375,98,->,375,99,->,375,100,->,375,101,->,375,102,->,375,103,->,375,104,->,375,105,->,375,106,->,375,107,->,375,108,->,375,109,->,375,110,->,375,111,->,375,112,->,375,113,->,375,114,->,375,115,->,375,116,->,375,117,->,375,126,->,375,127,->,375,128,->,375,129,->,375,130,->,375,131,->,375,132,->,375,133,->,375,134,->,375,135,->,375,136,->,375,137,->,375,138,->,375,139,->,375,140,->,375,141,->,375,142,->,375,144,->,375,145,->,375,146,->,375,147,->,375,148,->,375,151,->,375,152,->,375,153,->,375,154,->,375,155,->,375,156,->,375,157,->,375,158,->,375,159,->,375,160,->,375,161,->,375,162,->,375,163,->,375,164,->,375,165,->,375,166,->,375,169,->,375,170,->,375,171,->,375,172,->,375,173,->,375,175,->,375,179,->,375,180,->,375,181,->,375,182,->,375,183,->,375,184,->,375,185,->,375,186,->,375,187,->,375,188,->,375,190,->,375,191,->,375,192,->,375,193,->,375,194,->,375,195,->,375,196,->,375,197,->,375,198,->,375,199,->,375,200,->,375,201,->,375,202,->,375,203,->,375,204,->,375,205,->,375,206,->,375,207,->,375,208,->,375,209,->,375,210,->,375,211,->,375,212,->,375,213,->,375,214,->,375,215,->,375,216,->,375,217,->,375,218,->,375,219,->,375,220,->,375,221,->,375,222,->,375,223,->,375,224,->,375,225,->,375,226,->,375,227,->,375,228,->,375,229,->,375,230,->,375,231,->,375,232,->,375,233,->,375,234,->,375,235,->,375,236,->,375,237,->,375,238,->,375,239,->,375,240,->,375,241,->,375,242,->,375,243,->,375,244,->,375,245,->,375,246,->,375,247,->,375,248,->,375,249,->,375,250,->,375,251,->,375,252,->,375,253,->,375,254,->,375,255,->,375,256,->,375,257,->,375,258,->,375,259,->,375,260,->,375,261,->,375,262,->,375,263,->,375,264,->,375,265,->,375,266,->,375,267,->,375,268,->,375,269,->,375,270,->,375,271,->,375,272,->,375,273,->,375,274,->,375,275,->,375,276,->,375,277,->,375,278,->,375,279,->,375,280,->,375,281,->,375,282,->,375,283,->,375,284,->,375,285,->,375,286,->,375,287,->,375,288,->,375,289,->,375,290,->,375,291,->,375,292,->,375,293,->,375,294,->,375,295,->,375,296,->,375,297,->,375,298,->,375,299,->,375,300,->,375,301,->,375,302,->,375,303,->,376,0,->,376,1,->,376,2,->,376,3,->,376,4,->,376,5,->,376,6,->,376,7,->,376,8,->,376,9,->,376,10,->,376,11,->,376,12,->,376,13,->,376,14,->,376,15,->,376,16,->,376,17,->,376,18,->,376,19,->,376,20,->,376,21,->,376,22,->,376,23,->,376,24,->,376,25,->,376,26,->,376,27,->,376,28,->,376,29,->,376,30,->,376,31,->,376,32,->,376,33,->,376,34,->,376,35,->,376,36,->,376,37,->,376,38,->,376,39,->,376,40,->,376,41,->,376,42,->,376,43,->,376,44,->,376,45,->,376,46,->,376,47,->,376,48,->,376,49,->,376,50,->,376,51,->,376,52,->,376,53,->,376,54,->,376,55,->,376,56,->,376,57,->,376,58,->,376,59,->,376,60,->,376,61,->,376,62,->,376,63,->,376,64,->,376,65,->,376,66,->,376,67,->,376,68,->,376,69,->,376,70,->,376,71,->,376,72,->,376,73,->,376,74,->,376,75,->,376,76,->,376,77,->,376,78,->,376,79,->,376,80,->,376,81,->,376,82,->,376,83,->,376,84,->,376,85,->,376,86,->,376,87,->,376,88,->,376,89,->,376,90,->,376,91,->,376,92,->,376,93,->,376,94,->,376,95,->,376,96,->,376,97,->,376,98,->,376,99,->,376,100,->,376,101,->,376,102,->,376,103,->,376,104,->,376,105,->,376,106,->,376,107,->,376,108,->,376,109,->,376,110,->,376,111,->,376,112,->,376,113,->,376,114,->,376,115,->,376,116,->,376,117,->,376,118,->,376,126,->,376,127,->,376,128,->,376,129,->,376,130,->,376,131,->,376,132,->,376,133,->,376,134,->,376,135,->,376,136,->,376,137,->,376,138,->,376,139,->,376,140,->,376,141,->,376,143,->,376,144,->,376,145,->,376,146,->,376,147,->,376,148,->,376,149,->,376,150,->,376,151,->,376,152,->,376,153,->,376,154,->,376,155,->,376,156,->,376,157,->,376,158,->,376,159,->,376,160,->,376,161,->,376,162,->,376,163,->,376,164,->,376,165,->,376,166,->,376,167,->,376,169,->,376,170,->,376,171,->,376,172,->,376,173,->,376,174,->,376,175,->,376,177,->,376,178,->,376,179,->,376,180,->,376,184,->,376,185,->,376,186,->,376,187,->,376,188,->,376,190,->,376,191,->,376,192,->,376,193,->,376,194,->,376,195,->,376,196,->,376,197,->,376,198,->,376,199,->,376,200,->,376,201,->,376,202,->,376,203,->,376,204,->,376,205,->,376,206,->,376,207,->,376,208,->,376,209,->,376,210,->,376,211,->,376,212,->,376,213,->,376,214,->,376,215,->,376,216,->,376,217,->,376,218,->,376,219,->,376,220,->,376,221,->,376,222,->,376,223,->,376,224,->,376,225,->,376,226,->,376,227,->,376,228,->,376,229,->,376,230,->,376,231,->,376,232,->,376,233,->,376,234,->,376,235,->,376,236,->,376,237,->,376,238,->,376,239,->,376,240,->,376,241,->,376,242,->,376,243,->,376,244,->,376,245,->,376,246,->,376,247,->,376,248,->,376,249,->,376,250,->,376,251,->,376,252,->,376,253,->,376,254,->,376,255,->,376,256,->,376,257,->,376,258,->,376,259,->,376,260,->,376,261,->,376,262,->,376,263,->,376,264,->,376,265,->,376,266,->,376,267,->,376,268,->,376,269,->,376,270,->,376,271,->,376,272,->,376,273,->,376,274,->,376,275,->,376,276,->,376,277,->,376,278,->,376,279,->,376,280,->,376,281,->,376,282,->,376,283,->,376,284,->,376,285,->,376,286,->,376,287,->,376,288,->,376,289,->,376,290,->,376,291,->,376,292,->,376,293,->,376,294,->,376,295,->,376,296,->,376,297,->,376,298,->,376,299,->,376,300,->,376,301,->,376,302,->,376,303,->,377,0,->,377,1,->,377,2,->,377,3,->,377,4,->,377,5,->,377,6,->,377,7,->,377,8,->,377,9,->,377,10,->,377,11,->,377,12,->,377,13,->,377,14,->,377,15,->,377,16,->,377,17,->,377,18,->,377,19,->,377,20,->,377,21,->,377,22,->,377,23,->,377,24,->,377,25,->,377,26,->,377,27,->,377,28,->,377,29,->,377,30,->,377,31,->,377,32,->,377,33,->,377,34,->,377,35,->,377,36,->,377,37,->,377,38,->,377,39,->,377,40,->,377,41,->,377,42,->,377,43,->,377,44,->,377,45,->,377,46,->,377,47,->,377,48,->,377,49,->,377,50,->,377,51,->,377,52,->,377,53,->,377,54,->,377,55,->,377,56,->,377,57,->,377,58,->,377,59,->,377,60,->,377,61,->,377,62,->,377,63,->,377,64,->,377,65,->,377,66,->,377,67,->,377,68,->,377,69,->,377,70,->,377,71,->,377,72,->,377,73,->,377,74,->,377,75,->,377,76,->,377,77,->,377,78,->,377,79,->,377,80,->,377,81,->,377,82,->,377,83,->,377,84,->,377,85,->,377,86,->,377,87,->,377,88,->,377,89,->,377,90,->,377,91,->,377,92,->,377,93,->,377,94,->,377,95,->,377,96,->,377,97,->,377,98,->,377,99,->,377,100,->,377,101,->,377,102,->,377,103,->,377,104,->,377,105,->,377,106,->,377,107,->,377,108,->,377,109,->,377,110,->,377,111,->,377,112,->,377,113,->,377,114,->,377,115,->,377,116,->,377,117,->,377,118,->,377,127,->,377,128,->,377,129,->,377,130,->,377,131,->,377,132,->,377,133,->,377,136,->,377,137,->,377,140,->,377,141,->,377,142,->,377,143,->,377,145,->,377,147,->,377,148,->,377,149,->,377,150,->,377,151,->,377,152,->,377,153,->,377,154,->,377,155,->,377,156,->,377,157,->,377,158,->,377,159,->,377,162,->,377,163,->,377,164,->,377,165,->,377,166,->,377,167,->,377,168,->,377,169,->,377,171,->,377,172,->,377,173,->,377,174,->,377,175,->,377,176,->,377,178,->,377,179,->,377,180,->,377,182,->,377,185,->,377,187,->,377,190,->,377,191,->,377,192,->,377,193,->,377,194,->,377,195,->,377,196,->,377,197,->,377,198,->,377,199,->,377,200,->,377,201,->,377,202,->,377,203,->,377,204,->,377,205,->,377,206,->,377,207,->,377,208,->,377,209,->,377,210,->,377,211,->,377,212,->,377,213,->,377,214,->,377,215,->,377,216,->,377,217,->,377,218,->,377,219,->,377,220,->,377,221,->,377,222,->,377,223,->,377,224,->,377,225,->,377,226,->,377,227,->,377,228,->,377,229,->,377,230,->,377,231,->,377,232,->,377,233,->,377,234,->,377,235,->,377,236,->,377,237,->,377,238,->,377,239,->,377,240,->,377,241,->,377,242,->,377,243,->,377,244,->,377,245,->,377,246,->,377,247,->,377,248,->,377,249,->,377,250,->,377,251,->,377,252,->,377,253,->,377,254,->,377,255,->,377,256,->,377,257,->,377,258,->,377,259,->,377,260,->,377,261,->,377,262,->,377,263,->,377,264,->,377,265,->,377,266,->,377,267,->,377,268,->,377,269,->,377,270,->,377,271,->,377,272,->,377,273,->,377,274,->,377,275,->,377,276,->,377,277,->,377,278,->,377,279,->,377,280,->,377,281,->,377,282,->,377,283,->,377,284,->,377,285,->,377,286,->,377,287,->,377,288,->,377,289,->,377,290,->,377,291,->,377,292,->,377,293,->,377,294,->,377,295,->,377,296,->,377,297,->,377,298,->,377,299,->,377,300,->,377,301,->,377,302,->,377,303,->,378,0,->,378,1,->,378,2,->,378,3,->,378,4,->,378,5,->,378,6,->,378,7,->,378,8,->,378,9,->,378,10,->,378,11,->,378,12,->,378,13,->,378,14,->,378,15,->,378,16,->,378,17,->,378,18,->,378,19,->,378,20,->,378,21,->,378,22,->,378,23,->,378,24,->,378,25,->,378,26,->,378,27,->,378,28,->,378,29,->,378,30,->,378,31,->,378,32,->,378,33,->,378,34,->,378,35,->,378,36,->,378,37,->,378,38,->,378,39,->,378,40,->,378,41,->,378,42,->,378,43,->,378,44,->,378,45,->,378,46,->,378,47,->,378,48,->,378,49,->,378,50,->,378,51,->,378,52,->,378,53,->,378,54,->,378,55,->,378,56,->,378,57,->,378,58,->,378,59,->,378,60,->,378,61,->,378,62,->,378,63,->,378,64,->,378,65,->,378,66,->,378,67,->,378,68,->,378,69,->,378,70,->,378,71,->,378,72,->,378,73,->,378,74,->,378,75,->,378,76,->,378,77,->,378,78,->,378,79,->,378,80,->,378,81,->,378,82,->,378,83,->,378,84,->,378,85,->,378,86,->,378,87,->,378,88,->,378,89,->,378,90,->,378,91,->,378,92,->,378,93,->,378,94,->,378,95,->,378,96,->,378,97,->,378,98,->,378,99,->,378,100,->,378,101,->,378,102,->,378,103,->,378,104,->,378,105,->,378,106,->,378,107,->,378,108,->,378,109,->,378,110,->,378,111,->,378,112,->,378,113,->,378,114,->,378,115,->,378,126,->,378,127,->,378,128,->,378,129,->,378,131,->,378,132,->,378,133,->,378,134,->,378,136,->,378,137,->,378,138,->,378,139,->,378,140,->,378,145,->,378,146,->,378,147,->,378,148,->,378,149,->,378,150,->,378,151,->,378,152,->,378,154,->,378,155,->,378,157,->,378,158,->,378,159,->,378,160,->,378,163,->,378,164,->,378,167,->,378,168,->,378,169,->,378,170,->,378,171,->,378,173,->,378,174,->,378,175,->,378,177,->,378,178,->,378,179,->,378,180,->,378,183,->,378,184,->,378,185,->,378,188,->,378,189,->,378,190,->,378,191,->,378,192,->,378,193,->,378,194,->,378,195,->,378,196,->,378,197,->,378,198,->,378,199,->,378,200,->,378,201,->,378,202,->,378,203,->,378,204,->,378,205,->,378,206,->,378,207,->,378,208,->,378,209,->,378,210,->,378,211,->,378,212,->,378,213,->,378,214,->,378,215,->,378,216,->,378,217,->,378,218,->,378,219,->,378,220,->,378,221,->,378,222,->,378,223,->,378,224,->,378,225,->,378,226,->,378,227,->,378,228,->,378,229,->,378,230,->,378,231,->,378,232,->,378,233,->,378,234,->,378,235,->,378,236,->,378,237,->,378,238,->,378,239,->,378,240,->,378,241,->,378,242,->,378,243,->,378,244,->,378,245,->,378,246,->,378,247,->,378,248,->,378,249,->,378,250,->,378,251,->,378,252,->,378,253,->,378,254,->,378,255,->,378,256,->,378,257,->,378,258,->,378,259,->,378,260,->,378,261,->,378,262,->,378,263,->,378,264,->,378,265,->,378,266,->,378,267,->,378,268,->,378,269,->,378,270,->,378,271,->,378,272,->,378,273,->,378,274,->,378,275,->,378,276,->,378,277,->,378,278,->,378,279,->,378,280,->,378,281,->,378,282,->,378,283,->,378,284,->,378,285,->,378,286,->,378,287,->,378,288,->,378,289,->,378,290,->,378,291,->,378,292,->,378,293,->,378,294,->,378,295,->,378,296,->,378,297,->,378,298,->,378,299,->,378,300,->,378,301,->,378,302,->,378,303,->,379,0,->,379,1,->,379,2,->,379,3,->,379,4,->,379,5,->,379,6,->,379,7,->,379,8,->,379,9,->,379,10,->,379,11,->,379,12,->,379,13,->,379,14,->,379,15,->,379,16,->,379,17,->,379,18,->,379,19,->,379,20,->,379,21,->,379,22,->,379,23,->,379,24,->,379,25,->,379,26,->,379,27,->,379,28,->,379,29,->,379,30,->,379,31,->,379,32,->,379,33,->,379,34,->,379,35,->,379,36,->,379,37,->,379,38,->,379,39,->,379,40,->,379,41,->,379,42,->,379,43,->,379,44,->,379,45,->,379,46,->,379,47,->,379,48,->,379,49,->,379,50,->,379,51,->,379,52,->,379,53,->,379,54,->,379,55,->,379,56,->,379,57,->,379,58,->,379,59,->,379,60,->,379,61,->,379,62,->,379,63,->,379,64,->,379,65,->,379,66,->,379,67,->,379,68,->,379,69,->,379,70,->,379,71,->,379,72,->,379,73,->,379,74,->,379,75,->,379,76,->,379,77,->,379,78,->,379,79,->,379,80,->,379,81,->,379,82,->,379,83,->,379,84,->,379,85,->,379,86,->,379,87,->,379,88,->,379,89,->,379,90,->,379,91,->,379,92,->,379,93,->,379,94,->,379,95,->,379,96,->,379,97,->,379,98,->,379,99,->,379,100,->,379,101,->,379,102,->,379,103,->,379,104,->,379,105,->,379,106,->,379,107,->,379,108,->,379,109,->,379,110,->,379,111,->,379,112,->,379,113,->,379,114,->,379,115,->,379,127,->,379,128,->,379,129,->,379,131,->,379,132,->,379,137,->,379,139,->,379,143,->,379,144,->,379,145,->,379,146,->,379,147,->,379,148,->,379,150,->,379,151,->,379,153,->,379,155,->,379,160,->,379,164,->,379,167,->,379,169,->,379,170,->,379,172,->,379,173,->,379,174,->,379,175,->,379,176,->,379,177,->,379,179,->,379,181,->,379,182,->,379,183,->,379,186,->,379,190,->,379,191,->,379,192,->,379,193,->,379,194,->,379,195,->,379,196,->,379,197,->,379,198,->,379,199,->,379,200,->,379,201,->,379,202,->,379,203,->,379,204,->,379,205,->,379,206,->,379,207,->,379,208,->,379,209,->,379,210,->,379,211,->,379,212,->,379,213,->,379,214,->,379,215,->,379,216,->,379,217,->,379,218,->,379,219,->,379,220,->,379,221,->,379,222,->,379,223,->,379,224,->,379,225,->,379,226,->,379,227,->,379,228,->,379,229,->,379,230,->,379,231,->,379,232,->,379,233,->,379,234,->,379,235,->,379,236,->,379,237,->,379,238,->,379,239,->,379,240,->,379,241,->,379,242,->,379,243,->,379,244,->,379,245,->,379,246,->,379,247,->,379,248,->,379,249,->,379,250,->,379,251,->,379,252,->,379,253,->,379,254,->,379,255,->,379,256,->,379,257,->,379,258,->,379,259,->,379,260,->,379,261,->,379,262,->,379,263,->,379,264,->,379,265,->,379,266,->,379,267,->,379,268,->,379,269,->,379,270,->,379,271,->,379,272,->,379,273,->,379,274,->,379,275,->,379,276,->,379,277,->,379,278,->,379,279,->,379,280,->,379,281,->,379,282,->,379,283,->,379,284,->,379,285,->,379,286,->,379,287,->,379,288,->,379,289,->,379,290,->,379,291,->,379,292,->,379,293,->,379,294,->,379,295,->,379,296,->,379,297,->,379,298,->,379,299,->,379,300,->,379,301,->,379,302,->,379,303,->,380,0,->,380,1,->,380,2,->,380,3,->,380,4,->,380,5,->,380,6,->,380,7,->,380,8,->,380,9,->,380,10,->,380,11,->,380,12,->,380,13,->,380,14,->,380,15,->,380,16,->,380,17,->,380,18,->,380,19,->,380,20,->,380,21,->,380,22,->,380,23,->,380,24,->,380,25,->,380,26,->,380,27,->,380,28,->,380,29,->,380,30,->,380,31,->,380,32,->,380,33,->,380,34,->,380,35,->,380,36,->,380,37,->,380,38,->,380,39,->,380,40,->,380,41,->,380,42,->,380,43,->,380,44,->,380,45,->,380,46,->,380,47,->,380,48,->,380,49,->,380,50,->,380,51,->,380,52,->,380,53,->,380,54,->,380,55,->,380,56,->,380,57,->,380,58,->,380,59,->,380,60,->,380,61,->,380,62,->,380,63,->,380,64,->,380,65,->,380,66,->,380,67,->,380,68,->,380,69,->,380,70,->,380,71,->,380,72,->,380,73,->,380,74,->,380,75,->,380,76,->,380,77,->,380,78,->,380,79,->,380,80,->,380,81,->,380,82,->,380,83,->,380,84,->,380,85,->,380,86,->,380,87,->,380,88,->,380,89,->,380,90,->,380,91,->,380,92,->,380,93,->,380,94,->,380,95,->,380,96,->,380,97,->,380,98,->,380,99,->,380,100,->,380,101,->,380,102,->,380,103,->,380,104,->,380,105,->,380,106,->,380,107,->,380,108,->,380,109,->,380,110,->,380,111,->,380,112,->,380,113,->,380,114,->,380,115,->,380,127,->,380,128,->,380,129,->,380,133,->,380,135,->,380,136,->,380,137,->,380,138,->,380,141,->,380,143,->,380,145,->,380,146,->,380,147,->,380,148,->,380,149,->,380,150,->,380,153,->,380,154,->,380,155,->,380,158,->,380,159,->,380,163,->,380,165,->,380,166,->,380,167,->,380,168,->,380,171,->,380,172,->,380,173,->,380,174,->,380,175,->,380,177,->,380,178,->,380,179,->,380,181,->,380,183,->,380,186,->,380,188,->,380,189,->,380,190,->,380,191,->,380,192,->,380,193,->,380,194,->,380,195,->,380,196,->,380,197,->,380,198,->,380,199,->,380,200,->,380,201,->,380,202,->,380,203,->,380,204,->,380,205,->,380,206,->,380,207,->,380,208,->,380,209,->,380,210,->,380,211,->,380,212,->,380,213,->,380,214,->,380,215,->,380,216,->,380,217,->,380,218,->,380,219,->,380,220,->,380,221,->,380,222,->,380,223,->,380,224,->,380,225,->,380,226,->,380,227,->,380,228,->,380,229,->,380,230,->,380,231,->,380,232,->,380,233,->,380,234,->,380,235,->,380,236,->,380,237,->,380,238,->,380,239,->,380,240,->,380,241,->,380,242,->,380,243,->,380,244,->,380,245,->,380,246,->,380,247,->,380,248,->,380,249,->,380,250,->,380,251,->,380,252,->,380,253,->,380,254,->,380,255,->,380,256,->,380,257,->,380,258,->,380,259,->,380,260,->,380,261,->,380,262,->,380,263,->,380,264,->,380,265,->,380,266,->,380,267,->,380,268,->,380,269,->,380,270,->,380,271,->,380,272,->,380,273,->,380,274,->,380,275,->,380,276,->,380,277,->,380,278,->,380,279,->,380,280,->,380,281,->,380,282,->,380,283,->,380,284,->,380,285,->,380,286,->,380,287,->,380,288,->,380,289,->,380,290,->,380,291,->,380,292,->,380,293,->,380,294,->,380,295,->,380,296,->,380,297,->,380,298,->,380,299,->,380,300,->,380,301,->,380,302,->,380,303,->,381,0,->,381,1,->,381,2,->,381,3,->,381,4,->,381,5,->,381,6,->,381,7,->,381,8,->,381,9,->,381,10,->,381,11,->,381,12,->,381,13,->,381,14,->,381,15,->,381,16,->,381,17,->,381,18,->,381,19,->,381,20,->,381,21,->,381,22,->,381,23,->,381,24,->,381,25,->,381,26,->,381,27,->,381,28,->,381,29,->,381,30,->,381,31,->,381,32,->,381,33,->,381,34,->,381,35,->,381,36,->,381,37,->,381,38,->,381,39,->,381,40,->,381,41,->,381,42,->,381,43,->,381,44,->,381,45,->,381,46,->,381,47,->,381,48,->,381,49,->,381,50,->,381,51,->,381,52,->,381,53,->,381,54,->,381,55,->,381,56,->,381,57,->,381,58,->,381,59,->,381,60,->,381,61,->,381,62,->,381,63,->,381,64,->,381,65,->,381,66,->,381,67,->,381,68,->,381,69,->,381,70,->,381,71,->,381,72,->,381,73,->,381,74,->,381,75,->,381,76,->,381,77,->,381,78,->,381,79,->,381,80,->,381,81,->,381,82,->,381,83,->,381,84,->,381,85,->,381,86,->,381,87,->,381,88,->,381,89,->,381,90,->,381,91,->,381,92,->,381,93,->,381,94,->,381,95,->,381,96,->,381,97,->,381,98,->,381,99,->,381,100,->,381,101,->,381,102,->,381,103,->,381,104,->,381,105,->,381,106,->,381,107,->,381,108,->,381,109,->,381,110,->,381,111,->,381,112,->,381,113,->,381,114,->,381,115,->,381,128,->,381,129,->,381,130,->,381,131,->,381,132,->,381,133,->,381,134,->,381,136,->,381,141,->,381,143,->,381,144,->,381,145,->,381,146,->,381,147,->,381,148,->,381,150,->,381,151,->,381,154,->,381,155,->,381,156,->,381,160,->,381,161,->,381,164,->,381,165,->,381,169,->,381,170,->,381,171,->,381,173,->,381,174,->,381,177,->,381,180,->,381,182,->,381,183,->,381,184,->,381,185,->,381,186,->,381,187,->,381,188,->,381,190,->,381,191,->,381,192,->,381,193,->,381,194,->,381,195,->,381,196,->,381,197,->,381,198,->,381,199,->,381,200,->,381,201,->,381,202,->,381,203,->,381,204,->,381,205,->,381,206,->,381,207,->,381,208,->,381,209,->,381,210,->,381,211,->,381,212,->,381,213,->,381,214,->,381,215,->,381,216,->,381,217,->,381,218,->,381,219,->,381,220,->,381,221,->,381,222,->,381,223,->,381,224,->,381,225,->,381,226,->,381,227,->,381,228,->,381,229,->,381,230,->,381,231,->,381,232,->,381,233,->,381,234,->,381,235,->,381,236,->,381,237,->,381,238,->,381,239,->,381,240,->,381,241,->,381,242,->,381,243,->,381,244,->,381,245,->,381,246,->,381,247,->,381,248,->,381,249,->,381,250,->,381,251,->,381,252,->,381,253,->,381,254,->,381,255,->,381,256,->,381,257,->,381,258,->,381,259,->,381,260,->,381,261,->,381,262,->,381,263,->,381,264,->,381,265,->,381,266,->,381,267,->,381,268,->,381,269,->,381,270,->,381,271,->,381,272,->,381,273,->,381,274,->,381,275,->,381,276,->,381,277,->,381,278,->,381,279,->,381,280,->,381,281,->,381,282,->,381,283,->,381,284,->,381,285,->,381,286,->,381,287,->,381,288,->,381,289,->,381,290,->,381,291,->,381,292,->,381,293,->,381,294,->,381,295,->,381,296,->,381,297,->,381,298,->,381,299,->,381,300,->,381,301,->,381,302,->,381,303,->,382,0,->,382,1,->,382,2,->,382,3,->,382,4,->,382,5,->,382,6,->,382,7,->,382,8,->,382,9,->,382,10,->,382,11,->,382,12,->,382,13,->,382,14,->,382,15,->,382,16,->,382,17,->,382,18,->,382,19,->,382,20,->,382,21,->,382,22,->,382,23,->,382,24,->,382,25,->,382,26,->,382,27,->,382,28,->,382,29,->,382,30,->,382,31,->,382,32,->,382,33,->,382,34,->,382,35,->,382,36,->,382,37,->,382,38,->,382,39,->,382,40,->,382,41,->,382,42,->,382,43,->,382,44,->,382,45,->,382,46,->,382,47,->,382,48,->,382,49,->,382,50,->,382,51,->,382,52,->,382,53,->,382,54,->,382,55,->,382,56,->,382,57,->,382,58,->,382,59,->,382,60,->,382,61,->,382,62,->,382,63,->,382,64,->,382,65,->,382,66,->,382,67,->,382,68,->,382,69,->,382,70,->,382,71,->,382,72,->,382,73,->,382,74,->,382,75,->,382,76,->,382,77,->,382,78,->,382,79,->,382,80,->,382,81,->,382,82,->,382,83,->,382,84,->,382,85,->,382,86,->,382,87,->,382,88,->,382,89,->,382,90,->,382,91,->,382,92,->,382,93,->,382,94,->,382,95,->,382,96,->,382,97,->,382,98,->,382,99,->,382,100,->,382,101,->,382,102,->,382,103,->,382,104,->,382,105,->,382,106,->,382,107,->,382,108,->,382,109,->,382,110,->,382,111,->,382,112,->,382,113,->,382,114,->,382,115,->,382,116,->,382,119,->,382,121,->,382,129,->,382,130,->,382,132,->,382,134,->,382,135,->,382,136,->,382,137,->,382,141,->,382,143,->,382,144,->,382,145,->,382,146,->,382,147,->,382,148,->,382,149,->,382,151,->,382,152,->,382,153,->,382,154,->,382,155,->,382,156,->,382,161,->,382,162,->,382,165,->,382,166,->,382,168,->,382,169,->,382,170,->,382,172,->,382,173,->,382,174,->,382,175,->,382,176,->,382,180,->,382,181,->,382,182,->,382,183,->,382,184,->,382,186,->,382,187,->,382,189,->,382,190,->,382,191,->,382,192,->,382,193,->,382,194,->,382,195,->,382,196,->,382,197,->,382,198,->,382,199,->,382,200,->,382,201,->,382,202,->,382,203,->,382,204,->,382,205,->,382,206,->,382,207,->,382,208,->,382,209,->,382,210,->,382,211,->,382,212,->,382,213,->,382,214,->,382,215,->,382,216,->,382,217,->,382,218,->,382,219,->,382,220,->,382,221,->,382,222,->,382,223,->,382,224,->,382,225,->,382,226,->,382,227,->,382,228,->,382,229,->,382,230,->,382,231,->,382,232,->,382,233,->,382,234,->,382,235,->,382,236,->,382,237,->,382,238,->,382,239,->,382,240,->,382,241,->,382,242,->,382,243,->,382,244,->,382,245,->,382,246,->,382,247,->,382,248,->,382,249,->,382,250,->,382,251,->,382,252,->,382,253,->,382,254,->,382,255,->,382,256,->,382,257,->,382,258,->,382,259,->,382,260,->,382,261,->,382,262,->,382,263,->,382,264,->,382,265,->,382,266,->,382,267,->,382,268,->,382,269,->,382,270,->,382,271,->,382,272,->,382,273,->,382,274,->,382,275,->,382,276,->,382,277,->,382,278,->,382,279,->,382,280,->,382,281,->,382,282,->,382,283,->,382,284,->,382,285,->,382,286,->,382,287,->,382,288,->,382,289,->,382,290,->,382,291,->,382,292,->,382,293,->,382,294,->,382,295,->,382,296,->,382,297,->,382,298,->,382,299,->,382,300,->,382,301,->,382,302,->,382,303,->,383,0,->,383,1,->,383,2,->,383,3,->,383,4,->,383,5,->,383,6,->,383,7,->,383,8,->,383,9,->,383,10,->,383,11,->,383,12,->,383,13,->,383,14,->,383,15,->,383,16,->,383,17,->,383,18,->,383,19,->,383,20,->,383,21,->,383,22,->,383,23,->,383,24,->,383,25,->,383,26,->,383,27,->,383,28,->,383,29,->,383,30,->,383,31,->,383,32,->,383,33,->,383,34,->,383,35,->,383,36,->,383,37,->,383,38,->,383,39,->,383,40,->,383,41,->,383,42,->,383,43,->,383,44,->,383,45,->,383,46,->,383,47,->,383,48,->,383,49,->,383,50,->,383,51,->,383,52,->,383,53,->,383,54,->,383,55,->,383,56,->,383,57,->,383,58,->,383,59,->,383,60,->,383,61,->,383,62,->,383,63,->,383,64,->,383,65,->,383,66,->,383,67,->,383,68,->,383,69,->,383,70,->,383,71,->,383,72,->,383,73,->,383,74,->,383,75,->,383,76,->,383,77,->,383,78,->,383,79,->,383,80,->,383,81,->,383,82,->,383,83,->,383,84,->,383,85,->,383,86,->,383,87,->,383,88,->,383,89,->,383,90,->,383,91,->,383,92,->,383,93,->,383,94,->,383,95,->,383,96,->,383,97,->,383,98,->,383,99,->,383,100,->,383,101,->,383,102,->,383,103,->,383,104,->,383,105,->,383,106,->,383,107,->,383,108,->,383,109,->,383,110,->,383,111,->,383,112,->,383,113,->,383,114,->,383,115,->,383,116,->,383,117,->,383,118,->,383,119,->,383,120,->,383,121,->,383,122,->,383,125,->,383,129,->,383,133,->,383,135,->,383,136,->,383,137,->,383,138,->,383,139,->,383,141,->,383,142,->,383,145,->,383,146,->,383,147,->,383,149,->,383,150,->,383,151,->,383,152,->,383,153,->,383,157,->,383,164,->,383,165,->,383,169,->,383,172,->,383,175,->,383,176,->,383,179,->,383,182,->,383,184,->,383,185,->,383,187,->,383,189,->,383,190,->,383,191,->,383,192,->,383,193,->,383,194,->,383,195,->,383,196,->,383,197,->,383,198,->,383,199,->,383,200,->,383,201,->,383,202,->,383,203,->,383,204,->,383,205,->,383,206,->,383,207,->,383,208,->,383,209,->,383,210,->,383,211,->,383,212,->,383,213,->,383,214,->,383,215,->,383,216,->,383,217,->,383,218,->,383,219,->,383,220,->,383,221,->,383,222,->,383,223,->,383,224,->,383,225,->,383,226,->,383,227,->,383,228,->,383,229,->,383,230,->,383,231,->,383,232,->,383,233,->,383,234,->,383,235,->,383,236,->,383,237,->,383,238,->,383,239,->,383,240,->,383,241,->,383,242,->,383,243,->,383,244,->,383,245,->,383,246,->,383,247,->,383,248,->,383,249,->,383,250,->,383,251,->,383,252,->,383,253,->,383,254,->,383,255,->,383,256,->,383,257,->,383,258,->,383,259,->,383,260,->,383,261,->,383,262,->,383,263,->,383,264,->,383,265,->,383,266,->,383,267,->,383,268,->,383,269,->,383,270,->,383,271,->,383,272,->,383,273,->,383,274,->,383,275,->,383,276,->,383,277,->,383,278,->,383,279,->,383,280,->,383,281,->,383,282,->,383,283,->,383,284,->,383,285,->,383,286,->,383,287,->,383,288,->,383,289,->,383,290,->,383,291,->,383,292,->,383,293,->,383,294,->,383,295,->,383,296,->,383,297,->,383,298,->,383,299,->,383,300,->,383,301,->,383,302,->,383,303,->,384,0,->,384,1,->,384,2,->,384,3,->,384,4,->,384,5,->,384,6,->,384,7,->,384,8,->,384,9,->,384,10,->,384,11,->,384,12,->,384,13,->,384,14,->,384,15,->,384,16,->,384,17,->,384,18,->,384,19,->,384,20,->,384,21,->,384,22,->,384,23,->,384,24,->,384,25,->,384,26,->,384,27,->,384,28,->,384,29,->,384,30,->,384,31,->,384,32,->,384,33,->,384,34,->,384,35,->,384,36,->,384,37,->,384,38,->,384,39,->,384,40,->,384,41,->,384,42,->,384,43,->,384,44,->,384,45,->,384,46,->,384,47,->,384,48,->,384,49,->,384,50,->,384,51,->,384,52,->,384,53,->,384,54,->,384,55,->,384,56,->,384,57,->,384,58,->,384,59,->,384,60,->,384,61,->,384,62,->,384,63,->,384,64,->,384,65,->,384,66,->,384,67,->,384,68,->,384,69,->,384,70,->,384,71,->,384,72,->,384,73,->,384,74,->,384,75,->,384,76,->,384,77,->,384,78,->,384,79,->,384,80,->,384,81,->,384,82,->,384,83,->,384,84,->,384,85,->,384,86,->,384,87,->,384,88,->,384,89,->,384,90,->,384,91,->,384,92,->,384,93,->,384,94,->,384,95,->,384,96,->,384,97,->,384,98,->,384,99,->,384,100,->,384,101,->,384,102,->,384,103,->,384,104,->,384,105,->,384,106,->,384,107,->,384,108,->,384,109,->,384,110,->,384,111,->,384,112,->,384,113,->,384,114,->,384,115,->,384,116,->,384,117,->,384,118,->,384,119,->,384,120,->,384,121,->,384,122,->,384,123,->,384,125,->,384,128,->,384,129,->,384,130,->,384,132,->,384,133,->,384,134,->,384,135,->,384,136,->,384,137,->,384,138,->,384,139,->,384,141,->,384,142,->,384,143,->,384,144,->,384,145,->,384,146,->,384,147,->,384,149,->,384,151,->,384,152,->,384,153,->,384,154,->,384,157,->,384,158,->,384,159,->,384,160,->,384,161,->,384,162,->,384,164,->,384,165,->,384,166,->,384,167,->,384,170,->,384,172,->,384,174,->,384,175,->,384,177,->,384,178,->,384,180,->,384,182,->,384,183,->,384,186,->,384,189,->,384,190,->,384,191,->,384,192,->,384,193,->,384,194,->,384,195,->,384,196,->,384,197,->,384,198,->,384,199,->,384,200,->,384,201,->,384,202,->,384,203,->,384,204,->,384,205,->,384,206,->,384,207,->,384,208,->,384,209,->,384,210,->,384,211,->,384,212,->,384,213,->,384,214,->,384,215,->,384,216,->,384,217,->,384,218,->,384,219,->,384,220,->,384,221,->,384,222,->,384,223,->,384,224,->,384,225,->,384,226,->,384,227,->,384,228,->,384,229,->,384,230,->,384,231,->,384,232,->,384,233,->,384,234,->,384,235,->,384,236,->,384,237,->,384,238,->,384,239,->,384,240,->,384,241,->,384,242,->,384,243,->,384,244,->,384,245,->,384,246,->,384,247,->,384,248,->,384,249,->,384,250,->,384,251,->,384,252,->,384,253,->,384,254,->,384,255,->,384,256,->,384,257,->,384,258,->,384,259,->,384,260,->,384,261,->,384,262,->,384,263,->,384,264,->,384,265,->,384,266,->,384,267,->,384,268,->,384,269,->,384,270,->,384,271,->,384,272,->,384,273,->,384,274,->,384,275,->,384,276,->,384,277,->,384,278,->,384,279,->,384,280,->,384,281,->,384,282,->,384,283,->,384,284,->,384,285,->,384,286,->,384,287,->,384,288,->,384,289,->,384,290,->,384,291,->,384,292,->,384,293,->,384,294,->,384,295,->,384,296,->,384,297,->,384,298,->,384,299,->,384,300,->,384,301,->,384,302,->,384,303,->,385,0,->,385,1,->,385,2,->,385,3,->,385,4,->,385,5,->,385,6,->,385,7,->,385,8,->,385,9,->,385,10,->,385,11,->,385,12,->,385,13,->,385,14,->,385,15,->,385,16,->,385,17,->,385,18,->,385,19,->,385,20,->,385,21,->,385,22,->,385,23,->,385,24,->,385,25,->,385,26,->,385,27,->,385,28,->,385,29,->,385,30,->,385,31,->,385,32,->,385,33,->,385,34,->,385,35,->,385,36,->,385,37,->,385,38,->,385,39,->,385,40,->,385,41,->,385,42,->,385,43,->,385,44,->,385,45,->,385,46,->,385,47,->,385,48,->,385,49,->,385,50,->,385,51,->,385,52,->,385,53,->,385,54,->,385,55,->,385,56,->,385,57,->,385,58,->,385,59,->,385,60,->,385,61,->,385,62,->,385,63,->,385,64,->,385,65,->,385,66,->,385,67,->,385,68,->,385,69,->,385,70,->,385,71,->,385,72,->,385,73,->,385,74,->,385,75,->,385,76,->,385,77,->,385,78,->,385,79,->,385,80,->,385,81,->,385,82,->,385,83,->,385,84,->,385,85,->,385,86,->,385,87,->,385,88,->,385,89,->,385,90,->,385,91,->,385,92,->,385,93,->,385,94,->,385,95,->,385,96,->,385,97,->,385,98,->,385,99,->,385,100,->,385,101,->,385,102,->,385,103,->,385,104,->,385,105,->,385,106,->,385,107,->,385,108,->,385,109,->,385,110,->,385,111,->,385,112,->,385,113,->,385,114,->,385,115,->,385,116,->,385,117,->,385,118,->,385,119,->,385,120,->,385,121,->,385,122,->,385,123,->,385,126,->,385,128,->,385,129,->,385,130,->,385,131,->,385,132,->,385,133,->,385,134,->,385,135,->,385,136,->,385,137,->,385,139,->,385,140,->,385,141,->,385,142,->,385,143,->,385,145,->,385,146,->,385,147,->,385,148,->,385,151,->,385,152,->,385,153,->,385,154,->,385,155,->,385,156,->,385,158,->,385,159,->,385,160,->,385,162,->,385,165,->,385,166,->,385,167,->,385,168,->,385,170,->,385,171,->,385,172,->,385,174,->,385,175,->,385,177,->,385,179,->,385,180,->,385,181,->,385,183,->,385,185,->,385,188,->,385,190,->,385,191,->,385,192,->,385,193,->,385,194,->,385,195,->,385,196,->,385,197,->,385,198,->,385,199,->,385,200,->,385,201,->,385,202,->,385,203,->,385,204,->,385,205,->,385,206,->,385,207,->,385,208,->,385,209,->,385,210,->,385,211,->,385,212,->,385,213,->,385,214,->,385,215,->,385,216,->,385,217,->,385,218,->,385,219,->,385,220,->,385,221,->,385,222,->,385,223,->,385,224,->,385,225,->,385,226,->,385,227,->,385,228,->,385,229,->,385,230,->,385,231,->,385,232,->,385,233,->,385,234,->,385,235,->,385,236,->,385,237,->,385,238,->,385,239,->,385,240,->,385,241,->,385,242,->,385,243,->,385,244,->,385,245,->,385,246,->,385,247,->,385,248,->,385,249,->,385,250,->,385,251,->,385,252,->,385,253,->,385,254,->,385,255,->,385,256,->,385,257,->,385,258,->,385,259,->,385,260,->,385,261,->,385,262,->,385,263,->,385,264,->,385,265,->,385,266,->,385,267,->,385,268,->,385,269,->,385,270,->,385,271,->,385,272,->,385,273,->,385,274,->,385,275,->,385,276,->,385,277,->,385,278,->,385,279,->,385,280,->,385,281,->,385,282,->,385,283,->,385,284,->,385,285,->,385,286,->,385,287,->,385,288,->,385,289,->,385,290,->,385,291,->,385,292,->,385,293,->,385,294,->,385,295,->,385,296,->,385,297,->,385,298,->,385,299,->,385,300,->,385,301,->,385,302,->,385,303,->,386,0,->,386,1,->,386,2,->,386,3,->,386,4,->,386,5,->,386,6,->,386,7,->,386,8,->,386,9,->,386,10,->,386,11,->,386,12,->,386,13,->,386,14,->,386,15,->,386,16,->,386,17,->,386,18,->,386,19,->,386,20,->,386,21,->,386,22,->,386,23,->,386,24,->,386,25,->,386,26,->,386,27,->,386,28,->,386,29,->,386,30,->,386,31,->,386,32,->,386,33,->,386,34,->,386,35,->,386,36,->,386,37,->,386,38,->,386,39,->,386,40,->,386,41,->,386,42,->,386,43,->,386,44,->,386,45,->,386,46,->,386,47,->,386,48,->,386,49,->,386,50,->,386,51,->,386,52,->,386,53,->,386,54,->,386,55,->,386,56,->,386,57,->,386,58,->,386,59,->,386,60,->,386,61,->,386,62,->,386,63,->,386,64,->,386,65,->,386,66,->,386,67,->,386,68,->,386,69,->,386,70,->,386,71,->,386,72,->,386,73,->,386,74,->,386,75,->,386,76,->,386,77,->,386,78,->,386,79,->,386,80,->,386,81,->,386,82,->,386,83,->,386,84,->,386,85,->,386,86,->,386,87,->,386,88,->,386,89,->,386,90,->,386,91,->,386,92,->,386,93,->,386,94,->,386,95,->,386,96,->,386,97,->,386,98,->,386,99,->,386,100,->,386,101,->,386,102,->,386,103,->,386,104,->,386,105,->,386,106,->,386,107,->,386,108,->,386,109,->,386,110,->,386,111,->,386,112,->,386,113,->,386,114,->,386,115,->,386,116,->,386,117,->,386,118,->,386,119,->,386,120,->,386,121,->,386,122,->,386,128,->,386,129,->,386,130,->,386,131,->,386,132,->,386,133,->,386,134,->,386,135,->,386,136,->,386,137,->,386,138,->,386,141,->,386,142,->,386,143,->,386,144,->,386,145,->,386,146,->,386,148,->,386,149,->,386,150,->,386,151,->,386,152,->,386,153,->,386,154,->,386,156,->,386,157,->,386,159,->,386,160,->,386,162,->,386,163,->,386,164,->,386,166,->,386,167,->,386,168,->,386,169,->,386,170,->,386,171,->,386,172,->,386,174,->,386,175,->,386,176,->,386,177,->,386,178,->,386,179,->,386,180,->,386,181,->,386,183,->,386,184,->,386,185,->,386,186,->,386,188,->,386,189,->,386,190,->,386,191,->,386,192,->,386,193,->,386,194,->,386,195,->,386,196,->,386,197,->,386,198,->,386,199,->,386,200,->,386,201,->,386,202,->,386,203,->,386,204,->,386,205,->,386,206,->,386,207,->,386,208,->,386,209,->,386,210,->,386,211,->,386,212,->,386,213,->,386,214,->,386,215,->,386,216,->,386,217,->,386,218,->,386,219,->,386,220,->,386,221,->,386,222,->,386,223,->,386,224,->,386,225,->,386,226,->,386,227,->,386,228,->,386,229,->,386,230,->,386,231,->,386,232,->,386,233,->,386,234,->,386,235,->,386,236,->,386,237,->,386,238,->,386,239,->,386,240,->,386,241,->,386,242,->,386,243,->,386,244,->,386,245,->,386,246,->,386,247,->,386,248,->,386,249,->,386,250,->,386,251,->,386,252,->,386,253,->,386,254,->,386,255,->,386,256,->,386,257,->,386,258,->,386,259,->,386,260,->,386,261,->,386,262,->,386,263,->,386,264,->,386,265,->,386,266,->,386,267,->,386,268,->,386,269,->,386,270,->,386,271,->,386,272,->,386,273,->,386,274,->,386,275,->,386,276,->,386,277,->,386,278,->,386,279,->,386,280,->,386,281,->,386,282,->,386,283,->,386,284,->,386,285,->,386,286,->,386,287,->,386,288,->,386,289,->,386,290,->,386,291,->,386,292,->,386,293,->,386,294,->,386,295,->,386,296,->,386,297,->,386,298,->,386,299,->,386,300,->,386,301,->,386,302,->,386,303,->,387,0,->,387,1,->,387,2,->,387,3,->,387,4,->,387,5,->,387,6,->,387,7,->,387,8,->,387,9,->,387,10,->,387,11,->,387,12,->,387,13,->,387,14,->,387,15,->,387,16,->,387,17,->,387,18,->,387,19,->,387,20,->,387,21,->,387,22,->,387,23,->,387,24,->,387,25,->,387,26,->,387,27,->,387,28,->,387,29,->,387,30,->,387,31,->,387,32,->,387,33,->,387,34,->,387,35,->,387,36,->,387,37,->,387,38,->,387,39,->,387,40,->,387,41,->,387,42,->,387,43,->,387,44,->,387,45,->,387,46,->,387,47,->,387,48,->,387,49,->,387,50,->,387,51,->,387,52,->,387,53,->,387,54,->,387,55,->,387,56,->,387,57,->,387,58,->,387,59,->,387,60,->,387,61,->,387,62,->,387,63,->,387,64,->,387,65,->,387,66,->,387,67,->,387,68,->,387,69,->,387,70,->,387,71,->,387,72,->,387,73,->,387,74,->,387,75,->,387,76,->,387,77,->,387,78,->,387,79,->,387,80,->,387,81,->,387,82,->,387,83,->,387,84,->,387,85,->,387,86,->,387,87,->,387,88,->,387,89,->,387,90,->,387,91,->,387,92,->,387,93,->,387,94,->,387,95,->,387,96,->,387,97,->,387,98,->,387,99,->,387,100,->,387,101,->,387,102,->,387,103,->,387,104,->,387,105,->,387,106,->,387,107,->,387,108,->,387,109,->,387,110,->,387,111,->,387,112,->,387,113,->,387,114,->,387,115,->,387,116,->,387,117,->,387,118,->,387,119,->,387,120,->,387,121,->,387,122,->,387,128,->,387,129,->,387,130,->,387,131,->,387,132,->,387,133,->,387,134,->,387,135,->,387,136,->,387,137,->,387,138,->,387,141,->,387,142,->,387,143,->,387,144,->,387,145,->,387,146,->,387,149,->,387,150,->,387,151,->,387,152,->,387,154,->,387,156,->,387,157,->,387,160,->,387,162,->,387,163,->,387,165,->,387,166,->,387,168,->,387,171,->,387,172,->,387,173,->,387,174,->,387,175,->,387,176,->,387,177,->,387,179,->,387,181,->,387,182,->,387,183,->,387,184,->,387,185,->,387,186,->,387,189,->,387,190,->,387,191,->,387,192,->,387,193,->,387,194,->,387,195,->,387,196,->,387,197,->,387,198,->,387,199,->,387,200,->,387,201,->,387,202,->,387,203,->,387,204,->,387,205,->,387,206,->,387,207,->,387,208,->,387,209,->,387,210,->,387,211,->,387,212,->,387,213,->,387,214,->,387,215,->,387,216,->,387,217,->,387,218,->,387,219,->,387,220,->,387,221,->,387,222,->,387,223,->,387,224,->,387,225,->,387,226,->,387,227,->,387,228,->,387,229,->,387,230,->,387,231,->,387,232,->,387,233,->,387,234,->,387,235,->,387,236,->,387,237,->,387,238,->,387,239,->,387,240,->,387,241,->,387,242,->,387,243,->,387,244,->,387,245,->,387,246,->,387,247,->,387,248,->,387,249,->,387,250,->,387,251,->,387,252,->,387,253,->,387,254,->,387,255,->,387,256,->,387,257,->,387,258,->,387,259,->,387,260,->,387,261,->,387,262,->,387,263,->,387,264,->,387,265,->,387,266,->,387,267,->,387,268,->,387,269,->,387,270,->,387,271,->,387,272,->,387,273,->,387,274,->,387,275,->,387,276,->,387,277,->,387,278,->,387,279,->,387,280,->,387,281,->,387,282,->,387,283,->,387,284,->,387,285,->,387,286,->,387,287,->,387,288,->,387,289,->,387,290,->,387,291,->,387,292,->,387,293,->,387,294,->,387,295,->,387,296,->,387,297,->,387,298,->,387,299,->,387,300,->,387,301,->,387,302,->,387,303,->,388,0,->,388,1,->,388,2,->,388,3,->,388,4,->,388,5,->,388,6,->,388,7,->,388,8,->,388,9,->,388,10,->,388,11,->,388,12,->,388,13,->,388,14,->,388,15,->,388,16,->,388,17,->,388,18,->,388,19,->,388,20,->,388,21,->,388,22,->,388,23,->,388,24,->,388,25,->,388,26,->,388,27,->,388,28,->,388,29,->,388,30,->,388,31,->,388,32,->,388,33,->,388,34,->,388,35,->,388,36,->,388,37,->,388,38,->,388,39,->,388,40,->,388,41,->,388,42,->,388,43,->,388,44,->,388,45,->,388,46,->,388,47,->,388,48,->,388,49,->,388,50,->,388,51,->,388,52,->,388,53,->,388,54,->,388,55,->,388,56,->,388,57,->,388,58,->,388,59,->,388,60,->,388,61,->,388,62,->,388,63,->,388,64,->,388,65,->,388,66,->,388,67,->,388,68,->,388,69,->,388,70,->,388,71,->,388,72,->,388,73,->,388,74,->,388,75,->,388,76,->,388,77,->,388,78,->,388,79,->,388,80,->,388,81,->,388,82,->,388,83,->,388,84,->,388,85,->,388,86,->,388,87,->,388,88,->,388,89,->,388,90,->,388,91,->,388,92,->,388,93,->,388,94,->,388,95,->,388,96,->,388,97,->,388,98,->,388,99,->,388,100,->,388,101,->,388,102,->,388,103,->,388,104,->,388,105,->,388,106,->,388,107,->,388,108,->,388,109,->,388,110,->,388,111,->,388,112,->,388,113,->,388,114,->,388,115,->,388,116,->,388,117,->,388,118,->,388,119,->,388,120,->,388,121,->,388,122,->,388,129,->,388,130,->,388,131,->,388,132,->,388,133,->,388,134,->,388,135,->,388,136,->,388,137,->,388,138,->,388,139,->,388,140,->,388,141,->,388,142,->,388,143,->,388,146,->,388,147,->,388,150,->,388,151,->,388,152,->,388,153,->,388,154,->,388,156,->,388,157,->,388,158,->,388,160,->,388,161,->,388,164,->,388,165,->,388,167,->,388,169,->,388,171,->,388,172,->,388,173,->,388,174,->,388,175,->,388,176,->,388,177,->,388,180,->,388,181,->,388,183,->,388,184,->,388,187,->,388,189,->,388,190,->,388,191,->,388,192,->,388,193,->,388,194,->,388,195,->,388,196,->,388,197,->,388,198,->,388,199,->,388,200,->,388,201,->,388,202,->,388,203,->,388,204,->,388,205,->,388,206,->,388,207,->,388,208,->,388,209,->,388,210,->,388,211,->,388,212,->,388,213,->,388,214,->,388,215,->,388,216,->,388,217,->,388,218,->,388,219,->,388,220,->,388,221,->,388,222,->,388,223,->,388,224,->,388,225,->,388,226,->,388,227,->,388,228,->,388,229,->,388,230,->,388,231,->,388,232,->,388,233,->,388,234,->,388,235,->,388,236,->,388,237,->,388,238,->,388,239,->,388,240,->,388,241,->,388,242,->,388,243,->,388,244,->,388,245,->,388,246,->,388,247,->,388,248,->,388,249,->,388,250,->,388,251,->,388,252,->,388,253,->,388,254,->,388,255,->,388,256,->,388,257,->,388,258,->,388,259,->,388,260,->,388,261,->,388,262,->,388,263,->,388,264,->,388,265,->,388,266,->,388,267,->,388,268,->,388,269,->,388,270,->,388,271,->,388,272,->,388,273,->,388,274,->,388,275,->,388,276,->,388,277,->,388,278,->,388,279,->,388,280,->,388,281,->,388,282,->,388,283,->,388,284,->,388,285,->,388,286,->,388,287,->,388,288,->,388,289,->,388,290,->,388,291,->,388,292,->,388,293,->,388,294,->,388,295,->,388,296,->,388,297,->,388,298,->,388,299,->,388,300,->,388,301,->,388,302,->,388,303,->,389,0,->,389,1,->,389,2,->,389,3,->,389,4,->,389,5,->,389,6,->,389,7,->,389,8,->,389,9,->,389,10,->,389,11,->,389,12,->,389,13,->,389,14,->,389,15,->,389,16,->,389,17,->,389,18,->,389,19,->,389,20,->,389,21,->,389,22,->,389,23,->,389,24,->,389,25,->,389,26,->,389,27,->,389,28,->,389,29,->,389,30,->,389,31,->,389,32,->,389,33,->,389,34,->,389,35,->,389,36,->,389,37,->,389,38,->,389,39,->,389,40,->,389,41,->,389,42,->,389,43,->,389,44,->,389,45,->,389,46,->,389,47,->,389,48,->,389,49,->,389,50,->,389,51,->,389,52,->,389,53,->,389,54,->,389,55,->,389,56,->,389,57,->,389,58,->,389,59,->,389,60,->,389,61,->,389,62,->,389,63,->,389,64,->,389,65,->,389,66,->,389,67,->,389,68,->,389,69,->,389,70,->,389,71,->,389,72,->,389,73,->,389,74,->,389,75,->,389,76,->,389,77,->,389,78,->,389,79,->,389,80,->,389,81,->,389,82,->,389,83,->,389,84,->,389,85,->,389,86,->,389,87,->,389,88,->,389,89,->,389,90,->,389,91,->,389,92,->,389,93,->,389,94,->,389,95,->,389,96,->,389,97,->,389,98,->,389,99,->,389,100,->,389,101,->,389,102,->,389,103,->,389,104,->,389,105,->,389,106,->,389,107,->,389,108,->,389,109,->,389,110,->,389,111,->,389,112,->,389,113,->,389,114,->,389,115,->,389,116,->,389,117,->,389,118,->,389,119,->,389,120,->,389,121,->,389,122,->,389,130,->,389,131,->,389,132,->,389,133,->,389,134,->,389,135,->,389,136,->,389,138,->,389,141,->,389,142,->,389,143,->,389,144,->,389,145,->,389,147,->,389,149,->,389,151,->,389,152,->,389,155,->,389,156,->,389,157,->,389,159,->,389,163,->,389,164,->,389,165,->,389,166,->,389,168,->,389,170,->,389,174,->,389,180,->,389,182,->,389,183,->,389,184,->,389,188,->,389,189,->,389,190,->,389,191,->,389,192,->,389,193,->,389,194,->,389,195,->,389,196,->,389,197,->,389,198,->,389,199,->,389,200,->,389,201,->,389,202,->,389,203,->,389,204,->,389,205,->,389,206,->,389,207,->,389,208,->,389,209,->,389,210,->,389,211,->,389,212,->,389,213,->,389,214,->,389,215,->,389,216,->,389,217,->,389,218,->,389,219,->,389,220,->,389,221,->,389,222,->,389,223,->,389,224,->,389,225,->,389,226,->,389,227,->,389,228,->,389,229,->,389,230,->,389,231,->,389,232,->,389,233,->,389,234,->,389,235,->,389,236,->,389,237,->,389,238,->,389,239,->,389,240,->,389,241,->,389,242,->,389,243,->,389,244,->,389,245,->,389,246,->,389,247,->,389,248,->,389,249,->,389,250,->,389,251,->,389,252,->,389,253,->,389,254,->,389,255,->,389,256,->,389,257,->,389,258,->,389,259,->,389,260,->,389,261,->,389,262,->,389,263,->,389,264,->,389,265,->,389,266,->,389,267,->,389,268,->,389,269,->,389,270,->,389,271,->,389,272,->,389,273,->,389,274,->,389,275,->,389,276,->,389,277,->,389,278,->,389,279,->,389,280,->,389,281,->,389,282,->,389,283,->,389,284,->,389,285,->,389,286,->,389,287,->,389,288,->,389,289,->,389,290,->,389,291,->,389,292,->,389,293,->,389,294,->,389,295,->,389,296,->,389,297,->,389,298,->,389,299,->,389,300,->,389,301,->,389,302,->,389,303,->,390,0,->,390,1,->,390,2,->,390,3,->,390,4,->,390,5,->,390,6,->,390,7,->,390,8,->,390,9,->,390,10,->,390,11,->,390,12,->,390,13,->,390,14,->,390,15,->,390,16,->,390,17,->,390,18,->,390,19,->,390,20,->,390,21,->,390,22,->,390,23,->,390,24,->,390,25,->,390,26,->,390,27,->,390,28,->,390,29,->,390,30,->,390,31,->,390,32,->,390,33,->,390,34,->,390,35,->,390,36,->,390,37,->,390,38,->,390,39,->,390,40,->,390,41,->,390,42,->,390,43,->,390,44,->,390,45,->,390,46,->,390,47,->,390,48,->,390,49,->,390,50,->,390,51,->,390,52,->,390,53,->,390,54,->,390,55,->,390,56,->,390,57,->,390,58,->,390,59,->,390,60,->,390,61,->,390,62,->,390,63,->,390,64,->,390,65,->,390,66,->,390,67,->,390,68,->,390,69,->,390,70,->,390,71,->,390,72,->,390,73,->,390,74,->,390,75,->,390,76,->,390,77,->,390,78,->,390,79,->,390,80,->,390,81,->,390,82,->,390,83,->,390,84,->,390,85,->,390,86,->,390,87,->,390,88,->,390,89,->,390,90,->,390,91,->,390,92,->,390,93,->,390,94,->,390,95,->,390,96,->,390,97,->,390,98,->,390,99,->,390,100,->,390,101,->,390,102,->,390,103,->,390,104,->,390,105,->,390,106,->,390,107,->,390,108,->,390,109,->,390,110,->,390,111,->,390,112,->,390,113,->,390,114,->,390,115,->,390,116,->,390,117,->,390,118,->,390,119,->,390,120,->,390,121,->,390,122,->,390,123,->,390,129,->,390,131,->,390,132,->,390,133,->,390,134,->,390,135,->,390,136,->,390,137,->,390,138,->,390,140,->,390,141,->,390,142,->,390,143,->,390,144,->,390,145,->,390,146,->,390,147,->,390,148,->,390,149,->,390,150,->,390,151,->,390,152,->,390,155,->,390,156,->,390,157,->,390,159,->,390,161,->,390,162,->,390,170,->,390,171,->,390,175,->,390,177,->,390,178,->,390,184,->,390,185,->,390,188,->,390,189,->,390,190,->,390,191,->,390,192,->,390,193,->,390,194,->,390,195,->,390,196,->,390,197,->,390,198,->,390,199,->,390,200,->,390,201,->,390,202,->,390,203,->,390,204,->,390,205,->,390,206,->,390,207,->,390,208,->,390,209,->,390,210,->,390,211,->,390,212,->,390,213,->,390,214,->,390,215,->,390,216,->,390,217,->,390,218,->,390,219,->,390,220,->,390,221,->,390,222,->,390,223,->,390,224,->,390,225,->,390,226,->,390,227,->,390,228,->,390,229,->,390,230,->,390,231,->,390,232,->,390,233,->,390,234,->,390,235,->,390,236,->,390,237,->,390,238,->,390,239,->,390,240,->,390,241,->,390,242,->,390,243,->,390,244,->,390,245,->,390,246,->,390,247,->,390,248,->,390,249,->,390,250,->,390,251,->,390,252,->,390,253,->,390,254,->,390,255,->,390,256,->,390,257,->,390,258,->,390,259,->,390,260,->,390,261,->,390,262,->,390,263,->,390,264,->,390,265,->,390,266,->,390,267,->,390,268,->,390,269,->,390,270,->,390,271,->,390,272,->,390,273,->,390,274,->,390,275,->,390,276,->,390,277,->,390,278,->,390,279,->,390,280,->,390,281,->,390,282,->,390,283,->,390,284,->,390,285,->,390,286,->,390,287,->,390,288,->,390,289,->,390,290,->,390,291,->,390,292,->,390,293,->,390,294,->,390,295,->,390,296,->,390,297,->,390,298,->,390,299,->,390,300,->,390,301,->,390,302,->,390,303,->,391,0,->,391,1,->,391,2,->,391,3,->,391,4,->,391,5,->,391,6,->,391,7,->,391,8,->,391,9,->,391,10,->,391,11,->,391,12,->,391,13,->,391,14,->,391,15,->,391,16,->,391,17,->,391,18,->,391,19,->,391,20,->,391,21,->,391,22,->,391,23,->,391,24,->,391,25,->,391,26,->,391,27,->,391,28,->,391,29,->,391,30,->,391,31,->,391,32,->,391,33,->,391,34,->,391,35,->,391,36,->,391,37,->,391,38,->,391,39,->,391,40,->,391,41,->,391,42,->,391,43,->,391,44,->,391,45,->,391,46,->,391,47,->,391,48,->,391,49,->,391,50,->,391,51,->,391,52,->,391,53,->,391,54,->,391,55,->,391,56,->,391,57,->,391,58,->,391,59,->,391,60,->,391,61,->,391,62,->,391,63,->,391,64,->,391,65,->,391,66,->,391,67,->,391,68,->,391,69,->,391,70,->,391,71,->,391,72,->,391,73,->,391,74,->,391,75,->,391,76,->,391,77,->,391,78,->,391,79,->,391,80,->,391,81,->,391,82,->,391,83,->,391,84,->,391,85,->,391,86,->,391,87,->,391,88,->,391,89,->,391,90,->,391,91,->,391,92,->,391,93,->,391,94,->,391,95,->,391,96,->,391,97,->,391,98,->,391,99,->,391,100,->,391,101,->,391,102,->,391,103,->,391,104,->,391,105,->,391,106,->,391,107,->,391,108,->,391,109,->,391,110,->,391,111,->,391,112,->,391,113,->,391,114,->,391,115,->,391,116,->,391,117,->,391,118,->,391,119,->,391,120,->,391,121,->,391,122,->,391,123,->,391,124,->,391,130,->,391,132,->,391,133,->,391,134,->,391,135,->,391,136,->,391,137,->,391,138,->,391,139,->,391,140,->,391,141,->,391,142,->,391,146,->,391,148,->,391,151,->,391,152,->,391,154,->,391,155,->,391,156,->,391,158,->,391,159,->,391,162,->,391,164,->,391,166,->,391,168,->,391,169,->,391,171,->,391,174,->,391,175,->,391,179,->,391,185,->,391,186,->,391,187,->,391,188,->,391,189,->,391,190,->,391,191,->,391,192,->,391,193,->,391,194,->,391,195,->,391,196,->,391,197,->,391,198,->,391,199,->,391,200,->,391,201,->,391,202,->,391,203,->,391,204,->,391,205,->,391,206,->,391,207,->,391,208,->,391,209,->,391,210,->,391,211,->,391,212,->,391,213,->,391,214,->,391,215,->,391,216,->,391,217,->,391,218,->,391,219,->,391,220,->,391,221,->,391,222,->,391,223,->,391,224,->,391,225,->,391,226,->,391,227,->,391,228,->,391,229,->,391,230,->,391,231,->,391,232,->,391,233,->,391,234,->,391,235,->,391,236,->,391,237,->,391,238,->,391,239,->,391,240,->,391,241,->,391,242,->,391,243,->,391,244,->,391,245,->,391,246,->,391,247,->,391,248,->,391,249,->,391,250,->,391,251,->,391,252,->,391,253,->,391,254,->,391,255,->,391,256,->,391,257,->,391,258,->,391,259,->,391,260,->,391,261,->,391,262,->,391,263,->,391,264,->,391,265,->,391,266,->,391,267,->,391,268,->,391,269,->,391,270,->,391,271,->,391,272,->,391,273,->,391,274,->,391,275,->,391,276,->,391,277,->,391,278,->,391,279,->,391,280,->,391,281,->,391,282,->,391,283,->,391,284,->,391,285,->,391,286,->,391,287,->,391,288,->,391,289,->,391,290,->,391,291,->,391,292,->,391,293,->,391,294,->,391,295,->,391,296,->,391,297,->,391,298,->,391,299,->,391,300,->,391,301,->,391,302,->,391,303,->,392,0,->,392,1,->,392,2,->,392,3,->,392,4,->,392,5,->,392,6,->,392,7,->,392,8,->,392,9,->,392,10,->,392,11,->,392,12,->,392,13,->,392,14,->,392,15,->,392,16,->,392,17,->,392,18,->,392,19,->,392,20,->,392,21,->,392,22,->,392,23,->,392,24,->,392,25,->,392,26,->,392,27,->,392,28,->,392,29,->,392,30,->,392,31,->,392,32,->,392,33,->,392,34,->,392,35,->,392,36,->,392,37,->,392,38,->,392,39,->,392,40,->,392,41,->,392,42,->,392,43,->,392,44,->,392,45,->,392,46,->,392,47,->,392,48,->,392,49,->,392,50,->,392,51,->,392,52,->,392,53,->,392,54,->,392,55,->,392,56,->,392,57,->,392,58,->,392,59,->,392,60,->,392,61,->,392,62,->,392,63,->,392,64,->,392,65,->,392,66,->,392,67,->,392,68,->,392,69,->,392,70,->,392,71,->,392,72,->,392,73,->,392,74,->,392,75,->,392,76,->,392,77,->,392,78,->,392,79,->,392,80,->,392,81,->,392,82,->,392,83,->,392,84,->,392,85,->,392,86,->,392,87,->,392,88,->,392,89,->,392,90,->,392,91,->,392,92,->,392,93,->,392,94,->,392,95,->,392,96,->,392,97,->,392,98,->,392,99,->,392,100,->,392,101,->,392,102,->,392,103,->,392,104,->,392,105,->,392,106,->,392,107,->,392,108,->,392,109,->,392,110,->,392,111,->,392,112,->,392,113,->,392,114,->,392,115,->,392,116,->,392,117,->,392,118,->,392,119,->,392,120,->,392,121,->,392,122,->,392,123,->,392,124,->,392,125,->,392,131,->,392,132,->,392,133,->,392,134,->,392,135,->,392,136,->,392,137,->,392,138,->,392,139,->,392,140,->,392,141,->,392,142,->,392,143,->,392,144,->,392,145,->,392,146,->,392,147,->,392,148,->,392,149,->,392,150,->,392,151,->,392,153,->,392,156,->,392,157,->,392,158,->,392,159,->,392,161,->,392,162,->,392,164,->,392,165,->,392,166,->,392,167,->,392,168,->,392,169,->,392,170,->,392,172,->,392,174,->,392,175,->,392,176,->,392,178,->,392,179,->,392,180,->,392,181,->,392,185,->,392,187,->,392,188,->,392,189,->,392,190,->,392,191,->,392,192,->,392,193,->,392,194,->,392,195,->,392,196,->,392,197,->,392,198,->,392,199,->,392,200,->,392,201,->,392,202,->,392,203,->,392,204,->,392,205,->,392,206,->,392,207,->,392,208,->,392,209,->,392,210,->,392,211,->,392,212,->,392,213,->,392,214,->,392,215,->,392,216,->,392,217,->,392,218,->,392,219,->,392,220,->,392,221,->,392,222,->,392,223,->,392,224,->,392,225,->,392,226,->,392,227,->,392,228,->,392,229,->,392,230,->,392,231,->,392,232,->,392,233,->,392,234,->,392,235,->,392,236,->,392,237,->,392,238,->,392,239,->,392,240,->,392,241,->,392,242,->,392,243,->,392,244,->,392,245,->,392,246,->,392,247,->,392,248,->,392,249,->,392,250,->,392,251,->,392,252,->,392,253,->,392,254,->,392,255,->,392,256,->,392,257,->,392,258,->,392,259,->,392,260,->,392,261,->,392,262,->,392,263,->,392,264,->,392,265,->,392,266,->,392,267,->,392,268,->,392,269,->,392,270,->,392,271,->,392,272,->,392,273,->,392,274,->,392,275,->,392,276,->,392,277,->,392,278,->,392,279,->,392,280,->,392,281,->,392,282,->,392,283,->,392,284,->,392,285,->,392,286,->,392,287,->,392,288,->,392,289,->,392,290,->,392,291,->,392,292,->,392,293,->,392,294,->,392,295,->,392,296,->,392,297,->,392,298,->,392,299,->,392,300,->,392,301,->,392,302,->,392,303,->,393,0,->,393,1,->,393,2,->,393,3,->,393,4,->,393,5,->,393,6,->,393,7,->,393,8,->,393,9,->,393,10,->,393,11,->,393,12,->,393,13,->,393,14,->,393,15,->,393,16,->,393,17,->,393,18,->,393,19,->,393,20,->,393,21,->,393,22,->,393,23,->,393,24,->,393,25,->,393,26,->,393,27,->,393,28,->,393,29,->,393,30,->,393,31,->,393,32,->,393,33,->,393,34,->,393,35,->,393,36,->,393,37,->,393,38,->,393,39,->,393,40,->,393,41,->,393,42,->,393,43,->,393,44,->,393,45,->,393,46,->,393,47,->,393,48,->,393,49,->,393,50,->,393,51,->,393,52,->,393,53,->,393,54,->,393,55,->,393,56,->,393,57,->,393,58,->,393,59,->,393,60,->,393,61,->,393,62,->,393,63,->,393,64,->,393,65,->,393,66,->,393,67,->,393,68,->,393,69,->,393,70,->,393,71,->,393,72,->,393,73,->,393,74,->,393,75,->,393,76,->,393,77,->,393,78,->,393,79,->,393,80,->,393,81,->,393,82,->,393,83,->,393,84,->,393,85,->,393,86,->,393,87,->,393,88,->,393,89,->,393,90,->,393,91,->,393,92,->,393,93,->,393,94,->,393,95,->,393,96,->,393,97,->,393,98,->,393,99,->,393,100,->,393,101,->,393,102,->,393,103,->,393,104,->,393,105,->,393,106,->,393,107,->,393,108,->,393,109,->,393,110,->,393,111,->,393,112,->,393,113,->,393,114,->,393,115,->,393,116,->,393,117,->,393,118,->,393,119,->,393,120,->,393,121,->,393,122,->,393,123,->,393,124,->,393,125,->,393,130,->,393,131,->,393,132,->,393,133,->,393,134,->,393,135,->,393,136,->,393,137,->,393,139,->,393,140,->,393,141,->,393,142,->,393,143,->,393,144,->,393,145,->,393,146,->,393,147,->,393,148,->,393,149,->,393,151,->,393,152,->,393,153,->,393,155,->,393,158,->,393,160,->,393,161,->,393,162,->,393,163,->,393,165,->,393,166,->,393,167,->,393,169,->,393,170,->,393,174,->,393,175,->,393,176,->,393,177,->,393,179,->,393,180,->,393,181,->,393,183,->,393,184,->,393,186,->,393,187,->,393,188,->,393,189,->,393,190,->,393,191,->,393,192,->,393,193,->,393,194,->,393,195,->,393,196,->,393,197,->,393,198,->,393,199,->,393,200,->,393,201,->,393,202,->,393,203,->,393,204,->,393,205,->,393,206,->,393,207,->,393,208,->,393,209,->,393,210,->,393,211,->,393,212,->,393,213,->,393,214,->,393,215,->,393,216,->,393,217,->,393,218,->,393,219,->,393,220,->,393,221,->,393,222,->,393,223,->,393,224,->,393,225,->,393,226,->,393,227,->,393,228,->,393,229,->,393,230,->,393,231,->,393,232,->,393,233,->,393,234,->,393,235,->,393,236,->,393,237,->,393,238,->,393,239,->,393,240,->,393,241,->,393,242,->,393,243,->,393,244,->,393,245,->,393,246,->,393,247,->,393,248,->,393,249,->,393,250,->,393,251,->,393,252,->,393,253,->,393,254,->,393,255,->,393,256,->,393,257,->,393,258,->,393,259,->,393,260,->,393,261,->,393,262,->,393,263,->,393,264,->,393,265,->,393,266,->,393,267,->,393,268,->,393,269,->,393,270,->,393,271,->,393,272,->,393,273,->,393,274,->,393,275,->,393,276,->,393,277,->,393,278,->,393,279,->,393,280,->,393,281,->,393,282,->,393,283,->,393,284,->,393,285,->,393,286,->,393,287,->,393,288,->,393,289,->,393,290,->,393,291,->,393,292,->,393,293,->,393,294,->,393,295,->,393,296,->,393,297,->,393,298,->,393,299,->,393,300,->,393,301,->,393,302,->,393,303,->,394,0,->,394,1,->,394,2,->,394,3,->,394,4,->,394,5,->,394,6,->,394,7,->,394,8,->,394,9,->,394,10,->,394,11,->,394,12,->,394,13,->,394,14,->,394,15,->,394,16,->,394,17,->,394,18,->,394,19,->,394,20,->,394,21,->,394,22,->,394,23,->,394,24,->,394,25,->,394,26,->,394,27,->,394,28,->,394,29,->,394,30,->,394,31,->,394,32,->,394,33,->,394,34,->,394,35,->,394,36,->,394,37,->,394,38,->,394,39,->,394,40,->,394,41,->,394,42,->,394,43,->,394,44,->,394,45,->,394,46,->,394,47,->,394,48,->,394,49,->,394,50,->,394,51,->,394,52,->,394,53,->,394,54,->,394,55,->,394,56,->,394,57,->,394,58,->,394,59,->,394,60,->,394,61,->,394,62,->,394,63,->,394,64,->,394,65,->,394,66,->,394,67,->,394,68,->,394,69,->,394,70,->,394,71,->,394,72,->,394,73,->,394,74,->,394,75,->,394,76,->,394,77,->,394,78,->,394,79,->,394,80,->,394,81,->,394,82,->,394,83,->,394,84,->,394,85,->,394,86,->,394,87,->,394,88,->,394,89,->,394,90,->,394,91,->,394,92,->,394,93,->,394,94,->,394,95,->,394,96,->,394,97,->,394,98,->,394,99,->,394,100,->,394,101,->,394,102,->,394,103,->,394,104,->,394,105,->,394,106,->,394,107,->,394,108,->,394,109,->,394,110,->,394,111,->,394,112,->,394,113,->,394,114,->,394,115,->,394,116,->,394,117,->,394,118,->,394,119,->,394,120,->,394,121,->,394,122,->,394,123,->,394,124,->,394,125,->,394,131,->,394,132,->,394,133,->,394,134,->,394,135,->,394,136,->,394,137,->,394,138,->,394,139,->,394,140,->,394,141,->,394,142,->,394,143,->,394,144,->,394,145,->,394,146,->,394,147,->,394,148,->,394,149,->,394,150,->,394,153,->,394,155,->,394,156,->,394,157,->,394,159,->,394,160,->,394,162,->,394,166,->,394,167,->,394,168,->,394,169,->,394,170,->,394,171,->,394,177,->,394,179,->,394,182,->,394,185,->,394,186,->,394,187,->,394,188,->,394,189,->,394,190,->,394,191,->,394,192,->,394,193,->,394,194,->,394,195,->,394,196,->,394,197,->,394,198,->,394,199,->,394,200,->,394,201,->,394,202,->,394,203,->,394,204,->,394,205,->,394,206,->,394,207,->,394,208,->,394,209,->,394,210,->,394,211,->,394,212,->,394,213,->,394,214,->,394,215,->,394,216,->,394,217,->,394,218,->,394,219,->,394,220,->,394,221,->,394,222,->,394,223,->,394,224,->,394,225,->,394,226,->,394,227,->,394,228,->,394,229,->,394,230,->,394,231,->,394,232,->,394,233,->,394,234,->,394,235,->,394,236,->,394,237,->,394,238,->,394,239,->,394,240,->,394,241,->,394,242,->,394,243,->,394,244,->,394,245,->,394,246,->,394,247,->,394,248,->,394,249,->,394,250,->,394,251,->,394,252,->,394,253,->,394,254,->,394,255,->,394,256,->,394,257,->,394,258,->,394,259,->,394,260,->,394,261,->,394,262,->,394,263,->,394,264,->,394,265,->,394,266,->,394,267,->,394,268,->,394,269,->,394,270,->,394,271,->,394,272,->,394,273,->,394,274,->,394,275,->,394,276,->,394,277,->,394,278,->,394,279,->,394,280,->,394,281,->,394,282,->,394,283,->,394,284,->,394,285,->,394,286,->,394,287,->,394,288,->,394,289,->,394,290,->,394,291,->,394,292,->,394,293,->,394,294,->,394,295,->,394,296,->,394,297,->,394,298,->,394,299,->,394,300,->,394,301,->,394,302,->,394,303,->,395,0,->,395,1,->,395,2,->,395,3,->,395,4,->,395,5,->,395,6,->,395,7,->,395,8,->,395,9,->,395,10,->,395,11,->,395,12,->,395,13,->,395,14,->,395,15,->,395,16,->,395,17,->,395,18,->,395,19,->,395,20,->,395,21,->,395,22,->,395,23,->,395,24,->,395,25,->,395,26,->,395,27,->,395,28,->,395,29,->,395,30,->,395,31,->,395,32,->,395,33,->,395,34,->,395,35,->,395,36,->,395,37,->,395,38,->,395,39,->,395,40,->,395,41,->,395,42,->,395,43,->,395,44,->,395,45,->,395,46,->,395,47,->,395,48,->,395,49,->,395,50,->,395,51,->,395,52,->,395,53,->,395,54,->,395,55,->,395,56,->,395,57,->,395,58,->,395,59,->,395,60,->,395,61,->,395,62,->,395,63,->,395,64,->,395,65,->,395,66,->,395,67,->,395,68,->,395,69,->,395,70,->,395,71,->,395,72,->,395,73,->,395,74,->,395,75,->,395,76,->,395,77,->,395,78,->,395,79,->,395,80,->,395,81,->,395,82,->,395,83,->,395,84,->,395,85,->,395,86,->,395,87,->,395,88,->,395,89,->,395,90,->,395,91,->,395,92,->,395,93,->,395,94,->,395,95,->,395,96,->,395,97,->,395,98,->,395,99,->,395,100,->,395,101,->,395,102,->,395,103,->,395,104,->,395,105,->,395,106,->,395,107,->,395,108,->,395,109,->,395,110,->,395,111,->,395,112,->,395,113,->,395,114,->,395,115,->,395,116,->,395,117,->,395,118,->,395,119,->,395,120,->,395,121,->,395,122,->,395,123,->,395,124,->,395,125,->,395,126,->,395,131,->,395,132,->,395,133,->,395,134,->,395,135,->,395,136,->,395,137,->,395,138,->,395,139,->,395,140,->,395,141,->,395,142,->,395,143,->,395,145,->,395,146,->,395,147,->,395,148,->,395,150,->,395,151,->,395,152,->,395,154,->,395,155,->,395,158,->,395,159,->,395,160,->,395,163,->,395,164,->,395,165,->,395,166,->,395,167,->,395,169,->,395,170,->,395,171,->,395,172,->,395,173,->,395,176,->,395,178,->,395,180,->,395,182,->,395,185,->,395,186,->,395,187,->,395,188,->,395,189,->,395,190,->,395,191,->,395,192,->,395,193,->,395,194,->,395,195,->,395,196,->,395,197,->,395,198,->,395,199,->,395,200,->,395,201,->,395,202,->,395,203,->,395,204,->,395,205,->,395,206,->,395,207,->,395,208,->,395,209,->,395,210,->,395,211,->,395,212,->,395,213,->,395,214,->,395,215,->,395,216,->,395,217,->,395,218,->,395,219,->,395,220,->,395,221,->,395,222,->,395,223,->,395,224,->,395,225,->,395,226,->,395,227,->,395,228,->,395,229,->,395,230,->,395,231,->,395,232,->,395,233,->,395,234,->,395,235,->,395,236,->,395,237,->,395,238,->,395,239,->,395,240,->,395,241,->,395,242,->,395,243,->,395,244,->,395,245,->,395,246,->,395,247,->,395,248,->,395,249,->,395,250,->,395,251,->,395,252,->,395,253,->,395,254,->,395,255,->,395,256,->,395,257,->,395,258,->,395,259,->,395,260,->,395,261,->,395,262,->,395,263,->,395,264,->,395,265,->,395,266,->,395,267,->,395,268,->,395,269,->,395,270,->,395,271,->,395,272,->,395,273,->,395,274,->,395,275,->,395,276,->,395,277,->,395,278,->,395,279,->,395,280,->,395,281,->,395,282,->,395,283,->,395,284,->,395,285,->,395,286,->,395,287,->,395,288,->,395,289,->,395,290,->,395,291,->,395,292,->,395,293,->,395,294,->,395,295,->,395,296,->,395,297,->,395,298,->,395,299,->,395,300,->,395,301,->,395,302,->,395,303,->,396,0,->,396,1,->,396,2,->,396,3,->,396,4,->,396,5,->,396,6,->,396,7,->,396,8,->,396,9,->,396,10,->,396,11,->,396,12,->,396,13,->,396,14,->,396,15,->,396,16,->,396,17,->,396,18,->,396,19,->,396,20,->,396,21,->,396,22,->,396,23,->,396,24,->,396,25,->,396,26,->,396,27,->,396,28,->,396,29,->,396,30,->,396,31,->,396,32,->,396,33,->,396,34,->,396,35,->,396,36,->,396,37,->,396,38,->,396,39,->,396,40,->,396,41,->,396,42,->,396,43,->,396,44,->,396,45,->,396,46,->,396,47,->,396,48,->,396,49,->,396,50,->,396,51,->,396,52,->,396,53,->,396,54,->,396,55,->,396,56,->,396,57,->,396,58,->,396,59,->,396,60,->,396,61,->,396,62,->,396,63,->,396,64,->,396,65,->,396,66,->,396,67,->,396,68,->,396,69,->,396,70,->,396,71,->,396,72,->,396,73,->,396,74,->,396,75,->,396,76,->,396,77,->,396,78,->,396,79,->,396,80,->,396,81,->,396,82,->,396,83,->,396,84,->,396,85,->,396,86,->,396,87,->,396,88,->,396,89,->,396,90,->,396,91,->,396,92,->,396,93,->,396,94,->,396,95,->,396,96,->,396,97,->,396,98,->,396,99,->,396,100,->,396,101,->,396,102,->,396,103,->,396,104,->,396,105,->,396,106,->,396,107,->,396,108,->,396,109,->,396,110,->,396,111,->,396,112,->,396,113,->,396,114,->,396,115,->,396,116,->,396,117,->,396,118,->,396,119,->,396,120,->,396,121,->,396,122,->,396,123,->,396,124,->,396,125,->,396,133,->,396,134,->,396,135,->,396,136,->,396,137,->,396,138,->,396,139,->,396,140,->,396,141,->,396,142,->,396,145,->,396,146,->,396,147,->,396,148,->,396,149,->,396,150,->,396,152,->,396,153,->,396,154,->,396,155,->,396,156,->,396,157,->,396,159,->,396,161,->,396,163,->,396,164,->,396,169,->,396,170,->,396,171,->,396,173,->,396,174,->,396,176,->,396,178,->,396,179,->,396,184,->,396,185,->,396,186,->,396,187,->,396,188,->,396,189,->,396,190,->,396,191,->,396,192,->,396,193,->,396,194,->,396,195,->,396,196,->,396,197,->,396,198,->,396,199,->,396,200,->,396,201,->,396,202,->,396,203,->,396,204,->,396,205,->,396,206,->,396,207,->,396,208,->,396,209,->,396,210,->,396,211,->,396,212,->,396,213,->,396,214,->,396,215,->,396,216,->,396,217,->,396,218,->,396,219,->,396,220,->,396,221,->,396,222,->,396,223,->,396,224,->,396,225,->,396,226,->,396,227,->,396,228,->,396,229,->,396,230,->,396,231,->,396,232,->,396,233,->,396,234,->,396,235,->,396,236,->,396,237,->,396,238,->,396,239,->,396,240,->,396,241,->,396,242,->,396,243,->,396,244,->,396,245,->,396,246,->,396,247,->,396,248,->,396,249,->,396,250,->,396,251,->,396,252,->,396,253,->,396,254,->,396,255,->,396,256,->,396,257,->,396,258,->,396,259,->,396,260,->,396,261,->,396,262,->,396,263,->,396,264,->,396,265,->,396,266,->,396,267,->,396,268,->,396,269,->,396,270,->,396,271,->,396,272,->,396,273,->,396,274,->,396,275,->,396,276,->,396,277,->,396,278,->,396,279,->,396,280,->,396,281,->,396,282,->,396,283,->,396,284,->,396,285,->,396,286,->,396,287,->,396,288,->,396,289,->,396,290,->,396,291,->,396,292,->,396,293,->,396,294,->,396,295,->,396,296,->,396,297,->,396,298,->,396,299,->,396,300,->,396,301,->,396,302,->,396,303,->,397,0,->,397,1,->,397,2,->,397,3,->,397,4,->,397,5,->,397,6,->,397,7,->,397,8,->,397,9,->,397,10,->,397,11,->,397,12,->,397,13,->,397,14,->,397,15,->,397,16,->,397,17,->,397,18,->,397,19,->,397,20,->,397,21,->,397,22,->,397,23,->,397,24,->,397,25,->,397,26,->,397,27,->,397,28,->,397,29,->,397,30,->,397,31,->,397,32,->,397,33,->,397,34,->,397,35,->,397,36,->,397,37,->,397,38,->,397,39,->,397,40,->,397,41,->,397,42,->,397,43,->,397,44,->,397,45,->,397,46,->,397,47,->,397,48,->,397,49,->,397,50,->,397,51,->,397,52,->,397,53,->,397,54,->,397,55,->,397,56,->,397,57,->,397,58,->,397,59,->,397,60,->,397,61,->,397,62,->,397,63,->,397,64,->,397,65,->,397,66,->,397,67,->,397,68,->,397,69,->,397,70,->,397,71,->,397,72,->,397,73,->,397,74,->,397,75,->,397,76,->,397,77,->,397,78,->,397,79,->,397,80,->,397,81,->,397,82,->,397,83,->,397,84,->,397,85,->,397,86,->,397,87,->,397,88,->,397,89,->,397,90,->,397,91,->,397,92,->,397,93,->,397,94,->,397,95,->,397,96,->,397,97,->,397,98,->,397,99,->,397,100,->,397,101,->,397,102,->,397,103,->,397,104,->,397,105,->,397,106,->,397,107,->,397,108,->,397,109,->,397,110,->,397,111,->,397,112,->,397,113,->,397,114,->,397,115,->,397,116,->,397,117,->,397,118,->,397,119,->,397,120,->,397,121,->,397,122,->,397,123,->,397,124,->,397,125,->,397,126,->,397,134,->,397,135,->,397,136,->,397,137,->,397,138,->,397,139,->,397,140,->,397,141,->,397,142,->,397,143,->,397,144,->,397,145,->,397,146,->,397,147,->,397,148,->,397,149,->,397,151,->,397,152,->,397,153,->,397,156,->,397,158,->,397,161,->,397,164,->,397,165,->,397,167,->,397,170,->,397,171,->,397,172,->,397,173,->,397,174,->,397,176,->,397,178,->,397,179,->,397,182,->,397,183,->,397,184,->,397,185,->,397,186,->,397,187,->,397,188,->,397,189,->,397,190,->,397,191,->,397,192,->,397,193,->,397,194,->,397,195,->,397,196,->,397,197,->,397,198,->,397,199,->,397,200,->,397,201,->,397,202,->,397,203,->,397,204,->,397,205,->,397,206,->,397,207,->,397,208,->,397,209,->,397,210,->,397,211,->,397,212,->,397,213,->,397,214,->,397,215,->,397,216,->,397,217,->,397,218,->,397,219,->,397,220,->,397,221,->,397,222,->,397,223,->,397,224,->,397,225,->,397,226,->,397,227,->,397,228,->,397,229,->,397,230,->,397,231,->,397,232,->,397,233,->,397,234,->,397,235,->,397,236,->,397,237,->,397,238,->,397,239,->,397,240,->,397,241,->,397,242,->,397,243,->,397,244,->,397,245,->,397,246,->,397,247,->,397,248,->,397,249,->,397,250,->,397,251,->,397,252,->,397,253,->,397,254,->,397,255,->,397,256,->,397,257,->,397,258,->,397,259,->,397,260,->,397,261,->,397,262,->,397,263,->,397,264,->,397,265,->,397,266,->,397,267,->,397,268,->,397,269,->,397,270,->,397,271,->,397,272,->,397,273,->,397,274,->,397,275,->,397,276,->,397,277,->,397,278,->,397,279,->,397,280,->,397,281,->,397,282,->,397,283,->,397,284,->,397,285,->,397,286,->,397,287,->,397,288,->,397,289,->,397,290,->,397,291,->,397,292,->,397,293,->,397,294,->,397,295,->,397,296,->,397,297,->,397,298,->,397,299,->,397,300,->,397,301,->,397,302,->,397,303,->,398,0,->,398,1,->,398,2,->,398,3,->,398,4,->,398,5,->,398,6,->,398,7,->,398,8,->,398,9,->,398,10,->,398,11,->,398,12,->,398,13,->,398,14,->,398,15,->,398,16,->,398,17,->,398,18,->,398,19,->,398,20,->,398,21,->,398,22,->,398,23,->,398,24,->,398,25,->,398,26,->,398,27,->,398,28,->,398,29,->,398,30,->,398,31,->,398,32,->,398,33,->,398,34,->,398,35,->,398,36,->,398,37,->,398,38,->,398,39,->,398,40,->,398,41,->,398,42,->,398,43,->,398,44,->,398,45,->,398,46,->,398,47,->,398,48,->,398,49,->,398,50,->,398,51,->,398,52,->,398,53,->,398,54,->,398,55,->,398,56,->,398,57,->,398,58,->,398,59,->,398,60,->,398,61,->,398,62,->,398,63,->,398,64,->,398,65,->,398,66,->,398,67,->,398,68,->,398,69,->,398,70,->,398,71,->,398,72,->,398,73,->,398,74,->,398,75,->,398,76,->,398,77,->,398,78,->,398,79,->,398,80,->,398,81,->,398,82,->,398,83,->,398,84,->,398,85,->,398,86,->,398,87,->,398,88,->,398,89,->,398,90,->,398,91,->,398,92,->,398,93,->,398,94,->,398,95,->,398,96,->,398,97,->,398,98,->,398,99,->,398,100,->,398,101,->,398,102,->,398,103,->,398,104,->,398,105,->,398,106,->,398,107,->,398,108,->,398,109,->,398,110,->,398,111,->,398,112,->,398,113,->,398,114,->,398,115,->,398,116,->,398,117,->,398,118,->,398,119,->,398,120,->,398,121,->,398,122,->,398,123,->,398,124,->,398,125,->,398,126,->,398,133,->,398,134,->,398,135,->,398,136,->,398,137,->,398,138,->,398,139,->,398,140,->,398,141,->,398,142,->,398,143,->,398,144,->,398,145,->,398,147,->,398,148,->,398,149,->,398,152,->,398,153,->,398,158,->,398,160,->,398,162,->,398,163,->,398,165,->,398,166,->,398,167,->,398,168,->,398,170,->,398,171,->,398,172,->,398,174,->,398,175,->,398,177,->,398,180,->,398,183,->,398,184,->,398,185,->,398,186,->,398,187,->,398,188,->,398,189,->,398,190,->,398,191,->,398,192,->,398,193,->,398,194,->,398,195,->,398,196,->,398,197,->,398,198,->,398,199,->,398,200,->,398,201,->,398,202,->,398,203,->,398,204,->,398,205,->,398,206,->,398,207,->,398,208,->,398,209,->,398,210,->,398,211,->,398,212,->,398,213,->,398,214,->,398,215,->,398,216,->,398,217,->,398,218,->,398,219,->,398,220,->,398,221,->,398,222,->,398,223,->,398,224,->,398,225,->,398,226,->,398,227,->,398,228,->,398,229,->,398,230,->,398,231,->,398,232,->,398,233,->,398,234,->,398,235,->,398,236,->,398,237,->,398,238,->,398,239,->,398,240,->,398,241,->,398,242,->,398,243,->,398,244,->,398,245,->,398,246,->,398,247,->,398,248,->,398,249,->,398,250,->,398,251,->,398,252,->,398,253,->,398,254,->,398,255,->,398,256,->,398,257,->,398,258,->,398,259,->,398,260,->,398,261,->,398,262,->,398,263,->,398,264,->,398,265,->,398,266,->,398,267,->,398,268,->,398,269,->,398,270,->,398,271,->,398,272,->,398,273,->,398,274,->,398,275,->,398,276,->,398,277,->,398,278,->,398,279,->,398,280,->,398,281,->,398,282,->,398,283,->,398,284,->,398,285,->,398,286,->,398,287,->,398,288,->,398,289,->,398,290,->,398,291,->,398,292,->,398,293,->,398,294,->,398,295,->,398,296,->,398,297,->,398,298,->,398,299,->,398,300,->,398,301,->,398,302,->,398,303,->,399,0,->,399,1,->,399,2,->,399,3,->,399,4,->,399,5,->,399,6,->,399,7,->,399,8,->,399,9,->,399,10,->,399,11,->,399,12,->,399,13,->,399,14,->,399,15,->,399,16,->,399,17,->,399,18,->,399,19,->,399,20,->,399,21,->,399,22,->,399,23,->,399,24,->,399,25,->,399,26,->,399,27,->,399,28,->,399,29,->,399,30,->,399,31,->,399,32,->,399,33,->,399,34,->,399,35,->,399,36,->,399,37,->,399,38,->,399,39,->,399,40,->,399,41,->,399,42,->,399,43,->,399,44,->,399,45,->,399,46,->,399,47,->,399,48,->,399,49,->,399,50,->,399,51,->,399,52,->,399,53,->,399,54,->,399,55,->,399,56,->,399,57,->,399,58,->,399,59,->,399,60,->,399,61,->,399,62,->,399,63,->,399,64,->,399,65,->,399,66,->,399,67,->,399,68,->,399,69,->,399,70,->,399,71,->,399,72,->,399,73,->,399,74,->,399,75,->,399,76,->,399,77,->,399,78,->,399,79,->,399,80,->,399,81,->,399,82,->,399,83,->,399,84,->,399,85,->,399,86,->,399,87,->,399,88,->,399,89,->,399,90,->,399,91,->,399,92,->,399,93,->,399,94,->,399,95,->,399,96,->,399,97,->,399,98,->,399,99,->,399,100,->,399,101,->,399,102,->,399,103,->,399,104,->,399,105,->,399,106,->,399,107,->,399,108,->,399,109,->,399,110,->,399,111,->,399,112,->,399,113,->,399,114,->,399,115,->,399,116,->,399,117,->,399,118,->,399,119,->,399,120,->,399,121,->,399,122,->,399,123,->,399,124,->,399,125,->,399,126,->,399,134,->,399,135,->,399,136,->,399,137,->,399,138,->,399,139,->,399,140,->,399,141,->,399,142,->,399,143,->,399,144,->,399,145,->,399,148,->,399,149,->,399,150,->,399,152,->,399,153,->,399,158,->,399,159,->,399,160,->,399,163,->,399,164,->,399,165,->,399,166,->,399,167,->,399,168,->,399,169,->,399,170,->,399,172,->,399,173,->,399,180,->,399,181,->,399,182,->,399,183,->,399,184,->,399,185,->,399,186,->,399,187,->,399,188,->,399,189,->,399,190,->,399,191,->,399,192,->,399,193,->,399,194,->,399,195,->,399,196,->,399,197,->,399,198,->,399,199,->,399,200,->,399,201,->,399,202,->,399,203,->,399,204,->,399,205,->,399,206,->,399,207,->,399,208,->,399,209,->,399,210,->,399,211,->,399,212,->,399,213,->,399,214,->,399,215,->,399,216,->,399,217,->,399,218,->,399,219,->,399,220,->,399,221,->,399,222,->,399,223,->,399,224,->,399,225,->,399,226,->,399,227,->,399,228,->,399,229,->,399,230,->,399,231,->,399,232,->,399,233,->,399,234,->,399,235,->,399,236,->,399,237,->,399,238,->,399,239,->,399,240,->,399,241,->,399,242,->,399,243,->,399,244,->,399,245,->,399,246,->,399,247,->,399,248,->,399,249,->,399,250,->,399,251,->,399,252,->,399,253,->,399,254,->,399,255,->,399,256,->,399,257,->,399,258,->,399,259,->,399,260,->,399,261,->,399,262,->,399,263,->,399,264,->,399,265,->,399,266,->,399,267,->,399,268,->,399,269,->,399,270,->,399,271,->,399,272,->,399,273,->,399,274,->,399,275,->,399,276,->,399,277,->,399,278,->,399,279,->,399,280,->,399,281,->,399,282,->,399,283,->,399,284,->,399,285,->,399,286,->,399,287,->,399,288,->,399,289,->,399,290,->,399,291,->,399,292,->,399,293,->,399,294,->,399,295,->,399,296,->,399,297,->,399,298,->,399,299,->,399,300,->,399,301,->,399,302,->,399,303,->,400,0,->,400,1,->,400,2,->,400,3,->,400,4,->,400,5,->,400,6,->,400,7,->,400,8,->,400,9,->,400,10,->,400,11,->,400,12,->,400,13,->,400,14,->,400,15,->,400,16,->,400,17,->,400,18,->,400,19,->,400,20,->,400,21,->,400,22,->,400,23,->,400,24,->,400,25,->,400,26,->,400,27,->,400,28,->,400,29,->,400,30,->,400,31,->,400,32,->,400,33,->,400,34,->,400,35,->,400,36,->,400,37,->,400,38,->,400,39,->,400,40,->,400,41,->,400,42,->,400,43,->,400,44,->,400,45,->,400,46,->,400,47,->,400,48,->,400,49,->,400,50,->,400,51,->,400,52,->,400,53,->,400,54,->,400,55,->,400,56,->,400,57,->,400,58,->,400,59,->,400,60,->,400,61,->,400,62,->,400,63,->,400,64,->,400,65,->,400,66,->,400,67,->,400,68,->,400,69,->,400,70,->,400,71,->,400,72,->,400,73,->,400,74,->,400,75,->,400,76,->,400,77,->,400,78,->,400,79,->,400,80,->,400,81,->,400,82,->,400,83,->,400,84,->,400,85,->,400,86,->,400,87,->,400,88,->,400,89,->,400,90,->,400,91,->,400,92,->,400,93,->,400,94,->,400,95,->,400,96,->,400,97,->,400,98,->,400,99,->,400,100,->,400,101,->,400,102,->,400,103,->,400,104,->,400,105,->,400,106,->,400,107,->,400,108,->,400,109,->,400,110,->,400,111,->,400,112,->,400,113,->,400,114,->,400,115,->,400,116,->,400,117,->,400,118,->,400,119,->,400,120,->,400,121,->,400,122,->,400,123,->,400,124,->,400,125,->,400,126,->,400,135,->,400,136,->,400,137,->,400,138,->,400,139,->,400,140,->,400,141,->,400,142,->,400,145,->,400,146,->,400,147,->,400,149,->,400,150,->,400,152,->,400,154,->,400,156,->,400,157,->,400,158,->,400,159,->,400,161,->,400,164,->,400,172,->,400,177,->,400,178,->,400,179,->,400,180,->,400,181,->,400,182,->,400,183,->,400,184,->,400,185,->,400,186,->,400,187,->,400,188,->,400,189,->,400,190,->,400,191,->,400,192,->,400,193,->,400,194,->,400,195,->,400,196,->,400,197,->,400,198,->,400,199,->,400,200,->,400,201,->,400,202,->,400,203,->,400,204,->,400,205,->,400,206,->,400,207,->,400,208,->,400,209,->,400,210,->,400,211,->,400,212,->,400,213,->,400,214,->,400,215,->,400,216,->,400,217,->,400,218,->,400,219,->,400,220,->,400,221,->,400,222,->,400,223,->,400,224,->,400,225,->,400,226,->,400,227,->,400,228,->,400,229,->,400,230,->,400,231,->,400,232,->,400,233,->,400,234,->,400,235,->,400,236,->,400,237,->,400,238,->,400,239,->,400,240,->,400,241,->,400,242,->,400,243,->,400,244,->,400,245,->,400,246,->,400,247,->,400,248,->,400,249,->,400,250,->,400,251,->,400,252,->,400,253,->,400,254,->,400,255,->,400,256,->,400,257,->,400,258,->,400,259,->,400,260,->,400,261,->,400,262,->,400,263,->,400,264,->,400,265,->,400,266,->,400,267,->,400,268,->,400,269,->,400,270,->,400,271,->,400,272,->,400,273,->,400,274,->,400,275,->,400,276,->,400,277,->,400,278,->,400,279,->,400,280,->,400,281,->,400,282,->,400,283,->,400,284,->,400,285,->,400,286,->,400,287,->,400,288,->,400,289,->,400,290,->,400,291,->,400,292,->,400,293,->,400,294,->,400,295,->,400,296,->,400,297,->,400,298,->,400,299,->,400,300,->,400,301,->,400,302,->,400,303,->,401,0,->,401,1,->,401,2,->,401,3,->,401,4,->,401,5,->,401,6,->,401,7,->,401,8,->,401,9,->,401,10,->,401,11,->,401,12,->,401,13,->,401,14,->,401,15,->,401,16,->,401,17,->,401,18,->,401,19,->,401,20,->,401,21,->,401,22,->,401,23,->,401,24,->,401,25,->,401,26,->,401,27,->,401,28,->,401,29,->,401,30,->,401,31,->,401,32,->,401,33,->,401,34,->,401,35,->,401,36,->,401,37,->,401,38,->,401,39,->,401,40,->,401,41,->,401,42,->,401,43,->,401,44,->,401,45,->,401,46,->,401,47,->,401,48,->,401,49,->,401,50,->,401,51,->,401,52,->,401,53,->,401,54,->,401,55,->,401,56,->,401,57,->,401,58,->,401,59,->,401,60,->,401,61,->,401,62,->,401,63,->,401,64,->,401,65,->,401,66,->,401,67,->,401,68,->,401,69,->,401,70,->,401,71,->,401,72,->,401,73,->,401,74,->,401,75,->,401,76,->,401,77,->,401,78,->,401,79,->,401,80,->,401,81,->,401,82,->,401,83,->,401,84,->,401,85,->,401,86,->,401,87,->,401,88,->,401,89,->,401,90,->,401,91,->,401,92,->,401,93,->,401,94,->,401,95,->,401,96,->,401,97,->,401,98,->,401,99,->,401,100,->,401,101,->,401,102,->,401,103,->,401,104,->,401,105,->,401,106,->,401,107,->,401,108,->,401,109,->,401,110,->,401,111,->,401,112,->,401,113,->,401,114,->,401,115,->,401,116,->,401,117,->,401,118,->,401,119,->,401,120,->,401,121,->,401,122,->,401,123,->,401,124,->,401,125,->,401,135,->,401,136,->,401,139,->,401,140,->,401,142,->,401,143,->,401,144,->,401,145,->,401,146,->,401,149,->,401,152,->,401,154,->,401,156,->,401,165,->,401,166,->,401,169,->,401,172,->,401,173,->,401,174,->,401,175,->,401,176,->,401,177,->,401,178,->,401,179,->,401,180,->,401,181,->,401,182,->,401,183,->,401,184,->,401,185,->,401,186,->,401,187,->,401,188,->,401,189,->,401,190,->,401,191,->,401,192,->,401,193,->,401,194,->,401,195,->,401,196,->,401,197,->,401,198,->,401,199,->,401,200,->,401,201,->,401,202,->,401,203,->,401,204,->,401,205,->,401,206,->,401,207,->,401,208,->,401,209,->,401,210,->,401,211,->,401,212,->,401,213,->,401,214,->,401,215,->,401,216,->,401,217,->,401,218,->,401,219,->,401,220,->,401,221,->,401,222,->,401,223,->,401,224,->,401,225,->,401,226,->,401,227,->,401,228,->,401,229,->,401,230,->,401,231,->,401,232,->,401,233,->,401,234,->,401,235,->,401,236,->,401,237,->,401,238,->,401,239,->,401,240,->,401,241,->,401,242,->,401,243,->,401,244,->,401,245,->,401,246,->,401,247,->,401,248,->,401,249,->,401,250,->,401,251,->,401,252,->,401,253,->,401,254,->,401,255,->,401,256,->,401,257,->,401,258,->,401,259,->,401,260,->,401,261,->,401,262,->,401,263,->,401,264,->,401,265,->,401,266,->,401,267,->,401,268,->,401,269,->,401,270,->,401,271,->,401,272,->,401,273,->,401,274,->,401,275,->,401,276,->,401,277,->,401,278,->,401,279,->,401,280,->,401,281,->,401,282,->,401,283,->,401,284,->,401,285,->,401,286,->,401,287,->,401,288,->,401,289,->,401,290,->,401,291,->,401,292,->,401,293,->,401,294,->,401,295,->,401,296,->,401,297,->,401,298,->,401,299,->,401,300,->,401,301,->,401,302,->,401,303,->,402,0,->,402,1,->,402,2,->,402,3,->,402,4,->,402,5,->,402,6,->,402,7,->,402,8,->,402,9,->,402,10,->,402,11,->,402,12,->,402,13,->,402,14,->,402,15,->,402,16,->,402,17,->,402,18,->,402,19,->,402,20,->,402,21,->,402,22,->,402,23,->,402,24,->,402,25,->,402,26,->,402,27,->,402,28,->,402,29,->,402,30,->,402,31,->,402,32,->,402,33,->,402,34,->,402,35,->,402,36,->,402,37,->,402,38,->,402,39,->,402,40,->,402,41,->,402,42,->,402,43,->,402,44,->,402,45,->,402,46,->,402,47,->,402,48,->,402,49,->,402,50,->,402,51,->,402,52,->,402,53,->,402,54,->,402,55,->,402,56,->,402,57,->,402,58,->,402,59,->,402,60,->,402,61,->,402,62,->,402,63,->,402,64,->,402,65,->,402,66,->,402,67,->,402,68,->,402,69,->,402,70,->,402,71,->,402,72,->,402,73,->,402,74,->,402,75,->,402,76,->,402,77,->,402,78,->,402,79,->,402,80,->,402,81,->,402,82,->,402,83,->,402,84,->,402,85,->,402,86,->,402,87,->,402,88,->,402,89,->,402,90,->,402,91,->,402,92,->,402,93,->,402,94,->,402,95,->,402,96,->,402,97,->,402,98,->,402,99,->,402,100,->,402,101,->,402,102,->,402,103,->,402,104,->,402,105,->,402,106,->,402,107,->,402,108,->,402,109,->,402,110,->,402,111,->,402,112,->,402,113,->,402,114,->,402,115,->,402,116,->,402,117,->,402,118,->,402,119,->,402,120,->,402,121,->,402,122,->,402,123,->,402,124,->,402,125,->,402,136,->,402,139,->,402,140,->,402,141,->,402,144,->,402,146,->,402,147,->,402,148,->,402,150,->,402,151,->,402,153,->,402,154,->,402,156,->,402,158,->,402,159,->,402,160,->,402,161,->,402,162,->,402,163,->,402,164,->,402,165,->,402,166,->,402,167,->,402,168,->,402,169,->,402,170,->,402,171,->,402,172,->,402,173,->,402,174,->,402,175,->,402,176,->,402,177,->,402,178,->,402,179,->,402,180,->,402,181,->,402,182,->,402,183,->,402,184,->,402,185,->,402,186,->,402,187,->,402,188,->,402,189,->,402,190,->,402,191,->,402,192,->,402,193,->,402,194,->,402,195,->,402,196,->,402,197,->,402,198,->,402,199,->,402,200,->,402,201,->,402,202,->,402,203,->,402,204,->,402,205,->,402,206,->,402,207,->,402,208,->,402,209,->,402,210,->,402,211,->,402,212,->,402,213,->,402,214,->,402,215,->,402,216,->,402,217,->,402,218,->,402,219,->,402,220,->,402,221,->,402,222,->,402,223,->,402,224,->,402,225,->,402,226,->,402,227,->,402,228,->,402,229,->,402,230,->,402,231,->,402,232,->,402,233,->,402,234,->,402,235,->,402,236,->,402,237,->,402,238,->,402,239,->,402,240,->,402,241,->,402,242,->,402,243,->,402,244,->,402,245,->,402,246,->,402,247,->,402,248,->,402,249,->,402,250,->,402,251,->,402,252,->,402,253,->,402,254,->,402,255,->,402,256,->,402,257,->,402,258,->,402,259,->,402,260,->,402,261,->,402,262,->,402,263,->,402,264,->,402,265,->,402,266,->,402,267,->,402,268,->,402,269,->,402,270,->,402,271,->,402,272,->,402,273,->,402,274,->,402,275,->,402,276,->,402,277,->,402,278,->,402,279,->,402,280,->,402,281,->,402,282,->,402,283,->,402,284,->,402,285,->,402,286,->,402,287,->,402,288,->,402,289,->,402,290,->,402,291,->,402,292,->,402,293,->,402,294,->,402,295,->,402,296,->,402,297,->,402,298,->,402,299,->,402,300,->,402,301,->,402,302,->,402,303,->,403,0,->,403,1,->,403,2,->,403,3,->,403,4,->,403,5,->,403,6,->,403,7,->,403,8,->,403,9,->,403,10,->,403,11,->,403,12,->,403,13,->,403,14,->,403,15,->,403,16,->,403,17,->,403,18,->,403,19,->,403,20,->,403,21,->,403,22,->,403,23,->,403,24,->,403,25,->,403,26,->,403,27,->,403,28,->,403,29,->,403,30,->,403,31,->,403,32,->,403,33,->,403,34,->,403,35,->,403,36,->,403,37,->,403,38,->,403,39,->,403,40,->,403,41,->,403,42,->,403,43,->,403,44,->,403,45,->,403,46,->,403,47,->,403,48,->,403,49,->,403,50,->,403,51,->,403,52,->,403,53,->,403,54,->,403,55,->,403,56,->,403,57,->,403,58,->,403,59,->,403,60,->,403,61,->,403,62,->,403,63,->,403,64,->,403,65,->,403,66,->,403,67,->,403,68,->,403,69,->,403,70,->,403,71,->,403,72,->,403,73,->,403,74,->,403,75,->,403,76,->,403,77,->,403,78,->,403,79,->,403,80,->,403,81,->,403,82,->,403,83,->,403,84,->,403,85,->,403,86,->,403,87,->,403,88,->,403,89,->,403,90,->,403,91,->,403,92,->,403,93,->,403,94,->,403,95,->,403,96,->,403,97,->,403,98,->,403,99,->,403,100,->,403,101,->,403,102,->,403,103,->,403,104,->,403,105,->,403,106,->,403,107,->,403,108,->,403,109,->,403,110,->,403,111,->,403,112,->,403,113,->,403,114,->,403,115,->,403,116,->,403,117,->,403,118,->,403,119,->,403,120,->,403,121,->,403,122,->,403,125,->,403,139,->,403,140,->,403,141,->,403,142,->,403,144,->,403,145,->,403,147,->,403,148,->,403,149,->,403,151,->,403,152,->,403,153,->,403,154,->,403,155,->,403,156,->,403,157,->,403,158,->,403,160,->,403,161,->,403,162,->,403,163,->,403,164,->,403,165,->,403,166,->,403,167,->,403,168,->,403,169,->,403,170,->,403,171,->,403,172,->,403,173,->,403,174,->,403,175,->,403,176,->,403,177,->,403,178,->,403,179,->,403,180,->,403,181,->,403,182,->,403,183,->,403,184,->,403,185,->,403,186,->,403,187,->,403,188,->,403,189,->,403,190,->,403,191,->,403,192,->,403,193,->,403,194,->,403,195,->,403,196,->,403,197,->,403,198,->,403,199,->,403,200,->,403,201,->,403,202,->,403,203,->,403,204,->,403,205,->,403,206,->,403,207,->,403,208,->,403,209,->,403,210,->,403,211,->,403,212,->,403,213,->,403,214,->,403,215,->,403,216,->,403,217,->,403,218,->,403,219,->,403,220,->,403,221,->,403,222,->,403,223,->,403,224,->,403,225,->,403,226,->,403,227,->,403,228,->,403,229,->,403,230,->,403,231,->,403,232,->,403,233,->,403,234,->,403,235,->,403,236,->,403,237,->,403,238,->,403,239,->,403,240,->,403,241,->,403,242,->,403,243,->,403,244,->,403,245,->,403,246,->,403,247,->,403,248,->,403,249,->,403,250,->,403,251,->,403,252,->,403,253,->,403,254,->,403,255,->,403,256,->,403,257,->,403,258,->,403,259,->,403,260,->,403,261,->,403,262,->,403,263,->,403,264,->,403,265,->,403,266,->,403,267,->,403,268,->,403,269,->,403,270,->,403,271,->,403,272,->,403,273,->,403,274,->,403,275,->,403,276,->,403,277,->,403,278,->,403,279,->,403,280,->,403,281,->,403,282,->,403,283,->,403,284,->,403,285,->,403,286,->,403,287,->,403,288,->,403,289,->,403,290,->,403,291,->,403,292,->,403,293,->,403,294,->,403,295,->,403,296,->,403,297,->,403,298,->,403,299,->,403,300,->,403,301,->,403,302,->,403,303,->,404,0,->,404,1,->,404,2,->,404,3,->,404,4,->,404,5,->,404,6,->,404,7,->,404,8,->,404,9,->,404,10,->,404,11,->,404,12,->,404,13,->,404,14,->,404,15,->,404,16,->,404,17,->,404,18,->,404,19,->,404,20,->,404,21,->,404,22,->,404,23,->,404,24,->,404,25,->,404,26,->,404,27,->,404,28,->,404,29,->,404,30,->,404,31,->,404,32,->,404,33,->,404,34,->,404,35,->,404,36,->,404,37,->,404,38,->,404,39,->,404,40,->,404,41,->,404,42,->,404,43,->,404,44,->,404,45,->,404,46,->,404,47,->,404,48,->,404,49,->,404,50,->,404,51,->,404,52,->,404,53,->,404,54,->,404,55,->,404,56,->,404,57,->,404,58,->,404,59,->,404,60,->,404,61,->,404,62,->,404,63,->,404,64,->,404,65,->,404,66,->,404,67,->,404,68,->,404,69,->,404,70,->,404,71,->,404,72,->,404,73,->,404,74,->,404,75,->,404,76,->,404,77,->,404,78,->,404,79,->,404,80,->,404,81,->,404,82,->,404,83,->,404,84,->,404,85,->,404,86,->,404,87,->,404,88,->,404,89,->,404,90,->,404,91,->,404,92,->,404,93,->,404,94,->,404,95,->,404,96,->,404,97,->,404,98,->,404,99,->,404,100,->,404,101,->,404,102,->,404,103,->,404,104,->,404,105,->,404,106,->,404,107,->,404,108,->,404,109,->,404,110,->,404,111,->,404,112,->,404,113,->,404,114,->,404,115,->,404,116,->,404,117,->,404,118,->,404,119,->,404,120,->,404,121,->,404,122,->,404,123,->,404,140,->,404,141,->,404,142,->,404,144,->,404,145,->,404,146,->,404,147,->,404,148,->,404,149,->,404,151,->,404,152,->,404,154,->,404,155,->,404,156,->,404,159,->,404,160,->,404,161,->,404,162,->,404,163,->,404,164,->,404,165,->,404,166,->,404,167,->,404,168,->,404,169,->,404,170,->,404,171,->,404,172,->,404,173,->,404,174,->,404,175,->,404,176,->,404,177,->,404,178,->,404,179,->,404,180,->,404,181,->,404,182,->,404,183,->,404,184,->,404,185,->,404,186,->,404,187,->,404,188,->,404,189,->,404,190,->,404,191,->,404,192,->,404,193,->,404,194,->,404,195,->,404,196,->,404,197,->,404,198,->,404,199,->,404,200,->,404,201,->,404,202,->,404,203,->,404,204,->,404,205,->,404,206,->,404,207,->,404,208,->,404,209,->,404,210,->,404,211,->,404,212,->,404,213,->,404,214,->,404,215,->,404,216,->,404,217,->,404,218,->,404,219,->,404,220,->,404,221,->,404,222,->,404,223,->,404,224,->,404,225,->,404,226,->,404,227,->,404,228,->,404,229,->,404,230,->,404,231,->,404,232,->,404,233,->,404,234,->,404,235,->,404,236,->,404,237,->,404,238,->,404,239,->,404,240,->,404,241,->,404,242,->,404,243,->,404,244,->,404,245,->,404,246,->,404,247,->,404,248,->,404,249,->,404,250,->,404,251,->,404,252,->,404,253,->,404,254,->,404,255,->,404,256,->,404,257,->,404,258,->,404,259,->,404,260,->,404,261,->,404,262,->,404,263,->,404,264,->,404,265,->,404,266,->,404,267,->,404,268,->,404,269,->,404,270,->,404,271,->,404,272,->,404,273,->,404,274,->,404,275,->,404,276,->,404,277,->,404,278,->,404,279,->,404,280,->,404,281,->,404,282,->,404,283,->,404,284,->,404,285,->,404,286,->,404,287,->,404,288,->,404,289,->,404,290,->,404,291,->,404,292,->,404,293,->,404,294,->,404,295,->,404,296,->,404,297,->,404,298,->,404,299,->,404,300,->,404,301,->,404,302,->,404,303,->,405,0,->,405,1,->,405,2,->,405,3,->,405,4,->,405,5,->,405,6,->,405,7,->,405,8,->,405,9,->,405,10,->,405,11,->,405,12,->,405,13,->,405,14,->,405,15,->,405,16,->,405,17,->,405,18,->,405,19,->,405,20,->,405,21,->,405,22,->,405,23,->,405,24,->,405,25,->,405,26,->,405,27,->,405,28,->,405,29,->,405,30,->,405,31,->,405,32,->,405,33,->,405,34,->,405,35,->,405,36,->,405,37,->,405,38,->,405,39,->,405,40,->,405,41,->,405,42,->,405,43,->,405,44,->,405,45,->,405,46,->,405,47,->,405,48,->,405,49,->,405,50,->,405,51,->,405,52,->,405,53,->,405,54,->,405,55,->,405,56,->,405,57,->,405,58,->,405,59,->,405,60,->,405,61,->,405,62,->,405,63,->,405,64,->,405,65,->,405,66,->,405,67,->,405,68,->,405,69,->,405,70,->,405,71,->,405,72,->,405,73,->,405,74,->,405,75,->,405,76,->,405,77,->,405,78,->,405,79,->,405,80,->,405,81,->,405,82,->,405,83,->,405,84,->,405,85,->,405,86,->,405,87,->,405,88,->,405,89,->,405,90,->,405,91,->,405,92,->,405,93,->,405,94,->,405,95,->,405,96,->,405,97,->,405,98,->,405,99,->,405,100,->,405,101,->,405,102,->,405,103,->,405,104,->,405,105,->,405,106,->,405,107,->,405,108,->,405,109,->,405,110,->,405,111,->,405,112,->,405,113,->,405,114,->,405,115,->,405,116,->,405,117,->,405,118,->,405,119,->,405,120,->,405,121,->,405,124,->,405,125,->,405,138,->,405,140,->,405,141,->,405,142,->,405,143,->,405,148,->,405,152,->,405,155,->,405,158,->,405,159,->,405,160,->,405,161,->,405,162,->,405,163,->,405,164,->,405,165,->,405,166,->,405,167,->,405,168,->,405,169,->,405,170,->,405,171,->,405,172,->,405,173,->,405,174,->,405,175,->,405,176,->,405,177,->,405,178,->,405,179,->,405,180,->,405,181,->,405,182,->,405,183,->,405,184,->,405,185,->,405,186,->,405,187,->,405,188,->,405,189,->,405,190,->,405,191,->,405,192,->,405,193,->,405,194,->,405,195,->,405,196,->,405,197,->,405,198,->,405,199,->,405,200,->,405,201,->,405,202,->,405,203,->,405,204,->,405,205,->,405,206,->,405,207,->,405,208,->,405,209,->,405,210,->,405,211,->,405,212,->,405,213,->,405,214,->,405,215,->,405,216,->,405,217,->,405,218,->,405,219,->,405,220,->,405,221,->,405,222,->,405,223,->,405,224,->,405,225,->,405,226,->,405,227,->,405,228,->,405,229,->,405,230,->,405,231,->,405,232,->,405,233,->,405,234,->,405,235,->,405,236,->,405,237,->,405,238,->,405,239,->,405,240,->,405,241,->,405,242,->,405,243,->,405,244,->,405,245,->,405,246,->,405,247,->,405,248,->,405,249,->,405,250,->,405,251,->,405,252,->,405,253,->,405,254,->,405,255,->,405,256,->,405,257,->,405,258,->,405,259,->,405,260,->,405,261,->,405,262,->,405,263,->,405,264,->,405,265,->,405,266,->,405,267,->,405,268,->,405,269,->,405,270,->,405,271,->,405,272,->,405,273,->,405,274,->,405,275,->,405,276,->,405,277,->,405,278,->,405,279,->,405,280,->,405,281,->,405,282,->,405,283,->,405,284,->,405,285,->,405,286,->,405,287,->,405,288,->,405,289,->,405,290,->,405,291,->,405,292,->,405,293,->,405,294,->,405,295,->,405,296,->,405,297,->,405,298,->,405,299,->,405,300,->,405,301,->,405,302,->,405,303,->,406,0,->,406,1,->,406,2,->,406,3,->,406,4,->,406,5,->,406,6,->,406,7,->,406,8,->,406,9,->,406,10,->,406,11,->,406,12,->,406,13,->,406,14,->,406,15,->,406,16,->,406,17,->,406,18,->,406,19,->,406,20,->,406,21,->,406,22,->,406,23,->,406,24,->,406,25,->,406,26,->,406,27,->,406,28,->,406,29,->,406,30,->,406,31,->,406,32,->,406,33,->,406,34,->,406,35,->,406,36,->,406,37,->,406,38,->,406,39,->,406,40,->,406,41,->,406,42,->,406,43,->,406,44,->,406,45,->,406,46,->,406,47,->,406,48,->,406,49,->,406,50,->,406,51,->,406,52,->,406,53,->,406,54,->,406,55,->,406,56,->,406,57,->,406,58,->,406,59,->,406,60,->,406,61,->,406,62,->,406,63,->,406,64,->,406,65,->,406,66,->,406,67,->,406,68,->,406,69,->,406,70,->,406,71,->,406,72,->,406,73,->,406,74,->,406,75,->,406,76,->,406,77,->,406,78,->,406,79,->,406,80,->,406,81,->,406,82,->,406,83,->,406,84,->,406,85,->,406,86,->,406,87,->,406,88,->,406,89,->,406,90,->,406,91,->,406,92,->,406,93,->,406,94,->,406,95,->,406,96,->,406,97,->,406,98,->,406,99,->,406,100,->,406,101,->,406,102,->,406,103,->,406,104,->,406,105,->,406,106,->,406,107,->,406,108,->,406,109,->,406,110,->,406,111,->,406,112,->,406,113,->,406,114,->,406,115,->,406,116,->,406,117,->,406,118,->,406,119,->,406,120,->,406,121,->,406,124,->,406,125,->,406,139,->,406,141,->,406,142,->,406,143,->,406,147,->,406,148,->,406,149,->,406,150,->,406,152,->,406,153,->,406,155,->,406,158,->,406,159,->,406,160,->,406,161,->,406,162,->,406,163,->,406,164,->,406,165,->,406,166,->,406,167,->,406,168,->,406,169,->,406,170,->,406,171,->,406,172,->,406,173,->,406,174,->,406,175,->,406,176,->,406,177,->,406,178,->,406,179,->,406,180,->,406,181,->,406,182,->,406,183,->,406,184,->,406,185,->,406,186,->,406,187,->,406,188,->,406,189,->,406,190,->,406,191,->,406,192,->,406,193,->,406,194,->,406,195,->,406,196,->,406,197,->,406,198,->,406,199,->,406,200,->,406,201,->,406,202,->,406,203,->,406,204,->,406,205,->,406,206,->,406,207,->,406,208,->,406,209,->,406,210,->,406,211,->,406,212,->,406,213,->,406,214,->,406,215,->,406,216,->,406,217,->,406,218,->,406,219,->,406,220,->,406,221,->,406,222,->,406,223,->,406,224,->,406,225,->,406,226,->,406,227,->,406,228,->,406,229,->,406,230,->,406,231,->,406,232,->,406,233,->,406,234,->,406,235,->,406,236,->,406,237,->,406,238,->,406,239,->,406,240,->,406,241,->,406,242,->,406,243,->,406,244,->,406,245,->,406,246,->,406,247,->,406,248,->,406,249,->,406,250,->,406,251,->,406,252,->,406,253,->,406,254,->,406,255,->,406,256,->,406,257,->,406,258,->,406,259,->,406,260,->,406,261,->,406,262,->,406,263,->,406,264,->,406,265,->,406,266,->,406,267,->,406,268,->,406,269,->,406,270,->,406,271,->,406,272,->,406,273,->,406,274,->,406,275,->,406,276,->,406,277,->,406,278,->,406,279,->,406,280,->,406,281,->,406,282,->,406,283,->,406,284,->,406,285,->,406,286,->,406,287,->,406,288,->,406,289,->,406,290,->,406,291,->,406,292,->,406,293,->,406,294,->,406,295,->,406,296,->,406,297,->,406,298,->,406,299,->,406,300,->,406,301,->,406,302,->,406,303,->,407,0,->,407,1,->,407,2,->,407,3,->,407,4,->,407,5,->,407,6,->,407,7,->,407,8,->,407,9,->,407,10,->,407,11,->,407,12,->,407,13,->,407,14,->,407,15,->,407,16,->,407,17,->,407,18,->,407,19,->,407,20,->,407,21,->,407,22,->,407,23,->,407,24,->,407,25,->,407,26,->,407,27,->,407,28,->,407,29,->,407,30,->,407,31,->,407,32,->,407,33,->,407,34,->,407,35,->,407,36,->,407,37,->,407,38,->,407,39,->,407,40,->,407,41,->,407,42,->,407,43,->,407,44,->,407,45,->,407,46,->,407,47,->,407,48,->,407,49,->,407,50,->,407,51,->,407,52,->,407,53,->,407,54,->,407,55,->,407,56,->,407,57,->,407,58,->,407,59,->,407,60,->,407,61,->,407,62,->,407,63,->,407,64,->,407,65,->,407,66,->,407,67,->,407,68,->,407,69,->,407,70,->,407,71,->,407,72,->,407,73,->,407,74,->,407,75,->,407,76,->,407,77,->,407,78,->,407,79,->,407,80,->,407,81,->,407,82,->,407,83,->,407,84,->,407,85,->,407,86,->,407,87,->,407,88,->,407,89,->,407,90,->,407,91,->,407,92,->,407,93,->,407,94,->,407,95,->,407,96,->,407,97,->,407,98,->,407,99,->,407,100,->,407,101,->,407,102,->,407,103,->,407,104,->,407,105,->,407,106,->,407,107,->,407,108,->,407,109,->,407,110,->,407,111,->,407,112,->,407,113,->,407,114,->,407,115,->,407,116,->,407,117,->,407,118,->,407,119,->,407,120,->,407,121,->,407,139,->,407,140,->,407,142,->,407,143,->,407,144,->,407,145,->,407,148,->,407,149,->,407,151,->,407,153,->,407,154,->,407,155,->,407,157,->,407,158,->,407,159,->,407,160,->,407,161,->,407,162,->,407,163,->,407,164,->,407,165,->,407,166,->,407,167,->,407,168,->,407,169,->,407,170,->,407,171,->,407,172,->,407,173,->,407,174,->,407,175,->,407,176,->,407,177,->,407,178,->,407,179,->,407,180,->,407,181,->,407,182,->,407,183,->,407,184,->,407,185,->,407,186,->,407,187,->,407,188,->,407,189,->,407,190,->,407,191,->,407,192,->,407,193,->,407,194,->,407,195,->,407,196,->,407,197,->,407,198,->,407,199,->,407,200,->,407,201,->,407,202,->,407,203,->,407,204,->,407,205,->,407,206,->,407,207,->,407,208,->,407,209,->,407,210,->,407,211,->,407,212,->,407,213,->,407,214,->,407,215,->,407,216,->,407,217,->,407,218,->,407,219,->,407,220,->,407,221,->,407,222,->,407,223,->,407,224,->,407,225,->,407,226,->,407,227,->,407,228,->,407,229,->,407,230,->,407,231,->,407,232,->,407,233,->,407,234,->,407,235,->,407,236,->,407,237,->,407,238,->,407,239,->,407,240,->,407,241,->,407,242,->,407,243,->,407,244,->,407,245,->,407,246,->,407,247,->,407,248,->,407,249,->,407,250,->,407,251,->,407,252,->,407,253,->,407,254,->,407,255,->,407,256,->,407,257,->,407,258,->,407,259,->,407,260,->,407,261,->,407,262,->,407,263,->,407,264,->,407,265,->,407,266,->,407,267,->,407,268,->,407,269,->,407,270,->,407,271,->,407,272,->,407,273,->,407,274,->,407,275,->,407,276,->,407,277,->,407,278,->,407,279,->,407,280,->,407,281,->,407,282,->,407,283,->,407,284,->,407,285,->,407,286,->,407,287,->,407,288,->,407,289,->,407,290,->,407,291,->,407,292,->,407,293,->,407,294,->,407,295,->,407,296,->,407,297,->,407,298,->,407,299,->,407,300,->,407,301,->,407,302,->,407,303,->,408,0,->,408,1,->,408,2,->,408,3,->,408,4,->,408,5,->,408,6,->,408,7,->,408,8,->,408,9,->,408,10,->,408,11,->,408,12,->,408,13,->,408,14,->,408,15,->,408,16,->,408,17,->,408,18,->,408,19,->,408,20,->,408,21,->,408,22,->,408,23,->,408,24,->,408,25,->,408,26,->,408,27,->,408,28,->,408,29,->,408,30,->,408,31,->,408,32,->,408,33,->,408,34,->,408,35,->,408,36,->,408,37,->,408,38,->,408,39,->,408,40,->,408,41,->,408,42,->,408,43,->,408,44,->,408,45,->,408,46,->,408,47,->,408,48,->,408,49,->,408,50,->,408,51,->,408,52,->,408,53,->,408,54,->,408,55,->,408,56,->,408,57,->,408,58,->,408,59,->,408,60,->,408,61,->,408,62,->,408,63,->,408,64,->,408,65,->,408,66,->,408,67,->,408,68,->,408,69,->,408,70,->,408,73,->,408,74,->,408,75,->,408,76,->,408,77,->,408,78,->,408,79,->,408,80,->,408,81,->,408,82,->,408,83,->,408,84,->,408,85,->,408,86,->,408,87,->,408,88,->,408,89,->,408,90,->,408,91,->,408,92,->,408,93,->,408,94,->,408,95,->,408,96,->,408,97,->,408,98,->,408,99,->,408,100,->,408,101,->,408,102,->,408,103,->,408,104,->,408,105,->,408,106,->,408,107,->,408,108,->,408,109,->,408,112,->,408,113,->,408,114,->,408,115,->,408,116,->,408,117,->,408,118,->,408,119,->,408,120,->,408,121,->,408,124,->,408,140,->,408,141,->,408,142,->,408,143,->,408,144,->,408,145,->,408,146,->,408,147,->,408,148,->,408,150,->,408,151,->,408,152,->,408,153,->,408,154,->,408,155,->,408,157,->,408,158,->,408,159,->,408,160,->,408,161,->,408,162,->,408,163,->,408,164,->,408,165,->,408,166,->,408,167,->,408,168,->,408,169,->,408,170,->,408,171,->,408,172,->,408,173,->,408,174,->,408,175,->,408,176,->,408,177,->,408,178,->,408,179,->,408,180,->,408,181,->,408,182,->,408,183,->,408,184,->,408,185,->,408,186,->,408,187,->,408,188,->,408,189,->,408,190,->,408,191,->,408,192,->,408,193,->,408,194,->,408,195,->,408,196,->,408,197,->,408,198,->,408,199,->,408,200,->,408,201,->,408,202,->,408,203,->,408,204,->,408,205,->,408,206,->,408,207,->,408,208,->,408,209,->,408,210,->,408,211,->,408,212,->,408,213,->,408,214,->,408,215,->,408,216,->,408,217,->,408,218,->,408,219,->,408,220,->,408,221,->,408,222,->,408,223,->,408,224,->,408,225,->,408,226,->,408,227,->,408,228,->,408,229,->,408,230,->,408,231,->,408,232,->,408,233,->,408,234,->,408,235,->,408,236,->,408,237,->,408,238,->,408,239,->,408,240,->,408,241,->,408,242,->,408,243,->,408,244,->,408,245,->,408,246,->,408,247,->,408,248,->,408,249,->,408,250,->,408,251,->,408,252,->,408,253,->,408,254,->,408,255,->,408,256,->,408,257,->,408,258,->,408,259,->,408,260,->,408,261,->,408,262,->,408,263,->,408,264,->,408,265,->,408,266,->,408,267,->,408,268,->,408,269,->,408,270,->,408,271,->,408,272,->,408,273,->,408,274,->,408,275,->,408,276,->,408,277,->,408,278,->,408,279,->,408,280,->,408,281,->,408,282,->,408,283,->,408,284,->,408,285,->,408,286,->,408,287,->,408,288,->,408,289,->,408,290,->,408,291,->,408,292,->,408,293,->,408,294,->,408,295,->,408,296,->,408,297,->,408,298,->,408,299,->,408,300,->,408,301,->,408,302,->,408,303,->,409,0,->,409,1,->,409,2,->,409,3,->,409,4,->,409,5,->,409,6,->,409,7,->,409,8,->,409,9,->,409,10,->,409,11,->,409,12,->,409,13,->,409,14,->,409,15,->,409,16,->,409,17,->,409,18,->,409,19,->,409,20,->,409,21,->,409,22,->,409,23,->,409,24,->,409,25,->,409,26,->,409,27,->,409,28,->,409,29,->,409,30,->,409,31,->,409,32,->,409,33,->,409,34,->,409,35,->,409,36,->,409,37,->,409,38,->,409,39,->,409,40,->,409,41,->,409,42,->,409,43,->,409,44,->,409,45,->,409,46,->,409,47,->,409,48,->,409,49,->,409,50,->,409,51,->,409,52,->,409,53,->,409,54,->,409,55,->,409,56,->,409,57,->,409,58,->,409,59,->,409,60,->,409,61,->,409,62,->,409,63,->,409,64,->,409,65,->,409,66,->,409,67,->,409,68,->,409,69,->,409,70,->,409,71,->,409,72,->,409,73,->,409,74,->,409,75,->,409,76,->,409,77,->,409,78,->,409,79,->,409,80,->,409,81,->,409,82,->,409,83,->,409,84,->,409,85,->,409,86,->,409,87,->,409,88,->,409,89,->,409,90,->,409,91,->,409,92,->,409,93,->,409,94,->,409,95,->,409,96,->,409,97,->,409,98,->,409,99,->,409,100,->,409,101,->,409,102,->,409,111,->,409,112,->,409,113,->,409,114,->,409,115,->,409,116,->,409,117,->,409,118,->,409,119,->,409,120,->,409,143,->,409,144,->,409,145,->,409,146,->,409,148,->,409,150,->,409,151,->,409,153,->,409,154,->,409,155,->,409,158,->,409,159,->,409,160,->,409,161,->,409,162,->,409,163,->,409,164,->,409,165,->,409,166,->,409,167,->,409,168,->,409,169,->,409,170,->,409,171,->,409,172,->,409,173,->,409,174,->,409,175,->,409,176,->,409,177,->,409,178,->,409,179,->,409,180,->,409,181,->,409,182,->,409,183,->,409,184,->,409,185,->,409,186,->,409,187,->,409,188,->,409,189,->,409,190,->,409,191,->,409,192,->,409,193,->,409,194,->,409,195,->,409,196,->,409,197,->,409,198,->,409,199,->,409,200,->,409,201,->,409,202,->,409,203,->,409,204,->,409,205,->,409,206,->,409,207,->,409,208,->,409,209,->,409,210,->,409,211,->,409,212,->,409,213,->,409,214,->,409,215,->,409,216,->,409,217,->,409,218,->,409,219,->,409,220,->,409,221,->,409,222,->,409,223,->,409,224,->,409,225,->,409,226,->,409,227,->,409,228,->,409,229,->,409,230,->,409,231,->,409,232,->,409,233,->,409,234,->,409,235,->,409,236,->,409,237,->,409,238,->,409,239,->,409,240,->,409,241,->,409,242,->,409,243,->,409,244,->,409,245,->,409,246,->,409,247,->,409,248,->,409,249,->,409,250,->,409,251,->,409,252,->,409,253,->,409,254,->,409,255,->,409,256,->,409,257,->,409,258,->,409,259,->,409,260,->,409,261,->,409,262,->,409,263,->,409,264,->,409,265,->,409,266,->,409,267,->,409,268,->,409,269,->,409,270,->,409,271,->,409,272,->,409,273,->,409,274,->,409,275,->,409,276,->,409,277,->,409,278,->,409,279,->,409,280,->,409,281,->,409,282,->,409,283,->,409,284,->,409,285,->,409,286,->,409,287,->,409,288,->,409,289,->,409,290,->,409,291,->,409,292,->,409,293,->,409,294,->,409,295,->,409,296,->,409,297,->,409,298,->,409,299,->,409,300,->,409,301,->,409,302,->,409,303,->,410,0,->,410,1,->,410,2,->,410,3,->,410,4,->,410,5,->,410,6,->,410,7,->,410,8,->,410,9,->,410,10,->,410,11,->,410,12,->,410,13,->,410,14,->,410,15,->,410,16,->,410,17,->,410,18,->,410,19,->,410,20,->,410,21,->,410,22,->,410,23,->,410,24,->,410,27,->,410,28,->,410,29,->,410,30,->,410,31,->,410,33,->,410,34,->,410,35,->,410,36,->,410,37,->,410,38,->,410,39,->,410,40,->,410,41,->,410,42,->,410,43,->,410,44,->,410,45,->,410,46,->,410,47,->,410,48,->,410,49,->,410,50,->,410,51,->,410,52,->,410,53,->,410,54,->,410,55,->,410,56,->,410,57,->,410,58,->,410,59,->,410,60,->,410,61,->,410,62,->,410,63,->,410,64,->,410,65,->,410,66,->,410,67,->,410,68,->,410,69,->,410,70,->,410,71,->,410,72,->,410,73,->,410,74,->,410,75,->,410,76,->,410,77,->,410,78,->,410,79,->,410,80,->,410,81,->,410,82,->,410,83,->,410,84,->,410,85,->,410,86,->,410,87,->,410,88,->,410,89,->,410,90,->,410,91,->,410,92,->,410,93,->,410,94,->,410,95,->,410,96,->,410,97,->,410,98,->,410,99,->,410,100,->,410,101,->,410,110,->,410,111,->,410,112,->,410,113,->,410,114,->,410,115,->,410,116,->,410,117,->,410,118,->,410,119,->,410,120,->,410,141,->,410,142,->,410,143,->,410,144,->,410,146,->,410,148,->,410,151,->,410,153,->,410,158,->,410,159,->,410,160,->,410,161,->,410,162,->,410,163,->,410,164,->,410,165,->,410,166,->,410,167,->,410,168,->,410,169,->,410,170,->,410,171,->,410,172,->,410,173,->,410,174,->,410,175,->,410,176,->,410,177,->,410,178,->,410,179,->,410,180,->,410,181,->,410,182,->,410,183,->,410,184,->,410,185,->,410,186,->,410,187,->,410,188,->,410,189,->,410,190,->,410,191,->,410,192,->,410,193,->,410,194,->,410,195,->,410,196,->,410,197,->,410,198,->,410,199,->,410,200,->,410,201,->,410,202,->,410,203,->,410,204,->,410,205,->,410,206,->,410,207,->,410,208,->,410,209,->,410,210,->,410,211,->,410,212,->,410,213,->,410,214,->,410,215,->,410,216,->,410,217,->,410,218,->,410,219,->,410,220,->,410,221,->,410,222,->,410,223,->,410,224,->,410,225,->,410,226,->,410,227,->,410,228,->,410,229,->,410,230,->,410,231,->,410,232,->,410,233,->,410,234,->,410,235,->,410,236,->,410,237,->,410,238,->,410,239,->,410,240,->,410,241,->,410,242,->,410,243,->,410,244,->,410,245,->,410,246,->,410,247,->,410,248,->,410,249,->,410,250,->,410,251,->,410,252,->,410,253,->,410,254,->,410,255,->,410,256,->,410,257,->,410,258,->,410,259,->,410,260,->,410,261,->,410,262,->,410,263,->,410,264,->,410,265,->,410,266,->,410,267,->,410,268,->,410,269,->,410,270,->,410,271,->,410,272,->,410,273,->,410,274,->,410,275,->,410,276,->,410,277,->,410,278,->,410,279,->,410,280,->,410,281,->,410,282,->,410,283,->,410,284,->,410,285,->,410,286,->,410,287,->,410,288,->,410,289,->,410,290,->,410,291,->,410,292,->,410,293,->,410,294,->,410,295,->,410,296,->,410,297,->,410,298,->,410,299,->,410,300,->,410,301,->,410,302,->,410,303,->,411,0,->,411,1,->,411,2,->,411,3,->,411,4,->,411,5,->,411,6,->,411,7,->,411,8,->,411,9,->,411,10,->,411,11,->,411,12,->,411,13,->,411,14,->,411,15,->,411,16,->,411,17,->,411,18,->,411,19,->,411,20,->,411,21,->,411,22,->,411,23,->,411,24,->,411,25,->,411,30,->,411,31,->,411,32,->,411,33,->,411,35,->,411,36,->,411,37,->,411,38,->,411,39,->,411,40,->,411,41,->,411,42,->,411,43,->,411,44,->,411,45,->,411,46,->,411,47,->,411,48,->,411,49,->,411,50,->,411,51,->,411,52,->,411,53,->,411,54,->,411,55,->,411,56,->,411,57,->,411,58,->,411,59,->,411,60,->,411,61,->,411,62,->,411,63,->,411,64,->,411,65,->,411,66,->,411,67,->,411,68,->,411,69,->,411,70,->,411,71,->,411,72,->,411,73,->,411,74,->,411,75,->,411,76,->,411,77,->,411,78,->,411,79,->,411,80,->,411,81,->,411,82,->,411,83,->,411,84,->,411,85,->,411,86,->,411,87,->,411,88,->,411,89,->,411,90,->,411,91,->,411,92,->,411,93,->,411,94,->,411,95,->,411,96,->,411,97,->,411,98,->,411,99,->,411,100,->,411,101,->,411,110,->,411,111,->,411,112,->,411,113,->,411,114,->,411,115,->,411,116,->,411,117,->,411,118,->,411,119,->,411,120,->,411,121,->,411,143,->,411,145,->,411,148,->,411,152,->,411,154,->,411,156,->,411,157,->,411,158,->,411,159,->,411,160,->,411,161,->,411,162,->,411,163,->,411,164,->,411,165,->,411,166,->,411,167,->,411,168,->,411,169,->,411,170,->,411,171,->,411,172,->,411,173,->,411,174,->,411,175,->,411,176,->,411,177,->,411,178,->,411,179,->,411,180,->,411,181,->,411,182,->,411,183,->,411,184,->,411,185,->,411,186,->,411,187,->,411,188,->,411,189,->,411,190,->,411,191,->,411,192,->,411,193,->,411,194,->,411,195,->,411,196,->,411,197,->,411,198,->,411,199,->,411,200,->,411,201,->,411,202,->,411,203,->,411,204,->,411,205,->,411,206,->,411,207,->,411,208,->,411,209,->,411,210,->,411,211,->,411,212,->,411,213,->,411,214,->,411,215,->,411,216,->,411,217,->,411,218,->,411,219,->,411,220,->,411,221,->,411,222,->,411,223,->,411,224,->,411,225,->,411,226,->,411,227,->,411,228,->,411,229,->,411,230,->,411,231,->,411,232,->,411,233,->,411,234,->,411,235,->,411,236,->,411,237,->,411,238,->,411,239,->,411,240,->,411,241,->,411,242,->,411,243,->,411,244,->,411,245,->,411,246,->,411,247,->,411,248,->,411,249,->,411,250,->,411,251,->,411,252,->,411,253,->,411,254,->,411,255,->,411,256,->,411,257,->,411,258,->,411,259,->,411,260,->,411,261,->,411,262,->,411,263,->,411,264,->,411,265,->,411,266,->,411,267,->,411,268,->,411,269,->,411,270,->,411,271,->,411,272,->,411,273,->,411,274,->,411,275,->,411,276,->,411,277,->,411,278,->,411,279,->,411,280,->,411,281,->,411,282,->,411,283,->,411,284,->,411,285,->,411,286,->,411,287,->,411,288,->,411,289,->,411,290,->,411,291,->,411,292,->,411,293,->,411,294,->,411,295,->,411,296,->,411,297,->,411,298,->,411,299,->,411,300,->,411,301,->,411,302,->,411,303,->,412,0,->,412,1,->,412,2,->,412,3,->,412,4,->,412,5,->,412,6,->,412,7,->,412,8,->,412,9,->,412,10,->,412,11,->,412,12,->,412,13,->,412,14,->,412,15,->,412,16,->,412,17,->,412,18,->,412,19,->,412,23,->,412,24,->,412,25,->,412,32,->,412,33,->,412,34,->,412,35,->,412,36,->,412,37,->,412,38,->,412,39,->,412,40,->,412,41,->,412,42,->,412,43,->,412,44,->,412,45,->,412,46,->,412,47,->,412,48,->,412,49,->,412,50,->,412,51,->,412,52,->,412,53,->,412,54,->,412,55,->,412,56,->,412,57,->,412,58,->,412,59,->,412,60,->,412,61,->,412,62,->,412,63,->,412,64,->,412,65,->,412,66,->,412,67,->,412,68,->,412,69,->,412,70,->,412,71,->,412,72,->,412,73,->,412,74,->,412,75,->,412,76,->,412,77,->,412,78,->,412,79,->,412,80,->,412,81,->,412,82,->,412,83,->,412,84,->,412,85,->,412,86,->,412,87,->,412,88,->,412,89,->,412,90,->,412,91,->,412,92,->,412,93,->,412,94,->,412,97,->,412,98,->,412,99,->,412,100,->,412,108,->,412,109,->,412,110,->,412,111,->,412,112,->,412,113,->,412,114,->,412,115,->,412,116,->,412,117,->,412,118,->,412,119,->,412,120,->,412,121,->,412,144,->,412,145,->,412,146,->,412,148,->,412,149,->,412,150,->,412,151,->,412,152,->,412,153,->,412,154,->,412,156,->,412,157,->,412,158,->,412,159,->,412,160,->,412,161,->,412,162,->,412,163,->,412,164,->,412,165,->,412,166,->,412,167,->,412,168,->,412,169,->,412,170,->,412,171,->,412,172,->,412,173,->,412,174,->,412,175,->,412,176,->,412,177,->,412,178,->,412,179,->,412,180,->,412,181,->,412,182,->,412,183,->,412,184,->,412,185,->,412,186,->,412,187,->,412,188,->,412,189,->,412,190,->,412,191,->,412,192,->,412,193,->,412,194,->,412,195,->,412,196,->,412,197,->,412,198,->,412,199,->,412,200,->,412,201,->,412,202,->,412,203,->,412,204,->,412,205,->,412,206,->,412,207,->,412,208,->,412,209,->,412,210,->,412,211,->,412,212,->,412,213,->,412,214,->,412,215,->,412,216,->,412,217,->,412,218,->,412,219,->,412,220,->,412,221,->,412,222,->,412,223,->,412,224,->,412,225,->,412,226,->,412,227,->,412,228,->,412,229,->,412,230,->,412,231,->,412,232,->,412,233,->,412,234,->,412,235,->,412,236,->,412,237,->,412,238,->,412,239,->,412,240,->,412,241,->,412,242,->,412,243,->,412,244,->,412,245,->,412,246,->,412,247,->,412,248,->,412,249,->,412,250,->,412,251,->,412,252,->,412,253,->,412,254,->,412,255,->,412,256,->,412,257,->,412,258,->,412,259,->,412,260,->,412,261,->,412,262,->,412,263,->,412,264,->,412,265,->,412,266,->,412,267,->,412,268,->,412,269,->,412,270,->,412,271,->,412,272,->,412,273,->,412,274,->,412,275,->,412,276,->,412,277,->,412,278,->,412,279,->,412,280,->,412,281,->,412,282,->,412,283,->,412,284,->,412,285,->,412,286,->,412,287,->,412,288,->,412,289,->,412,290,->,412,291,->,412,292,->,412,293,->,412,294,->,412,295,->,412,296,->,412,297,->,412,298,->,412,299,->,412,300,->,412,301,->,412,302,->,412,303,->,413,0,->,413,1,->,413,2,->,413,3,->,413,4,->,413,5,->,413,6,->,413,7,->,413,8,->,413,9,->,413,10,->,413,11,->,413,12,->,413,13,->,413,14,->,413,15,->,413,16,->,413,17,->,413,18,->,413,19,->,413,20,->,413,21,->,413,22,->,413,23,->,413,24,->,413,25,->,413,33,->,413,34,->,413,35,->,413,36,->,413,37,->,413,38,->,413,39,->,413,40,->,413,41,->,413,42,->,413,43,->,413,44,->,413,45,->,413,46,->,413,47,->,413,48,->,413,49,->,413,50,->,413,51,->,413,52,->,413,53,->,413,54,->,413,55,->,413,56,->,413,57,->,413,58,->,413,59,->,413,60,->,413,61,->,413,62,->,413,63,->,413,64,->,413,65,->,413,66,->,413,67,->,413,68,->,413,69,->,413,70,->,413,71,->,413,72,->,413,73,->,413,74,->,413,75,->,413,76,->,413,77,->,413,78,->,413,79,->,413,80,->,413,81,->,413,82,->,413,83,->,413,84,->,413,85,->,413,86,->,413,87,->,413,88,->,413,89,->,413,90,->,413,91,->,413,92,->,413,93,->,413,94,->,413,107,->,413,108,->,413,109,->,413,110,->,413,111,->,413,112,->,413,113,->,413,114,->,413,115,->,413,116,->,413,117,->,413,118,->,413,119,->,413,120,->,413,121,->,413,122,->,413,123,->,413,124,->,413,125,->,413,143,->,413,144,->,413,146,->,413,147,->,413,148,->,413,150,->,413,152,->,413,153,->,413,155,->,413,158,->,413,159,->,413,160,->,413,161,->,413,162,->,413,163,->,413,164,->,413,165,->,413,166,->,413,167,->,413,168,->,413,169,->,413,170,->,413,171,->,413,172,->,413,173,->,413,174,->,413,175,->,413,176,->,413,177,->,413,178,->,413,179,->,413,180,->,413,181,->,413,182,->,413,183,->,413,184,->,413,185,->,413,186,->,413,187,->,413,188,->,413,189,->,413,190,->,413,191,->,413,192,->,413,193,->,413,194,->,413,195,->,413,196,->,413,197,->,413,198,->,413,199,->,413,200,->,413,201,->,413,202,->,413,203,->,413,204,->,413,205,->,413,206,->,413,207,->,413,208,->,413,209,->,413,210,->,413,211,->,413,212,->,413,213,->,413,214,->,413,215,->,413,216,->,413,217,->,413,218,->,413,219,->,413,220,->,413,221,->,413,222,->,413,223,->,413,224,->,413,225,->,413,226,->,413,227,->,413,228,->,413,229,->,413,230,->,413,231,->,413,232,->,413,233,->,413,234,->,413,235,->,413,236,->,413,237,->,413,238,->,413,239,->,413,240,->,413,241,->,413,242,->,413,243,->,413,244,->,413,245,->,413,246,->,413,247,->,413,248,->,413,249,->,413,250,->,413,251,->,413,252,->,413,253,->,413,254,->,413,255,->,413,256,->,413,257,->,413,258,->,413,259,->,413,260,->,413,261,->,413,262,->,413,263,->,413,264,->,413,265,->,413,266,->,413,267,->,413,268,->,413,269,->,413,270,->,413,271,->,413,272,->,413,273,->,413,274,->,413,275,->,413,276,->,413,277,->,413,278,->,413,279,->,413,280,->,413,281,->,413,282,->,413,283,->,413,284,->,413,285,->,413,286,->,413,287,->,413,288,->,413,289,->,413,290,->,413,291,->,413,292,->,413,293,->,413,294,->,413,295,->,413,296,->,413,297,->,413,298,->,413,299,->,413,300,->,413,301,->,413,302,->,413,303,->,414,0,->,414,1,->,414,2,->,414,3,->,414,4,->,414,5,->,414,6,->,414,7,->,414,8,->,414,9,->,414,10,->,414,11,->,414,12,->,414,13,->,414,14,->,414,15,->,414,16,->,414,17,->,414,18,->,414,19,->,414,20,->,414,21,->,414,22,->,414,23,->,414,24,->,414,25,->,414,26,->,414,27,->,414,28,->,414,29,->,414,30,->,414,31,->,414,32,->,414,33,->,414,34,->,414,35,->,414,36,->,414,37,->,414,38,->,414,39,->,414,40,->,414,41,->,414,42,->,414,43,->,414,44,->,414,45,->,414,46,->,414,47,->,414,48,->,414,49,->,414,50,->,414,51,->,414,52,->,414,53,->,414,54,->,414,55,->,414,56,->,414,57,->,414,58,->,414,59,->,414,60,->,414,61,->,414,62,->,414,63,->,414,64,->,414,65,->,414,66,->,414,67,->,414,68,->,414,69,->,414,70,->,414,71,->,414,72,->,414,73,->,414,74,->,414,75,->,414,76,->,414,77,->,414,78,->,414,79,->,414,80,->,414,81,->,414,82,->,414,83,->,414,84,->,414,85,->,414,86,->,414,87,->,414,88,->,414,89,->,414,90,->,414,91,->,414,92,->,414,93,->,414,94,->,414,95,->,414,107,->,414,108,->,414,109,->,414,110,->,414,111,->,414,112,->,414,113,->,414,114,->,414,115,->,414,116,->,414,117,->,414,118,->,414,119,->,414,120,->,414,121,->,414,122,->,414,123,->,414,124,->,414,125,->,414,126,->,414,144,->,414,146,->,414,147,->,414,152,->,414,153,->,414,154,->,414,155,->,414,157,->,414,158,->,414,159,->,414,160,->,414,161,->,414,162,->,414,163,->,414,164,->,414,165,->,414,166,->,414,167,->,414,168,->,414,169,->,414,170,->,414,171,->,414,172,->,414,173,->,414,174,->,414,175,->,414,176,->,414,177,->,414,178,->,414,179,->,414,180,->,414,181,->,414,182,->,414,183,->,414,184,->,414,185,->,414,186,->,414,187,->,414,188,->,414,189,->,414,190,->,414,191,->,414,192,->,414,193,->,414,194,->,414,195,->,414,196,->,414,197,->,414,198,->,414,199,->,414,200,->,414,201,->,414,202,->,414,203,->,414,204,->,414,205,->,414,206,->,414,207,->,414,208,->,414,209,->,414,210,->,414,211,->,414,212,->,414,213,->,414,214,->,414,215,->,414,216,->,414,217,->,414,218,->,414,219,->,414,220,->,414,221,->,414,222,->,414,223,->,414,224,->,414,225,->,414,226,->,414,227,->,414,228,->,414,229,->,414,230,->,414,231,->,414,232,->,414,233,->,414,234,->,414,235,->,414,236,->,414,237,->,414,238,->,414,239,->,414,240,->,414,241,->,414,242,->,414,243,->,414,244,->,414,245,->,414,246,->,414,247,->,414,248,->,414,249,->,414,250,->,414,251,->,414,252,->,414,253,->,414,254,->,414,255,->,414,256,->,414,257,->,414,258,->,414,259,->,414,260,->,414,261,->,414,262,->,414,263,->,414,264,->,414,265,->,414,266,->,414,267,->,414,268,->,414,269,->,414,270,->,414,271,->,414,272,->,414,273,->,414,274,->,414,275,->,414,276,->,414,277,->,414,278,->,414,279,->,414,280,->,414,281,->,414,282,->,414,283,->,414,284,->,414,285,->,414,286,->,414,287,->,414,288,->,414,289,->,414,290,->,414,291,->,414,292,->,414,293,->,414,294,->,414,295,->,414,296,->,414,297,->,414,298,->,414,299,->,414,300,->,414,301,->,414,302,->,414,303,->,415,0,->,415,1,->,415,2,->,415,3,->,415,4,->,415,5,->,415,6,->,415,7,->,415,8,->,415,9,->,415,10,->,415,11,->,415,12,->,415,13,->,415,14,->,415,15,->,415,16,->,415,17,->,415,18,->,415,19,->,415,20,->,415,21,->,415,22,->,415,23,->,415,24,->,415,25,->,415,26,->,415,27,->,415,28,->,415,29,->,415,30,->,415,31,->,415,32,->,415,33,->,415,34,->,415,35,->,415,36,->,415,37,->,415,38,->,415,39,->,415,40,->,415,41,->,415,42,->,415,43,->,415,44,->,415,45,->,415,46,->,415,47,->,415,48,->,415,49,->,415,50,->,415,51,->,415,52,->,415,53,->,415,54,->,415,55,->,415,56,->,415,57,->,415,58,->,415,59,->,415,60,->,415,61,->,415,62,->,415,63,->,415,64,->,415,65,->,415,66,->,415,67,->,415,68,->,415,69,->,415,70,->,415,71,->,415,72,->,415,73,->,415,74,->,415,75,->,415,76,->,415,77,->,415,78,->,415,79,->,415,80,->,415,81,->,415,82,->,415,83,->,415,84,->,415,85,->,415,86,->,415,87,->,415,88,->,415,89,->,415,90,->,415,91,->,415,92,->,415,93,->,415,94,->,415,106,->,415,107,->,415,108,->,415,109,->,415,110,->,415,111,->,415,112,->,415,113,->,415,114,->,415,115,->,415,116,->,415,117,->,415,118,->,415,119,->,415,120,->,415,121,->,415,122,->,415,123,->,415,124,->,415,125,->,415,126,->,415,138,->,415,139,->,415,144,->,415,145,->,415,147,->,415,148,->,415,149,->,415,150,->,415,151,->,415,152,->,415,154,->,415,156,->,415,159,->,415,160,->,415,161,->,415,162,->,415,163,->,415,164,->,415,165,->,415,166,->,415,167,->,415,168,->,415,169,->,415,170,->,415,171,->,415,172,->,415,173,->,415,174,->,415,175,->,415,176,->,415,177,->,415,178,->,415,179,->,415,180,->,415,181,->,415,182,->,415,183,->,415,184,->,415,185,->,415,186,->,415,187,->,415,188,->,415,189,->,415,190,->,415,191,->,415,192,->,415,193,->,415,194,->,415,195,->,415,196,->,415,197,->,415,198,->,415,199,->,415,200,->,415,201,->,415,202,->,415,203,->,415,204,->,415,205,->,415,206,->,415,207,->,415,208,->,415,209,->,415,210,->,415,211,->,415,212,->,415,213,->,415,214,->,415,215,->,415,216,->,415,217,->,415,218,->,415,219,->,415,220,->,415,221,->,415,222,->,415,223,->,415,224,->,415,225,->,415,226,->,415,227,->,415,228,->,415,229,->,415,230,->,415,231,->,415,232,->,415,233,->,415,234,->,415,235,->,415,236,->,415,237,->,415,238,->,415,239,->,415,240,->,415,241,->,415,242,->,415,243,->,415,244,->,415,245,->,415,246,->,415,247,->,415,248,->,415,249,->,415,250,->,415,251,->,415,252,->,415,253,->,415,254,->,415,255,->,415,256,->,415,257,->,415,258,->,415,259,->,415,260,->,415,261,->,415,262,->,415,263,->,415,264,->,415,265,->,415,266,->,415,267,->,415,268,->,415,269,->,415,270,->,415,271,->,415,272,->,415,273,->,415,274,->,415,275,->,415,276,->,415,277,->,415,278,->,415,279,->,415,280,->,415,281,->,415,282,->,415,283,->,415,284,->,415,285,->,415,286,->,415,287,->,415,288,->,415,289,->,415,290,->,415,291,->,415,292,->,415,293,->,415,294,->,415,295,->,415,296,->,415,297,->,415,298,->,415,299,->,415,300,->,415,301,->,415,302,->,415,303,->,416,0,->,416,1,->,416,2,->,416,3,->,416,4,->,416,5,->,416,6,->,416,7,->,416,8,->,416,9,->,416,10,->,416,11,->,416,12,->,416,13,->,416,14,->,416,15,->,416,16,->,416,17,->,416,18,->,416,19,->,416,20,->,416,21,->,416,22,->,416,23,->,416,24,->,416,25,->,416,26,->,416,27,->,416,28,->,416,29,->,416,30,->,416,31,->,416,32,->,416,33,->,416,34,->,416,35,->,416,36,->,416,37,->,416,38,->,416,39,->,416,40,->,416,41,->,416,42,->,416,43,->,416,44,->,416,45,->,416,46,->,416,47,->,416,48,->,416,49,->,416,50,->,416,51,->,416,52,->,416,53,->,416,54,->,416,55,->,416,56,->,416,57,->,416,58,->,416,59,->,416,60,->,416,61,->,416,62,->,416,63,->,416,64,->,416,65,->,416,66,->,416,67,->,416,68,->,416,69,->,416,70,->,416,71,->,416,72,->,416,73,->,416,74,->,416,75,->,416,76,->,416,77,->,416,78,->,416,79,->,416,80,->,416,81,->,416,82,->,416,83,->,416,84,->,416,85,->,416,86,->,416,87,->,416,88,->,416,89,->,416,90,->,416,91,->,416,94,->,416,97,->,416,105,->,416,106,->,416,107,->,416,108,->,416,109,->,416,110,->,416,111,->,416,112,->,416,113,->,416,114,->,416,115,->,416,116,->,416,117,->,416,118,->,416,119,->,416,120,->,416,121,->,416,122,->,416,123,->,416,124,->,416,125,->,416,126,->,416,127,->,416,128,->,416,129,->,416,139,->,416,144,->,416,145,->,416,147,->,416,148,->,416,149,->,416,152,->,416,155,->,416,158,->,416,159,->,416,160,->,416,161,->,416,162,->,416,163,->,416,164,->,416,165,->,416,166,->,416,167,->,416,168,->,416,169,->,416,170,->,416,171,->,416,172,->,416,173,->,416,174,->,416,175,->,416,176,->,416,177,->,416,178,->,416,179,->,416,180,->,416,181,->,416,182,->,416,183,->,416,184,->,416,185,->,416,186,->,416,187,->,416,188,->,416,189,->,416,190,->,416,191,->,416,192,->,416,193,->,416,194,->,416,195,->,416,196,->,416,197,->,416,198,->,416,199,->,416,200,->,416,201,->,416,202,->,416,203,->,416,204,->,416,205,->,416,206,->,416,207,->,416,208,->,416,209,->,416,210,->,416,211,->,416,212,->,416,213,->,416,214,->,416,215,->,416,216,->,416,217,->,416,218,->,416,219,->,416,220,->,416,221,->,416,222,->,416,223,->,416,224,->,416,225,->,416,226,->,416,227,->,416,228,->,416,229,->,416,230,->,416,231,->,416,232,->,416,233,->,416,234,->,416,235,->,416,236,->,416,237,->,416,238,->,416,239,->,416,240,->,416,241,->,416,242,->,416,243,->,416,244,->,416,245,->,416,246,->,416,247,->,416,248,->,416,249,->,416,250,->,416,251,->,416,252,->,416,253,->,416,254,->,416,255,->,416,256,->,416,257,->,416,258,->,416,259,->,416,260,->,416,261,->,416,262,->,416,263,->,416,264,->,416,265,->,416,266,->,416,267,->,416,268,->,416,269,->,416,270,->,416,271,->,416,272,->,416,273,->,416,274,->,416,275,->,416,276,->,416,277,->,416,278,->,416,279,->,416,280,->,416,281,->,416,282,->,416,283,->,416,284,->,416,285,->,416,286,->,416,287,->,416,288,->,416,289,->,416,290,->,416,291,->,416,292,->,416,293,->,416,294,->,416,295,->,416,296,->,416,297,->,416,298,->,416,299,->,416,300,->,416,301,->,416,302,->,416,303,->,417,0,->,417,1,->,417,2,->,417,3,->,417,4,->,417,5,->,417,6,->,417,7,->,417,8,->,417,9,->,417,10,->,417,11,->,417,12,->,417,13,->,417,14,->,417,15,->,417,16,->,417,17,->,417,18,->,417,19,->,417,20,->,417,21,->,417,22,->,417,23,->,417,24,->,417,25,->,417,26,->,417,27,->,417,28,->,417,29,->,417,30,->,417,31,->,417,32,->,417,33,->,417,34,->,417,35,->,417,36,->,417,37,->,417,38,->,417,39,->,417,40,->,417,41,->,417,42,->,417,43,->,417,44,->,417,45,->,417,46,->,417,47,->,417,48,->,417,49,->,417,50,->,417,51,->,417,52,->,417,53,->,417,54,->,417,55,->,417,56,->,417,57,->,417,58,->,417,59,->,417,60,->,417,61,->,417,62,->,417,63,->,417,64,->,417,65,->,417,66,->,417,67,->,417,68,->,417,69,->,417,70,->,417,71,->,417,72,->,417,73,->,417,74,->,417,75,->,417,76,->,417,77,->,417,78,->,417,79,->,417,80,->,417,81,->,417,82,->,417,83,->,417,84,->,417,85,->,417,86,->,417,87,->,417,88,->,417,89,->,417,90,->,417,93,->,417,104,->,417,105,->,417,106,->,417,107,->,417,108,->,417,109,->,417,110,->,417,111,->,417,112,->,417,113,->,417,114,->,417,115,->,417,116,->,417,117,->,417,118,->,417,119,->,417,120,->,417,121,->,417,122,->,417,123,->,417,124,->,417,125,->,417,126,->,417,127,->,417,128,->,417,129,->,417,139,->,417,144,->,417,145,->,417,146,->,417,148,->,417,149,->,417,150,->,417,151,->,417,155,->,417,156,->,417,157,->,417,159,->,417,160,->,417,161,->,417,162,->,417,163,->,417,164,->,417,165,->,417,166,->,417,167,->,417,168,->,417,169,->,417,170,->,417,171,->,417,172,->,417,173,->,417,174,->,417,175,->,417,176,->,417,177,->,417,178,->,417,179,->,417,180,->,417,181,->,417,182,->,417,183,->,417,184,->,417,185,->,417,186,->,417,187,->,417,188,->,417,189,->,417,190,->,417,191,->,417,192,->,417,193,->,417,194,->,417,195,->,417,196,->,417,197,->,417,198,->,417,199,->,417,200,->,417,201,->,417,202,->,417,203,->,417,204,->,417,205,->,417,206,->,417,207,->,417,208,->,417,209,->,417,210,->,417,211,->,417,212,->,417,213,->,417,214,->,417,215,->,417,216,->,417,217,->,417,218,->,417,219,->,417,220,->,417,221,->,417,222,->,417,223,->,417,224,->,417,225,->,417,226,->,417,227,->,417,228,->,417,229,->,417,230,->,417,231,->,417,232,->,417,233,->,417,234,->,417,235,->,417,236,->,417,237,->,417,238,->,417,239,->,417,240,->,417,241,->,417,242,->,417,243,->,417,244,->,417,245,->,417,246,->,417,247,->,417,248,->,417,249,->,417,250,->,417,251,->,417,252,->,417,253,->,417,254,->,417,255,->,417,256,->,417,257,->,417,258,->,417,259,->,417,260,->,417,261,->,417,262,->,417,263,->,417,264,->,417,265,->,417,266,->,417,267,->,417,268,->,417,269,->,417,270,->,417,271,->,417,272,->,417,273,->,417,274,->,417,275,->,417,276,->,417,277,->,417,278,->,417,279,->,417,280,->,417,281,->,417,282,->,417,283,->,417,284,->,417,285,->,417,286,->,417,287,->,417,288,->,417,289,->,417,290,->,417,291,->,417,292,->,417,293,->,417,294,->,417,295,->,417,296,->,417,297,->,417,298,->,417,299,->,417,300,->,417,301,->,417,302,->,417,303,->,418,0,->,418,1,->,418,2,->,418,3,->,418,4,->,418,5,->,418,6,->,418,7,->,418,8,->,418,9,->,418,10,->,418,11,->,418,12,->,418,13,->,418,14,->,418,15,->,418,16,->,418,17,->,418,18,->,418,19,->,418,20,->,418,21,->,418,22,->,418,23,->,418,24,->,418,25,->,418,26,->,418,27,->,418,28,->,418,29,->,418,30,->,418,31,->,418,32,->,418,33,->,418,34,->,418,35,->,418,36,->,418,37,->,418,38,->,418,39,->,418,40,->,418,41,->,418,42,->,418,43,->,418,44,->,418,45,->,418,46,->,418,47,->,418,48,->,418,49,->,418,50,->,418,51,->,418,52,->,418,53,->,418,54,->,418,55,->,418,56,->,418,57,->,418,58,->,418,59,->,418,60,->,418,61,->,418,62,->,418,63,->,418,64,->,418,65,->,418,66,->,418,67,->,418,68,->,418,69,->,418,70,->,418,71,->,418,72,->,418,73,->,418,74,->,418,75,->,418,76,->,418,77,->,418,78,->,418,79,->,418,80,->,418,81,->,418,82,->,418,83,->,418,84,->,418,85,->,418,86,->,418,87,->,418,88,->,418,89,->,418,90,->,418,91,->,418,99,->,418,101,->,418,104,->,418,105,->,418,106,->,418,107,->,418,108,->,418,109,->,418,110,->,418,111,->,418,112,->,418,113,->,418,114,->,418,115,->,418,116,->,418,117,->,418,118,->,418,119,->,418,120,->,418,121,->,418,122,->,418,123,->,418,124,->,418,125,->,418,126,->,418,127,->,418,128,->,418,129,->,418,145,->,418,146,->,418,148,->,418,150,->,418,151,->,418,154,->,418,156,->,418,159,->,418,160,->,418,161,->,418,162,->,418,163,->,418,164,->,418,165,->,418,166,->,418,167,->,418,168,->,418,169,->,418,170,->,418,171,->,418,172,->,418,173,->,418,174,->,418,175,->,418,176,->,418,177,->,418,178,->,418,179,->,418,180,->,418,181,->,418,182,->,418,183,->,418,184,->,418,185,->,418,186,->,418,187,->,418,188,->,418,189,->,418,190,->,418,191,->,418,192,->,418,193,->,418,194,->,418,195,->,418,196,->,418,197,->,418,198,->,418,199,->,418,200,->,418,201,->,418,202,->,418,203,->,418,204,->,418,205,->,418,206,->,418,207,->,418,208,->,418,209,->,418,210,->,418,211,->,418,212,->,418,213,->,418,214,->,418,215,->,418,216,->,418,217,->,418,218,->,418,219,->,418,220,->,418,221,->,418,222,->,418,223,->,418,224,->,418,225,->,418,226,->,418,227,->,418,228,->,418,229,->,418,230,->,418,231,->,418,232,->,418,233,->,418,234,->,418,235,->,418,236,->,418,237,->,418,238,->,418,239,->,418,240,->,418,241,->,418,242,->,418,243,->,418,244,->,418,245,->,418,246,->,418,247,->,418,248,->,418,249,->,418,250,->,418,251,->,418,252,->,418,253,->,418,254,->,418,255,->,418,256,->,418,257,->,418,258,->,418,259,->,418,260,->,418,261,->,418,262,->,418,263,->,418,264,->,418,265,->,418,266,->,418,267,->,418,268,->,418,269,->,418,270,->,418,271,->,418,272,->,418,273,->,418,274,->,418,275,->,418,276,->,418,277,->,418,278,->,418,279,->,418,280,->,418,281,->,418,282,->,418,283,->,418,284,->,418,285,->,418,286,->,418,287,->,418,288,->,418,289,->,418,290,->,418,291,->,418,292,->,418,293,->,418,294,->,418,295,->,418,296,->,418,297,->,418,298,->,418,299,->,418,300,->,418,301,->,418,302,->,418,303,->,419,0,->,419,1,->,419,2,->,419,3,->,419,4,->,419,5,->,419,6,->,419,7,->,419,8,->,419,9,->,419,10,->,419,11,->,419,12,->,419,13,->,419,14,->,419,15,->,419,16,->,419,17,->,419,18,->,419,19,->,419,20,->,419,21,->,419,22,->,419,23,->,419,24,->,419,25,->,419,26,->,419,27,->,419,28,->,419,29,->,419,30,->,419,31,->,419,32,->,419,33,->,419,34,->,419,35,->,419,36,->,419,37,->,419,38,->,419,39,->,419,40,->,419,41,->,419,42,->,419,43,->,419,44,->,419,45,->,419,46,->,419,47,->,419,48,->,419,49,->,419,50,->,419,51,->,419,52,->,419,53,->,419,54,->,419,55,->,419,56,->,419,57,->,419,58,->,419,59,->,419,60,->,419,61,->,419,62,->,419,63,->,419,64,->,419,65,->,419,66,->,419,67,->,419,68,->,419,69,->,419,70,->,419,71,->,419,72,->,419,73,->,419,74,->,419,75,->,419,76,->,419,77,->,419,78,->,419,79,->,419,80,->,419,81,->,419,82,->,419,83,->,419,84,->,419,85,->,419,86,->,419,87,->,419,88,->,419,89,->,419,90,->,419,91,->,419,92,->,419,93,->,419,99,->,419,100,->,419,101,->,419,102,->,419,105,->,419,106,->,419,107,->,419,108,->,419,109,->,419,110,->,419,111,->,419,112,->,419,113,->,419,114,->,419,115,->,419,116,->,419,117,->,419,118,->,419,119,->,419,120,->,419,121,->,419,122,->,419,123,->,419,124,->,419,125,->,419,126,->,419,127,->,419,128,->,419,129,->,419,130,->,419,139,->,419,142,->,419,143,->,419,144,->,419,145,->,419,146,->,419,147,->,419,148,->,419,150,->,419,153,->,419,159,->,419,160,->,419,161,->,419,162,->,419,163,->,419,164,->,419,165,->,419,166,->,419,167,->,419,168,->,419,169,->,419,170,->,419,171,->,419,172,->,419,173,->,419,174,->,419,175,->,419,176,->,419,177,->,419,178,->,419,179,->,419,180,->,419,181,->,419,182,->,419,183,->,419,184,->,419,185,->,419,186,->,419,187,->,419,188,->,419,189,->,419,190,->,419,191,->,419,192,->,419,193,->,419,194,->,419,195,->,419,196,->,419,197,->,419,198,->,419,199,->,419,200,->,419,201,->,419,202,->,419,203,->,419,204,->,419,205,->,419,206,->,419,207,->,419,208,->,419,209,->,419,210,->,419,211,->,419,212,->,419,213,->,419,214,->,419,215,->,419,216,->,419,217,->,419,218,->,419,219,->,419,220,->,419,221,->,419,222,->,419,223,->,419,224,->,419,225,->,419,226,->,419,227,->,419,228,->,419,229,->,419,230,->,419,231,->,419,232,->,419,233,->,419,234,->,419,235,->,419,236,->,419,237,->,419,238,->,419,239,->,419,240,->,419,241,->,419,242,->,419,243,->,419,244,->,419,245,->,419,246,->,419,247,->,419,248,->,419,249,->,419,250,->,419,251,->,419,252,->,419,253,->,419,254,->,419,255,->,419,256,->,419,257,->,419,258,->,419,259,->,419,260,->,419,261,->,419,262,->,419,263,->,419,264,->,419,265,->,419,266,->,419,267,->,419,268,->,419,269,->,419,270,->,419,271,->,419,272,->,419,273,->,419,274,->,419,275,->,419,276,->,419,277,->,419,278,->,419,279,->,419,280,->,419,281,->,419,282,->,419,283,->,419,284,->,419,285,->,419,286,->,419,287,->,419,288,->,419,289,->,419,290,->,419,291,->,419,292,->,419,293,->,419,294,->,419,295,->,419,296,->,419,297,->,419,298,->,419,299,->,419,300,->,419,301,->,419,302,->,419,303,->,420,0,->,420,1,->,420,2,->,420,3,->,420,4,->,420,5,->,420,6,->,420,7,->,420,8,->,420,9,->,420,10,->,420,11,->,420,12,->,420,13,->,420,14,->,420,15,->,420,16,->,420,17,->,420,18,->,420,19,->,420,20,->,420,21,->,420,22,->,420,23,->,420,24,->,420,25,->,420,26,->,420,27,->,420,28,->,420,29,->,420,30,->,420,31,->,420,32,->,420,33,->,420,34,->,420,35,->,420,36,->,420,37,->,420,38,->,420,39,->,420,40,->,420,41,->,420,42,->,420,43,->,420,44,->,420,45,->,420,46,->,420,47,->,420,48,->,420,49,->,420,50,->,420,51,->,420,52,->,420,53,->,420,54,->,420,55,->,420,56,->,420,57,->,420,58,->,420,59,->,420,60,->,420,61,->,420,62,->,420,63,->,420,64,->,420,65,->,420,66,->,420,67,->,420,68,->,420,69,->,420,70,->,420,71,->,420,72,->,420,73,->,420,74,->,420,75,->,420,76,->,420,77,->,420,78,->,420,79,->,420,80,->,420,81,->,420,82,->,420,83,->,420,84,->,420,85,->,420,86,->,420,87,->,420,88,->,420,89,->,420,90,->,420,91,->,420,92,->,420,99,->,420,100,->,420,101,->,420,102,->,420,103,->,420,104,->,420,105,->,420,106,->,420,107,->,420,108,->,420,109,->,420,110,->,420,111,->,420,112,->,420,113,->,420,114,->,420,115,->,420,116,->,420,117,->,420,118,->,420,119,->,420,120,->,420,121,->,420,122,->,420,123,->,420,124,->,420,125,->,420,126,->,420,127,->,420,128,->,420,129,->,420,130,->,420,141,->,420,142,->,420,143,->,420,144,->,420,145,->,420,146,->,420,147,->,420,148,->,420,159,->,420,160,->,420,161,->,420,162,->,420,163,->,420,164,->,420,165,->,420,166,->,420,167,->,420,168,->,420,169,->,420,170,->,420,171,->,420,172,->,420,173,->,420,174,->,420,175,->,420,176,->,420,177,->,420,178,->,420,179,->,420,180,->,420,181,->,420,182,->,420,183,->,420,184,->,420,185,->,420,186,->,420,187,->,420,188,->,420,189,->,420,190,->,420,191,->,420,192,->,420,193,->,420,194,->,420,195,->,420,196,->,420,197,->,420,198,->,420,199,->,420,200,->,420,201,->,420,202,->,420,203,->,420,204,->,420,205,->,420,206,->,420,207,->,420,208,->,420,209,->,420,210,->,420,211,->,420,212,->,420,213,->,420,214,->,420,215,->,420,216,->,420,217,->,420,218,->,420,219,->,420,220,->,420,221,->,420,222,->,420,223,->,420,224,->,420,225,->,420,226,->,420,227,->,420,228,->,420,229,->,420,230,->,420,231,->,420,232,->,420,233,->,420,234,->,420,235,->,420,236,->,420,237,->,420,238,->,420,239,->,420,240,->,420,241,->,420,242,->,420,243,->,420,244,->,420,245,->,420,246,->,420,247,->,420,248,->,420,249,->,420,250,->,420,251,->,420,252,->,420,253,->,420,254,->,420,255,->,420,256,->,420,257,->,420,258,->,420,259,->,420,260,->,420,261,->,420,262,->,420,263,->,420,264,->,420,265,->,420,266,->,420,267,->,420,268,->,420,269,->,420,270,->,420,271,->,420,272,->,420,273,->,420,274,->,420,275,->,420,276,->,420,277,->,420,278,->,420,279,->,420,280,->,420,281,->,420,282,->,420,283,->,420,284,->,420,285,->,420,286,->,420,287,->,420,288,->,420,289,->,420,290,->,420,291,->,420,292,->,420,293,->,420,294,->,420,295,->,420,296,->,420,297,->,420,298,->,420,299,->,420,300,->,420,301,->,420,302,->,420,303,->,421,0,->,421,1,->,421,2,->,421,3,->,421,4,->,421,5,->,421,6,->,421,7,->,421,8,->,421,9,->,421,10,->,421,11,->,421,12,->,421,13,->,421,14,->,421,15,->,421,16,->,421,17,->,421,18,->,421,19,->,421,20,->,421,21,->,421,22,->,421,23,->,421,24,->,421,25,->,421,26,->,421,27,->,421,28,->,421,29,->,421,30,->,421,31,->,421,32,->,421,33,->,421,34,->,421,35,->,421,36,->,421,37,->,421,38,->,421,39,->,421,40,->,421,41,->,421,42,->,421,43,->,421,44,->,421,45,->,421,46,->,421,47,->,421,48,->,421,49,->,421,50,->,421,51,->,421,52,->,421,53,->,421,54,->,421,55,->,421,56,->,421,57,->,421,58,->,421,59,->,421,60,->,421,61,->,421,62,->,421,63,->,421,64,->,421,65,->,421,66,->,421,67,->,421,68,->,421,69,->,421,70,->,421,71,->,421,72,->,421,73,->,421,74,->,421,75,->,421,76,->,421,77,->,421,78,->,421,79,->,421,80,->,421,81,->,421,82,->,421,83,->,421,84,->,421,85,->,421,86,->,421,87,->,421,88,->,421,89,->,421,90,->,421,91,->,421,92,->,421,96,->,421,98,->,421,100,->,421,101,->,421,102,->,421,103,->,421,104,->,421,105,->,421,106,->,421,107,->,421,108,->,421,109,->,421,110,->,421,111,->,421,112,->,421,113,->,421,114,->,421,115,->,421,116,->,421,117,->,421,118,->,421,119,->,421,120,->,421,121,->,421,122,->,421,123,->,421,124,->,421,125,->,421,126,->,421,127,->,421,128,->,421,129,->,421,130,->,421,142,->,421,143,->,421,144,->,421,145,->,421,146,->,421,147,->,421,148,->,421,149,->,421,151,->,421,154,->,421,159,->,421,160,->,421,161,->,421,162,->,421,163,->,421,164,->,421,165,->,421,166,->,421,167,->,421,168,->,421,169,->,421,170,->,421,171,->,421,172,->,421,173,->,421,174,->,421,175,->,421,176,->,421,177,->,421,178,->,421,179,->,421,180,->,421,181,->,421,182,->,421,183,->,421,184,->,421,185,->,421,186,->,421,187,->,421,188,->,421,189,->,421,190,->,421,191,->,421,192,->,421,193,->,421,194,->,421,195,->,421,196,->,421,197,->,421,198,->,421,199,->,421,200,->,421,201,->,421,202,->,421,203,->,421,204,->,421,205,->,421,206,->,421,207,->,421,208,->,421,209,->,421,210,->,421,211,->,421,212,->,421,213,->,421,214,->,421,215,->,421,216,->,421,217,->,421,218,->,421,219,->,421,220,->,421,221,->,421,222,->,421,223,->,421,224,->,421,225,->,421,226,->,421,227,->,421,228,->,421,229,->,421,230,->,421,231,->,421,232,->,421,233,->,421,234,->,421,235,->,421,236,->,421,237,->,421,238,->,421,239,->,421,240,->,421,241,->,421,242,->,421,243,->,421,244,->,421,245,->,421,246,->,421,247,->,421,248,->,421,249,->,421,250,->,421,251,->,421,252,->,421,253,->,421,254,->,421,255,->,421,256,->,421,257,->,421,258,->,421,259,->,421,260,->,421,261,->,421,262,->,421,263,->,421,264,->,421,265,->,421,266,->,421,267,->,421,268,->,421,269,->,421,270,->,421,271,->,421,272,->,421,273,->,421,274,->,421,275,->,421,276,->,421,277,->,421,278,->,421,279,->,421,280,->,421,281,->,421,282,->,421,283,->,421,284,->,421,285,->,421,286,->,421,287,->,421,288,->,421,289,->,421,290,->,421,291,->,421,292,->,421,293,->,421,294,->,421,295,->,421,296,->,421,297,->,421,298,->,421,299,->,421,300,->,421,301,->,421,302,->,421,303,->,422,0,->,422,1,->,422,2,->,422,3,->,422,4,->,422,5,->,422,6,->,422,7,->,422,8,->,422,9,->,422,10,->,422,11,->,422,12,->,422,13,->,422,14,->,422,15,->,422,16,->,422,17,->,422,18,->,422,19,->,422,20,->,422,21,->,422,22,->,422,23,->,422,24,->,422,25,->,422,26,->,422,27,->,422,28,->,422,29,->,422,30,->,422,31,->,422,32,->,422,33,->,422,34,->,422,35,->,422,36,->,422,37,->,422,38,->,422,39,->,422,40,->,422,41,->,422,42,->,422,43,->,422,44,->,422,45,->,422,46,->,422,47,->,422,48,->,422,49,->,422,50,->,422,51,->,422,52,->,422,53,->,422,54,->,422,55,->,422,56,->,422,57,->,422,58,->,422,59,->,422,60,->,422,61,->,422,62,->,422,63,->,422,64,->,422,65,->,422,66,->,422,67,->,422,68,->,422,69,->,422,70,->,422,71,->,422,72,->,422,73,->,422,74,->,422,75,->,422,76,->,422,77,->,422,78,->,422,79,->,422,80,->,422,81,->,422,82,->,422,83,->,422,84,->,422,85,->,422,86,->,422,87,->,422,88,->,422,89,->,422,90,->,422,91,->,422,92,->,422,93,->,422,94,->,422,95,->,422,96,->,422,97,->,422,98,->,422,99,->,422,100,->,422,101,->,422,102,->,422,103,->,422,104,->,422,105,->,422,106,->,422,107,->,422,108,->,422,109,->,422,110,->,422,111,->,422,112,->,422,113,->,422,114,->,422,115,->,422,116,->,422,117,->,422,118,->,422,119,->,422,120,->,422,121,->,422,122,->,422,123,->,422,124,->,422,125,->,422,126,->,422,127,->,422,128,->,422,129,->,422,130,->,422,131,->,422,144,->,422,145,->,422,146,->,422,147,->,422,148,->,422,152,->,422,153,->,422,155,->,422,159,->,422,160,->,422,161,->,422,162,->,422,163,->,422,164,->,422,165,->,422,166,->,422,167,->,422,168,->,422,169,->,422,170,->,422,171,->,422,172,->,422,173,->,422,174,->,422,175,->,422,176,->,422,177,->,422,178,->,422,179,->,422,180,->,422,181,->,422,182,->,422,183,->,422,184,->,422,185,->,422,186,->,422,187,->,422,188,->,422,189,->,422,190,->,422,191,->,422,192,->,422,193,->,422,194,->,422,195,->,422,196,->,422,197,->,422,198,->,422,199,->,422,200,->,422,201,->,422,202,->,422,203,->,422,204,->,422,205,->,422,206,->,422,207,->,422,208,->,422,209,->,422,210,->,422,211,->,422,212,->,422,213,->,422,214,->,422,215,->,422,216,->,422,217,->,422,218,->,422,219,->,422,220,->,422,221,->,422,222,->,422,223,->,422,224,->,422,225,->,422,226,->,422,227,->,422,228,->,422,229,->,422,230,->,422,231,->,422,232,->,422,233,->,422,234,->,422,235,->,422,236,->,422,237,->,422,238,->,422,239,->,422,240,->,422,241,->,422,242,->,422,243,->,422,244,->,422,245,->,422,246,->,422,247,->,422,248,->,422,249,->,422,250,->,422,251,->,422,252,->,422,253,->,422,254,->,422,255,->,422,256,->,422,257,->,422,258,->,422,259,->,422,260,->,422,261,->,422,262,->,422,263,->,422,264,->,422,265,->,422,266,->,422,267,->,422,268,->,422,269,->,422,270,->,422,271,->,422,272,->,422,273,->,422,274,->,422,275,->,422,276,->,422,277,->,422,278,->,422,279,->,422,280,->,422,281,->,422,282,->,422,283,->,422,284,->,422,285,->,422,286,->,422,287,->,422,288,->,422,289,->,422,290,->,422,291,->,422,292,->,422,293,->,422,294,->,422,295,->,422,296,->,422,297,->,422,298,->,422,299,->,422,300,->,422,301,->,422,302,->,422,303,->,423,0,->,423,1,->,423,2,->,423,3,->,423,4,->,423,5,->,423,6,->,423,7,->,423,8,->,423,9,->,423,10,->,423,11,->,423,12,->,423,13,->,423,14,->,423,15,->,423,16,->,423,17,->,423,18,->,423,19,->,423,20,->,423,21,->,423,22,->,423,23,->,423,24,->,423,25,->,423,26,->,423,27,->,423,28,->,423,29,->,423,30,->,423,31,->,423,32,->,423,33,->,423,34,->,423,35,->,423,36,->,423,37,->,423,38,->,423,39,->,423,40,->,423,41,->,423,42,->,423,43,->,423,44,->,423,45,->,423,46,->,423,47,->,423,48,->,423,49,->,423,50,->,423,51,->,423,52,->,423,53,->,423,54,->,423,55,->,423,56,->,423,57,->,423,58,->,423,59,->,423,60,->,423,61,->,423,62,->,423,63,->,423,64,->,423,65,->,423,66,->,423,67,->,423,68,->,423,69,->,423,70,->,423,71,->,423,72,->,423,73,->,423,74,->,423,75,->,423,76,->,423,77,->,423,78,->,423,79,->,423,80,->,423,81,->,423,82,->,423,83,->,423,84,->,423,85,->,423,86,->,423,87,->,423,88,->,423,89,->,423,90,->,423,91,->,423,92,->,423,93,->,423,94,->,423,95,->,423,96,->,423,97,->,423,98,->,423,99,->,423,100,->,423,101,->,423,102,->,423,103,->,423,104,->,423,105,->,423,106,->,423,107,->,423,108,->,423,109,->,423,110,->,423,111,->,423,112,->,423,113,->,423,114,->,423,115,->,423,116,->,423,117,->,423,118,->,423,119,->,423,120,->,423,121,->,423,122,->,423,123,->,423,124,->,423,125,->,423,126,->,423,127,->,423,128,->,423,129,->,423,130,->,423,131,->,423,145,->,423,146,->,423,147,->,423,148,->,423,149,->,423,150,->,423,152,->,423,155,->,423,156,->,423,157,->,423,158,->,423,159,->,423,160,->,423,161,->,423,162,->,423,163,->,423,164,->,423,165,->,423,166,->,423,167,->,423,168,->,423,169,->,423,170,->,423,171,->,423,172,->,423,173,->,423,174,->,423,175,->,423,176,->,423,177,->,423,178,->,423,179,->,423,180,->,423,181,->,423,182,->,423,183,->,423,184,->,423,185,->,423,186,->,423,187,->,423,188,->,423,189,->,423,190,->,423,191,->,423,192,->,423,193,->,423,194,->,423,195,->,423,196,->,423,197,->,423,198,->,423,199,->,423,200,->,423,201,->,423,202,->,423,203,->,423,204,->,423,205,->,423,206,->,423,207,->,423,208,->,423,209,->,423,210,->,423,211,->,423,212,->,423,213,->,423,214,->,423,215,->,423,216,->,423,217,->,423,218,->,423,219,->,423,220,->,423,221,->,423,222,->,423,223,->,423,224,->,423,225,->,423,226,->,423,227,->,423,228,->,423,229,->,423,230,->,423,231,->,423,232,->,423,233,->,423,234,->,423,235,->,423,236,->,423,237,->,423,238,->,423,239,->,423,240,->,423,241,->,423,242,->,423,243,->,423,244,->,423,245,->,423,246,->,423,247,->,423,248,->,423,249,->,423,250,->,423,251,->,423,252,->,423,253,->,423,254,->,423,255,->,423,256,->,423,257,->,423,258,->,423,259,->,423,260,->,423,261,->,423,262,->,423,263,->,423,264,->,423,265,->,423,266,->,423,267,->,423,268,->,423,269,->,423,270,->,423,271,->,423,272,->,423,273,->,423,274,->,423,275,->,423,276,->,423,277,->,423,278,->,423,279,->,423,280,->,423,281,->,423,282,->,423,283,->,423,284,->,423,285,->,423,286,->,423,287,->,423,288,->,423,289,->,423,290,->,423,291,->,423,292,->,423,293,->,423,294,->,423,295,->,423,296,->,423,297,->,423,298,->,423,299,->,423,300,->,423,301,->,423,302,->,423,303,->,424,0,->,424,1,->,424,2,->,424,3,->,424,4,->,424,5,->,424,6,->,424,7,->,424,8,->,424,9,->,424,10,->,424,11,->,424,12,->,424,13,->,424,14,->,424,15,->,424,16,->,424,17,->,424,18,->,424,19,->,424,20,->,424,21,->,424,22,->,424,23,->,424,24,->,424,25,->,424,26,->,424,27,->,424,28,->,424,29,->,424,30,->,424,31,->,424,32,->,424,33,->,424,34,->,424,35,->,424,36,->,424,37,->,424,38,->,424,39,->,424,40,->,424,41,->,424,42,->,424,43,->,424,44,->,424,45,->,424,46,->,424,47,->,424,48,->,424,49,->,424,50,->,424,51,->,424,52,->,424,53,->,424,54,->,424,55,->,424,56,->,424,57,->,424,58,->,424,59,->,424,60,->,424,61,->,424,62,->,424,63,->,424,64,->,424,65,->,424,66,->,424,67,->,424,68,->,424,69,->,424,70,->,424,71,->,424,72,->,424,73,->,424,74,->,424,75,->,424,76,->,424,77,->,424,78,->,424,79,->,424,80,->,424,81,->,424,82,->,424,83,->,424,84,->,424,85,->,424,86,->,424,87,->,424,88,->,424,89,->,424,90,->,424,91,->,424,92,->,424,93,->,424,94,->,424,95,->,424,96,->,424,97,->,424,98,->,424,99,->,424,100,->,424,101,->,424,102,->,424,103,->,424,104,->,424,105,->,424,106,->,424,107,->,424,108,->,424,109,->,424,110,->,424,111,->,424,112,->,424,113,->,424,114,->,424,115,->,424,116,->,424,117,->,424,118,->,424,119,->,424,120,->,424,121,->,424,122,->,424,123,->,424,124,->,424,125,->,424,126,->,424,127,->,424,128,->,424,129,->,424,130,->,424,149,->,424,150,->,424,156,->,424,157,->,424,158,->,424,159,->,424,160,->,424,161,->,424,162,->,424,163,->,424,164,->,424,165,->,424,166,->,424,167,->,424,168,->,424,169,->,424,170,->,424,171,->,424,172,->,424,173,->,424,174,->,424,175,->,424,176,->,424,177,->,424,178,->,424,179,->,424,180,->,424,181,->,424,182,->,424,183,->,424,184,->,424,185,->,424,186,->,424,187,->,424,188,->,424,189,->,424,190,->,424,191,->,424,192,->,424,193,->,424,194,->,424,195,->,424,196,->,424,197,->,424,198,->,424,199,->,424,200,->,424,201,->,424,202,->,424,203,->,424,204,->,424,205,->,424,206,->,424,207,->,424,208,->,424,209,->,424,210,->,424,211,->,424,212,->,424,213,->,424,214,->,424,215,->,424,216,->,424,217,->,424,218,->,424,219,->,424,220,->,424,221,->,424,222,->,424,223,->,424,224,->,424,225,->,424,226,->,424,227,->,424,228,->,424,229,->,424,230,->,424,231,->,424,232,->,424,233,->,424,234,->,424,235,->,424,236,->,424,237,->,424,238,->,424,239,->,424,240,->,424,241,->,424,242,->,424,243,->,424,244,->,424,245,->,424,246,->,424,247,->,424,248,->,424,249,->,424,250,->,424,251,->,424,252,->,424,253,->,424,254,->,424,255,->,424,256,->,424,257,->,424,258,->,424,259,->,424,260,->,424,261,->,424,262,->,424,263,->,424,264,->,424,265,->,424,266,->,424,267,->,424,268,->,424,269,->,424,270,->,424,271,->,424,272,->,424,273,->,424,274,->,424,275,->,424,276,->,424,277,->,424,278,->,424,279,->,424,280,->,424,281,->,424,282,->,424,283,->,424,284,->,424,285,->,424,286,->,424,287,->,424,288,->,424,289,->,424,290,->,424,291,->,424,292,->,424,293,->,424,294,->,424,295,->,424,296,->,424,297,->,424,298,->,424,299,->,424,300,->,424,301,->,424,302,->,424,303,->,425,0,->,425,1,->,425,2,->,425,3,->,425,4,->,425,5,->,425,6,->,425,7,->,425,8,->,425,9,->,425,10,->,425,11,->,425,12,->,425,13,->,425,14,->,425,15,->,425,16,->,425,17,->,425,18,->,425,19,->,425,20,->,425,21,->,425,22,->,425,23,->,425,24,->,425,25,->,425,26,->,425,27,->,425,28,->,425,29,->,425,30,->,425,31,->,425,32,->,425,33,->,425,34,->,425,35,->,425,36,->,425,37,->,425,38,->,425,39,->,425,40,->,425,41,->,425,42,->,425,43,->,425,44,->,425,45,->,425,46,->,425,47,->,425,48,->,425,49,->,425,50,->,425,51,->,425,52,->,425,53,->,425,54,->,425,55,->,425,56,->,425,57,->,425,58,->,425,59,->,425,60,->,425,61,->,425,62,->,425,63,->,425,64,->,425,65,->,425,66,->,425,67,->,425,68,->,425,69,->,425,70,->,425,71,->,425,72,->,425,73,->,425,74,->,425,75,->,425,76,->,425,77,->,425,78,->,425,79,->,425,80,->,425,81,->,425,82,->,425,83,->,425,84,->,425,85,->,425,86,->,425,87,->,425,88,->,425,89,->,425,90,->,425,91,->,425,92,->,425,93,->,425,94,->,425,95,->,425,96,->,425,97,->,425,98,->,425,99,->,425,100,->,425,101,->,425,102,->,425,103,->,425,104,->,425,105,->,425,106,->,425,107,->,425,108,->,425,109,->,425,110,->,425,111,->,425,112,->,425,113,->,425,114,->,425,115,->,425,116,->,425,117,->,425,118,->,425,119,->,425,120,->,425,121,->,425,122,->,425,123,->,425,124,->,425,125,->,425,126,->,425,127,->,425,128,->,425,129,->,425,130,->,425,147,->,425,148,->,425,149,->,425,150,->,425,151,->,425,155,->,425,157,->,425,158,->,425,159,->,425,160,->,425,161,->,425,162,->,425,163,->,425,164,->,425,165,->,425,166,->,425,167,->,425,168,->,425,169,->,425,170,->,425,171,->,425,172,->,425,173,->,425,174,->,425,175,->,425,176,->,425,177,->,425,178,->,425,179,->,425,180,->,425,181,->,425,182,->,425,183,->,425,184,->,425,185,->,425,186,->,425,187,->,425,188,->,425,189,->,425,190,->,425,191,->,425,192,->,425,193,->,425,194,->,425,195,->,425,196,->,425,197,->,425,198,->,425,199,->,425,200,->,425,201,->,425,202,->,425,203,->,425,204,->,425,205,->,425,206,->,425,207,->,425,208,->,425,209,->,425,210,->,425,211,->,425,212,->,425,213,->,425,214,->,425,215,->,425,216,->,425,217,->,425,218,->,425,219,->,425,220,->,425,221,->,425,222,->,425,223,->,425,224,->,425,225,->,425,226,->,425,227,->,425,228,->,425,229,->,425,230,->,425,231,->,425,232,->,425,233,->,425,234,->,425,235,->,425,236,->,425,237,->,425,238,->,425,239,->,425,240,->,425,241,->,425,242,->,425,243,->,425,244,->,425,245,->,425,246,->,425,247,->,425,248,->,425,249,->,425,250,->,425,251,->,425,252,->,425,253,->,425,254,->,425,255,->,425,256,->,425,257,->,425,258,->,425,259,->,425,260,->,425,261,->,425,262,->,425,263,->,425,264,->,425,265,->,425,266,->,425,267,->,425,268,->,425,269,->,425,270,->,425,271,->,425,272,->,425,273,->,425,274,->,425,275,->,425,276,->,425,277,->,425,278,->,425,279,->,425,280,->,425,281,->,425,282,->,425,283,->,425,284,->,425,285,->,425,286,->,425,287,->,425,288,->,425,289,->,425,290,->,425,291,->,425,292,->,425,293,->,425,294,->,425,295,->,425,296,->,425,297,->,425,298,->,425,299,->,425,300,->,425,301,->,425,302,->,425,303,->,426,0,->,426,1,->,426,2,->,426,3,->,426,4,->,426,5,->,426,6,->,426,7,->,426,8,->,426,9,->,426,10,->,426,11,->,426,12,->,426,13,->,426,14,->,426,15,->,426,16,->,426,17,->,426,18,->,426,19,->,426,20,->,426,21,->,426,22,->,426,23,->,426,24,->,426,25,->,426,26,->,426,27,->,426,28,->,426,29,->,426,30,->,426,31,->,426,32,->,426,33,->,426,34,->,426,35,->,426,36,->,426,37,->,426,38,->,426,39,->,426,40,->,426,41,->,426,42,->,426,43,->,426,44,->,426,45,->,426,46,->,426,47,->,426,48,->,426,49,->,426,50,->,426,51,->,426,52,->,426,53,->,426,54,->,426,55,->,426,56,->,426,57,->,426,58,->,426,59,->,426,60,->,426,61,->,426,62,->,426,63,->,426,64,->,426,65,->,426,66,->,426,67,->,426,68,->,426,69,->,426,70,->,426,71,->,426,72,->,426,73,->,426,74,->,426,75,->,426,76,->,426,77,->,426,78,->,426,79,->,426,80,->,426,81,->,426,82,->,426,83,->,426,84,->,426,85,->,426,88,->,426,89,->,426,90,->,426,91,->,426,92,->,426,93,->,426,94,->,426,95,->,426,96,->,426,97,->,426,98,->,426,99,->,426,100,->,426,101,->,426,102,->,426,103,->,426,104,->,426,105,->,426,106,->,426,107,->,426,108,->,426,109,->,426,110,->,426,111,->,426,112,->,426,113,->,426,114,->,426,115,->,426,116,->,426,117,->,426,118,->,426,119,->,426,120,->,426,121,->,426,122,->,426,123,->,426,124,->,426,125,->,426,126,->,426,127,->,426,128,->,426,129,->,426,132,->,426,149,->,426,150,->,426,151,->,426,152,->,426,154,->,426,156,->,426,157,->,426,158,->,426,159,->,426,160,->,426,161,->,426,162,->,426,163,->,426,164,->,426,165,->,426,166,->,426,167,->,426,168,->,426,169,->,426,170,->,426,171,->,426,172,->,426,173,->,426,174,->,426,175,->,426,176,->,426,177,->,426,178,->,426,179,->,426,180,->,426,181,->,426,182,->,426,183,->,426,184,->,426,185,->,426,186,->,426,187,->,426,188,->,426,189,->,426,190,->,426,191,->,426,192,->,426,193,->,426,194,->,426,195,->,426,196,->,426,197,->,426,198,->,426,199,->,426,200,->,426,201,->,426,202,->,426,203,->,426,204,->,426,205,->,426,206,->,426,207,->,426,208,->,426,209,->,426,210,->,426,211,->,426,212,->,426,213,->,426,214,->,426,215,->,426,216,->,426,217,->,426,218,->,426,219,->,426,220,->,426,221,->,426,222,->,426,223,->,426,224,->,426,225,->,426,226,->,426,227,->,426,228,->,426,229,->,426,230,->,426,231,->,426,232,->,426,233,->,426,234,->,426,235,->,426,236,->,426,237,->,426,238,->,426,239,->,426,240,->,426,241,->,426,242,->,426,243,->,426,244,->,426,245,->,426,246,->,426,247,->,426,248,->,426,249,->,426,250,->,426,251,->,426,252,->,426,253,->,426,254,->,426,255,->,426,256,->,426,257,->,426,258,->,426,259,->,426,260,->,426,261,->,426,262,->,426,263,->,426,264,->,426,265,->,426,266,->,426,267,->,426,268,->,426,269,->,426,270,->,426,271,->,426,272,->,426,273,->,426,274,->,426,275,->,426,276,->,426,277,->,426,278,->,426,279,->,426,280,->,426,281,->,426,282,->,426,283,->,426,284,->,426,285,->,426,286,->,426,287,->,426,288,->,426,289,->,426,290,->,426,291,->,426,292,->,426,293,->,426,294,->,426,295,->,426,296,->,426,297,->,426,298,->,426,299,->,426,300,->,426,301,->,426,302,->,426,303,->,427,0,->,427,1,->,427,2,->,427,3,->,427,4,->,427,5,->,427,6,->,427,7,->,427,8,->,427,9,->,427,10,->,427,11,->,427,12,->,427,13,->,427,14,->,427,15,->,427,16,->,427,17,->,427,18,->,427,19,->,427,20,->,427,21,->,427,22,->,427,23,->,427,24,->,427,25,->,427,26,->,427,27,->,427,28,->,427,29,->,427,30,->,427,31,->,427,32,->,427,33,->,427,34,->,427,35,->,427,36,->,427,37,->,427,38,->,427,39,->,427,40,->,427,41,->,427,42,->,427,43,->,427,44,->,427,45,->,427,46,->,427,47,->,427,48,->,427,49,->,427,50,->,427,51,->,427,52,->,427,53,->,427,54,->,427,55,->,427,56,->,427,57,->,427,58,->,427,59,->,427,60,->,427,61,->,427,62,->,427,63,->,427,64,->,427,65,->,427,66,->,427,67,->,427,68,->,427,69,->,427,70,->,427,71,->,427,72,->,427,73,->,427,74,->,427,75,->,427,76,->,427,77,->,427,78,->,427,79,->,427,80,->,427,81,->,427,82,->,427,83,->,427,84,->,427,85,->,427,86,->,427,87,->,427,88,->,427,89,->,427,90,->,427,91,->,427,92,->,427,93,->,427,94,->,427,95,->,427,96,->,427,97,->,427,98,->,427,99,->,427,100,->,427,101,->,427,102,->,427,103,->,427,104,->,427,105,->,427,106,->,427,107,->,427,108,->,427,109,->,427,110,->,427,113,->,427,114,->,427,115,->,427,116,->,427,117,->,427,118,->,427,119,->,427,120,->,427,121,->,427,122,->,427,123,->,427,124,->,427,125,->,427,126,->,427,127,->,427,128,->,427,129,->,427,130,->,427,131,->,427,132,->,427,148,->,427,149,->,427,150,->,427,151,->,427,152,->,427,155,->,427,156,->,427,157,->,427,158,->,427,159,->,427,160,->,427,161,->,427,162,->,427,163,->,427,164,->,427,165,->,427,166,->,427,167,->,427,168,->,427,169,->,427,170,->,427,171,->,427,172,->,427,173,->,427,174,->,427,175,->,427,176,->,427,177,->,427,178,->,427,179,->,427,180,->,427,181,->,427,182,->,427,183,->,427,184,->,427,185,->,427,186,->,427,187,->,427,188,->,427,189,->,427,190,->,427,191,->,427,192,->,427,193,->,427,194,->,427,195,->,427,196,->,427,197,->,427,198,->,427,199,->,427,200,->,427,201,->,427,202,->,427,203,->,427,204,->,427,205,->,427,206,->,427,207,->,427,208,->,427,209,->,427,210,->,427,211,->,427,212,->,427,213,->,427,214,->,427,215,->,427,216,->,427,217,->,427,218,->,427,219,->,427,220,->,427,221,->,427,222,->,427,223,->,427,224,->,427,225,->,427,226,->,427,227,->,427,228,->,427,229,->,427,230,->,427,231,->,427,232,->,427,233,->,427,234,->,427,235,->,427,236,->,427,237,->,427,238,->,427,239,->,427,240,->,427,241,->,427,242,->,427,243,->,427,244,->,427,245,->,427,246,->,427,247,->,427,248,->,427,249,->,427,250,->,427,251,->,427,252,->,427,253,->,427,254,->,427,255,->,427,256,->,427,257,->,427,258,->,427,259,->,427,260,->,427,261,->,427,262,->,427,263,->,427,264,->,427,265,->,427,266,->,427,267,->,427,268,->,427,269,->,427,270,->,427,271,->,427,272,->,427,273,->,427,274,->,427,275,->,427,276,->,427,277,->,427,278,->,427,279,->,427,280,->,427,281,->,427,282,->,427,283,->,427,284,->,427,285,->,427,286,->,427,287,->,427,288,->,427,289,->,427,290,->,427,291,->,427,292,->,427,293,->,427,294,->,427,295,->,427,296,->,427,297,->,427,298,->,427,299,->,427,300,->,427,301,->,427,302,->,427,303,->,428,0,->,428,1,->,428,2,->,428,3,->,428,4,->,428,5,->,428,6,->,428,7,->,428,8,->,428,9,->,428,10,->,428,11,->,428,12,->,428,13,->,428,14,->,428,15,->,428,16,->,428,17,->,428,18,->,428,19,->,428,20,->,428,21,->,428,22,->,428,23,->,428,24,->,428,25,->,428,26,->,428,27,->,428,28,->,428,29,->,428,30,->,428,31,->,428,32,->,428,33,->,428,34,->,428,35,->,428,36,->,428,37,->,428,38,->,428,39,->,428,40,->,428,41,->,428,42,->,428,43,->,428,44,->,428,45,->,428,46,->,428,47,->,428,48,->,428,49,->,428,50,->,428,51,->,428,52,->,428,53,->,428,54,->,428,55,->,428,56,->,428,57,->,428,58,->,428,59,->,428,60,->,428,61,->,428,62,->,428,63,->,428,64,->,428,65,->,428,66,->,428,67,->,428,68,->,428,69,->,428,70,->,428,71,->,428,72,->,428,73,->,428,74,->,428,75,->,428,76,->,428,77,->,428,78,->,428,79,->,428,80,->,428,81,->,428,82,->,428,83,->,428,84,->,428,85,->,428,86,->,428,87,->,428,88,->,428,89,->,428,90,->,428,91,->,428,92,->,428,93,->,428,94,->,428,95,->,428,96,->,428,97,->,428,98,->,428,99,->,428,100,->,428,101,->,428,102,->,428,103,->,428,104,->,428,105,->,428,106,->,428,107,->,428,108,->,428,109,->,428,110,->,428,112,->,428,113,->,428,114,->,428,115,->,428,116,->,428,117,->,428,118,->,428,119,->,428,120,->,428,121,->,428,122,->,428,123,->,428,124,->,428,125,->,428,126,->,428,127,->,428,128,->,428,129,->,428,130,->,428,131,->,428,132,->,428,147,->,428,149,->,428,150,->,428,151,->,428,152,->,428,153,->,428,154,->,428,155,->,428,156,->,428,157,->,428,158,->,428,159,->,428,160,->,428,161,->,428,162,->,428,163,->,428,164,->,428,165,->,428,166,->,428,167,->,428,168,->,428,169,->,428,170,->,428,171,->,428,172,->,428,173,->,428,174,->,428,175,->,428,176,->,428,177,->,428,178,->,428,179,->,428,180,->,428,181,->,428,182,->,428,183,->,428,184,->,428,185,->,428,186,->,428,187,->,428,188,->,428,189,->,428,190,->,428,191,->,428,192,->,428,193,->,428,194,->,428,195,->,428,196,->,428,197,->,428,198,->,428,199,->,428,200,->,428,201,->,428,202,->,428,203,->,428,204,->,428,205,->,428,206,->,428,207,->,428,208,->,428,209,->,428,210,->,428,211,->,428,212,->,428,213,->,428,214,->,428,215,->,428,216,->,428,217,->,428,218,->,428,219,->,428,220,->,428,221,->,428,222,->,428,223,->,428,224,->,428,225,->,428,226,->,428,227,->,428,228,->,428,229,->,428,230,->,428,231,->,428,232,->,428,233,->,428,234,->,428,235,->,428,236,->,428,237,->,428,238,->,428,239,->,428,240,->,428,241,->,428,242,->,428,243,->,428,244,->,428,245,->,428,246,->,428,247,->,428,248,->,428,249,->,428,250,->,428,251,->,428,252,->,428,253,->,428,254,->,428,255,->,428,256,->,428,257,->,428,258,->,428,259,->,428,260,->,428,261,->,428,262,->,428,263,->,428,264,->,428,265,->,428,266,->,428,267,->,428,268,->,428,269,->,428,270,->,428,271,->,428,272,->,428,273,->,428,274,->,428,275,->,428,276,->,428,277,->,428,278,->,428,279,->,428,280,->,428,281,->,428,282,->,428,283,->,428,284,->,428,285,->,428,286,->,428,287,->,428,288,->,428,289,->,428,290,->,428,291,->,428,292,->,428,293,->,428,294,->,428,295,->,428,296,->,428,297,->,428,298,->,428,299,->,428,300,->,428,301,->,428,302,->,428,303,->,429,0,->,429,1,->,429,2,->,429,3,->,429,4,->,429,5,->,429,6,->,429,7,->,429,8,->,429,9,->,429,10,->,429,11,->,429,12,->,429,13,->,429,14,->,429,15,->,429,16,->,429,17,->,429,18,->,429,19,->,429,20,->,429,21,->,429,22,->,429,23,->,429,24,->,429,25,->,429,26,->,429,27,->,429,28,->,429,29,->,429,30,->,429,31,->,429,32,->,429,33,->,429,34,->,429,35,->,429,36,->,429,37,->,429,38,->,429,39,->,429,40,->,429,41,->,429,42,->,429,43,->,429,44,->,429,45,->,429,46,->,429,47,->,429,48,->,429,49,->,429,50,->,429,51,->,429,52,->,429,53,->,429,54,->,429,55,->,429,56,->,429,57,->,429,58,->,429,59,->,429,60,->,429,61,->,429,62,->,429,63,->,429,64,->,429,65,->,429,66,->,429,67,->,429,68,->,429,69,->,429,70,->,429,71,->,429,72,->,429,73,->,429,74,->,429,75,->,429,76,->,429,77,->,429,78,->,429,79,->,429,80,->,429,81,->,429,82,->,429,83,->,429,84,->,429,85,->,429,86,->,429,87,->,429,88,->,429,89,->,429,90,->,429,91,->,429,92,->,429,93,->,429,94,->,429,95,->,429,96,->,429,97,->,429,98,->,429,99,->,429,100,->,429,101,->,429,102,->,429,103,->,429,104,->,429,105,->,429,106,->,429,107,->,429,108,->,429,109,->,429,114,->,429,115,->,429,116,->,429,117,->,429,118,->,429,119,->,429,120,->,429,121,->,429,122,->,429,123,->,429,124,->,429,125,->,429,126,->,429,127,->,429,128,->,429,130,->,429,131,->,429,132,->,429,135,->,429,139,->,429,150,->,429,151,->,429,152,->,429,154,->,429,155,->,429,156,->,429,157,->,429,158,->,429,159,->,429,160,->,429,161,->,429,162,->,429,163,->,429,164,->,429,165,->,429,166,->,429,167,->,429,168,->,429,169,->,429,170,->,429,171,->,429,172,->,429,173,->,429,174,->,429,175,->,429,176,->,429,177,->,429,178,->,429,179,->,429,180,->,429,181,->,429,182,->,429,183,->,429,184,->,429,185,->,429,186,->,429,187,->,429,188,->,429,189,->,429,190,->,429,191,->,429,192,->,429,193,->,429,194,->,429,195,->,429,196,->,429,197,->,429,198,->,429,199,->,429,200,->,429,201,->,429,202,->,429,203,->,429,204,->,429,205,->,429,206,->,429,207,->,429,208,->,429,209,->,429,210,->,429,211,->,429,212,->,429,213,->,429,214,->,429,215,->,429,216,->,429,217,->,429,218,->,429,219,->,429,220,->,429,221,->,429,222,->,429,223,->,429,224,->,429,225,->,429,226,->,429,227,->,429,228,->,429,229,->,429,230,->,429,231,->,429,232,->,429,233,->,429,234,->,429,235,->,429,236,->,429,237,->,429,238,->,429,239,->,429,240,->,429,241,->,429,242,->,429,243,->,429,244,->,429,245,->,429,246,->,429,247,->,429,248,->,429,249,->,429,250,->,429,251,->,429,252,->,429,253,->,429,254,->,429,255,->,429,256,->,429,257,->,429,258,->,429,259,->,429,260,->,429,261,->,429,262,->,429,263,->,429,264,->,429,265,->,429,266,->,429,267,->,429,268,->,429,269,->,429,270,->,429,271,->,429,272,->,429,273,->,429,274,->,429,275,->,429,276,->,429,277,->,429,278,->,429,279,->,429,280,->,429,281,->,429,282,->,429,283,->,429,284,->,429,285,->,429,286,->,429,287,->,429,288,->,429,289,->,429,290,->,429,291,->,429,292,->,429,293,->,429,294,->,429,295,->,429,296,->,429,297,->,429,298,->,429,299,->,429,300,->,429,301,->,429,302,->,429,303,->,430,0,->,430,1,->,430,2,->,430,3,->,430,4,->,430,5,->,430,6,->,430,7,->,430,8,->,430,9,->,430,10,->,430,11,->,430,12,->,430,13,->,430,14,->,430,15,->,430,16,->,430,17,->,430,18,->,430,19,->,430,20,->,430,21,->,430,22,->,430,23,->,430,24,->,430,25,->,430,26,->,430,27,->,430,28,->,430,29,->,430,30,->,430,31,->,430,32,->,430,33,->,430,34,->,430,35,->,430,36,->,430,37,->,430,38,->,430,39,->,430,40,->,430,41,->,430,42,->,430,43,->,430,44,->,430,45,->,430,46,->,430,47,->,430,48,->,430,49,->,430,50,->,430,51,->,430,52,->,430,53,->,430,54,->,430,55,->,430,56,->,430,57,->,430,58,->,430,59,->,430,60,->,430,61,->,430,62,->,430,63,->,430,64,->,430,65,->,430,66,->,430,67,->,430,68,->,430,69,->,430,70,->,430,71,->,430,72,->,430,73,->,430,74,->,430,75,->,430,76,->,430,77,->,430,78,->,430,79,->,430,80,->,430,81,->,430,82,->,430,83,->,430,84,->,430,85,->,430,86,->,430,87,->,430,88,->,430,89,->,430,90,->,430,91,->,430,92,->,430,93,->,430,94,->,430,95,->,430,96,->,430,97,->,430,98,->,430,99,->,430,100,->,430,101,->,430,102,->,430,103,->,430,104,->,430,105,->,430,106,->,430,107,->,430,108,->,430,109,->,430,114,->,430,115,->,430,116,->,430,117,->,430,118,->,430,119,->,430,120,->,430,121,->,430,122,->,430,123,->,430,124,->,430,125,->,430,126,->,430,127,->,430,128,->,430,129,->,430,131,->,430,132,->,430,133,->,430,134,->,430,137,->,430,138,->,430,142,->,430,149,->,430,150,->,430,152,->,430,156,->,430,157,->,430,158,->,430,159,->,430,160,->,430,161,->,430,162,->,430,163,->,430,164,->,430,165,->,430,166,->,430,167,->,430,168,->,430,169,->,430,170,->,430,171,->,430,172,->,430,173,->,430,174,->,430,175,->,430,176,->,430,177,->,430,178,->,430,179,->,430,180,->,430,181,->,430,182,->,430,183,->,430,184,->,430,185,->,430,186,->,430,187,->,430,188,->,430,189,->,430,190,->,430,191,->,430,192,->,430,193,->,430,194,->,430,195,->,430,196,->,430,197,->,430,198,->,430,199,->,430,200,->,430,201,->,430,202,->,430,203,->,430,204,->,430,205,->,430,206,->,430,207,->,430,208,->,430,209,->,430,210,->,430,211,->,430,212,->,430,213,->,430,214,->,430,215,->,430,216,->,430,217,->,430,218,->,430,219,->,430,220,->,430,221,->,430,222,->,430,223,->,430,224,->,430,225,->,430,226,->,430,227,->,430,228,->,430,229,->,430,230,->,430,231,->,430,232,->,430,233,->,430,234,->,430,235,->,430,236,->,430,237,->,430,238,->,430,239,->,430,240,->,430,241,->,430,242,->,430,243,->,430,244,->,430,245,->,430,246,->,430,247,->,430,248,->,430,249,->,430,250,->,430,251,->,430,252,->,430,253,->,430,254,->,430,255,->,430,256,->,430,257,->,430,258,->,430,259,->,430,260,->,430,261,->,430,262,->,430,263,->,430,264,->,430,265,->,430,266,->,430,267,->,430,268,->,430,269,->,430,270,->,430,271,->,430,272,->,430,273,->,430,274,->,430,275,->,430,276,->,430,277,->,430,278,->,430,279,->,430,280,->,430,281,->,430,282,->,430,283,->,430,284,->,430,285,->,430,286,->,430,287,->,430,288,->,430,289,->,430,290,->,430,291,->,430,292,->,430,293,->,430,294,->,430,295,->,430,296,->,430,297,->,430,298,->,430,299,->,430,300,->,430,301,->,430,302,->,430,303,->,431,0,->,431,1,->,431,2,->,431,3,->,431,4,->,431,5,->,431,6,->,431,7,->,431,8,->,431,9,->,431,10,->,431,11,->,431,12,->,431,13,->,431,14,->,431,15,->,431,16,->,431,17,->,431,18,->,431,19,->,431,20,->,431,21,->,431,22,->,431,23,->,431,24,->,431,25,->,431,26,->,431,27,->,431,28,->,431,29,->,431,30,->,431,31,->,431,32,->,431,33,->,431,34,->,431,35,->,431,36,->,431,37,->,431,38,->,431,39,->,431,40,->,431,41,->,431,42,->,431,43,->,431,44,->,431,45,->,431,46,->,431,47,->,431,48,->,431,49,->,431,50,->,431,51,->,431,52,->,431,53,->,431,54,->,431,55,->,431,56,->,431,57,->,431,58,->,431,59,->,431,60,->,431,61,->,431,62,->,431,63,->,431,64,->,431,65,->,431,66,->,431,67,->,431,70,->,431,71,->,431,72,->,431,73,->,431,74,->,431,75,->,431,76,->,431,77,->,431,78,->,431,79,->,431,80,->,431,81,->,431,82,->,431,83,->,431,84,->,431,85,->,431,86,->,431,87,->,431,88,->,431,89,->,431,90,->,431,91,->,431,92,->,431,93,->,431,94,->,431,95,->,431,96,->,431,97,->,431,98,->,431,99,->,431,100,->,431,101,->,431,102,->,431,103,->,431,104,->,431,105,->,431,106,->,431,107,->,431,108,->,431,113,->,431,114,->,431,115,->,431,116,->,431,117,->,431,118,->,431,119,->,431,120,->,431,121,->,431,122,->,431,123,->,431,124,->,431,125,->,431,126,->,431,127,->,431,128,->,431,129,->,431,130,->,431,131,->,431,132,->,431,133,->,431,134,->,431,135,->,431,136,->,431,137,->,431,138,->,431,139,->,431,140,->,431,142,->,431,146,->,431,147,->,431,148,->,431,149,->,431,150,->,431,152,->,431,154,->,431,155,->,431,156,->,431,157,->,431,158,->,431,159,->,431,160,->,431,161,->,431,162,->,431,163,->,431,164,->,431,165,->,431,166,->,431,167,->,431,168,->,431,169,->,431,170,->,431,171,->,431,172,->,431,173,->,431,174,->,431,175,->,431,176,->,431,177,->,431,178,->,431,179,->,431,180,->,431,181,->,431,182,->,431,183,->,431,184,->,431,185,->,431,186,->,431,187,->,431,188,->,431,189,->,431,190,->,431,191,->,431,192,->,431,193,->,431,194,->,431,195,->,431,196,->,431,197,->,431,198,->,431,199,->,431,200,->,431,201,->,431,202,->,431,203,->,431,204,->,431,205,->,431,206,->,431,207,->,431,208,->,431,209,->,431,210,->,431,211,->,431,212,->,431,213,->,431,214,->,431,215,->,431,216,->,431,217,->,431,218,->,431,219,->,431,220,->,431,221,->,431,222,->,431,223,->,431,224,->,431,225,->,431,226,->,431,227,->,431,228,->,431,229,->,431,230,->,431,231,->,431,232,->,431,233,->,431,234,->,431,235,->,431,236,->,431,237,->,431,238,->,431,239,->,431,240,->,431,241,->,431,242,->,431,243,->,431,244,->,431,245,->,431,246,->,431,247,->,431,248,->,431,249,->,431,250,->,431,251,->,431,252,->,431,253,->,431,254,->,431,255,->,431,256,->,431,257,->,431,258,->,431,259,->,431,260,->,431,261,->,431,262,->,431,263,->,431,264,->,431,265,->,431,266,->,431,267,->,431,268,->,431,269,->,431,270,->,431,271,->,431,272,->,431,273,->,431,274,->,431,275,->,431,276,->,431,277,->,431,278,->,431,279,->,431,280,->,431,281,->,431,282,->,431,283,->,431,284,->,431,285,->,431,286,->,431,287,->,431,288,->,431,289,->,431,290,->,431,291,->,431,292,->,431,293,->,431,294,->,431,295,->,431,296,->,431,297,->,431,298,->,431,299,->,431,300,->,431,301,->,431,302,->,431,303,->,432,0,->,432,1,->,432,2,->,432,3,->,432,4,->,432,5,->,432,6,->,432,7,->,432,8,->,432,9,->,432,10,->,432,11,->,432,12,->,432,13,->,432,14,->,432,15,->,432,16,->,432,17,->,432,18,->,432,19,->,432,20,->,432,21,->,432,22,->,432,23,->,432,24,->,432,25,->,432,26,->,432,27,->,432,28,->,432,29,->,432,30,->,432,31,->,432,32,->,432,33,->,432,34,->,432,35,->,432,36,->,432,37,->,432,38,->,432,39,->,432,40,->,432,41,->,432,42,->,432,43,->,432,44,->,432,45,->,432,46,->,432,47,->,432,48,->,432,49,->,432,50,->,432,51,->,432,52,->,432,53,->,432,54,->,432,55,->,432,56,->,432,57,->,432,58,->,432,59,->,432,60,->,432,61,->,432,62,->,432,63,->,432,65,->,432,66,->,432,67,->,432,68,->,432,70,->,432,71,->,432,72,->,432,73,->,432,74,->,432,75,->,432,76,->,432,77,->,432,78,->,432,79,->,432,80,->,432,81,->,432,82,->,432,83,->,432,84,->,432,85,->,432,86,->,432,87,->,432,88,->,432,89,->,432,90,->,432,91,->,432,92,->,432,93,->,432,94,->,432,95,->,432,96,->,432,97,->,432,98,->,432,99,->,432,100,->,432,101,->,432,102,->,432,103,->,432,104,->,432,105,->,432,106,->,432,107,->,432,108,->,432,109,->,432,110,->,432,111,->,432,115,->,432,116,->,432,117,->,432,118,->,432,119,->,432,120,->,432,121,->,432,122,->,432,123,->,432,124,->,432,125,->,432,126,->,432,128,->,432,129,->,432,130,->,432,131,->,432,132,->,432,133,->,432,134,->,432,135,->,432,136,->,432,137,->,432,138,->,432,139,->,432,140,->,432,144,->,432,147,->,432,148,->,432,149,->,432,150,->,432,152,->,432,154,->,432,155,->,432,156,->,432,157,->,432,158,->,432,159,->,432,160,->,432,161,->,432,162,->,432,163,->,432,164,->,432,165,->,432,166,->,432,167,->,432,168,->,432,169,->,432,170,->,432,171,->,432,172,->,432,173,->,432,174,->,432,175,->,432,176,->,432,177,->,432,178,->,432,179,->,432,180,->,432,181,->,432,182,->,432,183,->,432,184,->,432,185,->,432,186,->,432,187,->,432,188,->,432,189,->,432,190,->,432,191,->,432,192,->,432,193,->,432,194,->,432,195,->,432,196,->,432,197,->,432,198,->,432,199,->,432,200,->,432,201,->,432,202,->,432,203,->,432,204,->,432,205,->,432,206,->,432,207,->,432,208,->,432,209,->,432,210,->,432,211,->,432,212,->,432,213,->,432,214,->,432,215,->,432,216,->,432,217,->,432,218,->,432,219,->,432,220,->,432,221,->,432,222,->,432,223,->,432,224,->,432,225,->,432,226,->,432,227,->,432,228,->,432,229,->,432,230,->,432,231,->,432,232,->,432,233,->,432,234,->,432,235,->,432,236,->,432,237,->,432,238,->,432,239,->,432,240,->,432,241,->,432,242,->,432,243,->,432,244,->,432,245,->,432,246,->,432,247,->,432,248,->,432,249,->,432,250,->,432,251,->,432,252,->,432,253,->,432,254,->,432,255,->,432,256,->,432,257,->,432,258,->,432,259,->,432,260,->,432,261,->,432,262,->,432,263,->,432,264,->,432,265,->,432,266,->,432,267,->,432,268,->,432,269,->,432,270,->,432,271,->,432,272,->,432,273,->,432,274,->,432,275,->,432,276,->,432,277,->,432,278,->,432,279,->,432,280,->,432,281,->,432,282,->,432,283,->,432,284,->,432,285,->,432,286,->,432,287,->,432,288,->,432,289,->,432,290,->,432,291,->,432,292,->,432,293,->,432,294,->,432,295,->,432,296,->,432,297,->,432,298,->,432,299,->,432,300,->,432,301,->,432,302,->,432,303,->,433,0,->,433,1,->,433,2,->,433,3,->,433,4,->,433,5,->,433,6,->,433,7,->,433,8,->,433,9,->,433,10,->,433,11,->,433,12,->,433,13,->,433,14,->,433,15,->,433,16,->,433,17,->,433,18,->,433,19,->,433,20,->,433,21,->,433,22,->,433,23,->,433,24,->,433,25,->,433,26,->,433,27,->,433,28,->,433,29,->,433,30,->,433,31,->,433,32,->,433,33,->,433,34,->,433,35,->,433,36,->,433,37,->,433,38,->,433,39,->,433,40,->,433,41,->,433,42,->,433,43,->,433,44,->,433,45,->,433,46,->,433,47,->,433,48,->,433,49,->,433,50,->,433,51,->,433,52,->,433,53,->,433,54,->,433,55,->,433,56,->,433,57,->,433,58,->,433,59,->,433,60,->,433,61,->,433,62,->,433,63,->,433,64,->,433,65,->,433,66,->,433,67,->,433,68,->,433,69,->,433,70,->,433,71,->,433,73,->,433,75,->,433,76,->,433,77,->,433,78,->,433,79,->,433,80,->,433,81,->,433,82,->,433,83,->,433,84,->,433,85,->,433,86,->,433,87,->,433,88,->,433,89,->,433,90,->,433,91,->,433,92,->,433,93,->,433,94,->,433,95,->,433,96,->,433,97,->,433,98,->,433,99,->,433,100,->,433,101,->,433,102,->,433,103,->,433,104,->,433,105,->,433,106,->,433,107,->,433,108,->,433,109,->,433,110,->,433,111,->,433,113,->,433,117,->,433,119,->,433,120,->,433,121,->,433,122,->,433,123,->,433,124,->,433,125,->,433,126,->,433,127,->,433,128,->,433,130,->,433,131,->,433,132,->,433,134,->,433,135,->,433,136,->,433,137,->,433,138,->,433,141,->,433,145,->,433,146,->,433,147,->,433,148,->,433,149,->,433,150,->,433,153,->,433,154,->,433,155,->,433,156,->,433,157,->,433,158,->,433,159,->,433,160,->,433,161,->,433,162,->,433,163,->,433,164,->,433,165,->,433,166,->,433,167,->,433,168,->,433,169,->,433,170,->,433,171,->,433,172,->,433,173,->,433,174,->,433,175,->,433,176,->,433,177,->,433,178,->,433,179,->,433,180,->,433,181,->,433,182,->,433,183,->,433,184,->,433,185,->,433,186,->,433,187,->,433,188,->,433,189,->,433,190,->,433,191,->,433,192,->,433,193,->,433,194,->,433,195,->,433,196,->,433,197,->,433,198,->,433,199,->,433,200,->,433,201,->,433,202,->,433,203,->,433,204,->,433,205,->,433,206,->,433,207,->,433,208,->,433,209,->,433,210,->,433,211,->,433,212,->,433,213,->,433,214,->,433,215,->,433,216,->,433,217,->,433,218,->,433,219,->,433,220,->,433,221,->,433,222,->,433,223,->,433,224,->,433,225,->,433,226,->,433,227,->,433,228,->,433,229,->,433,230,->,433,231,->,433,232,->,433,233,->,433,234,->,433,235,->,433,236,->,433,237,->,433,238,->,433,239,->,433,240,->,433,241,->,433,242,->,433,243,->,433,244,->,433,245,->,433,246,->,433,247,->,433,248,->,433,249,->,433,250,->,433,251,->,433,252,->,433,253,->,433,254,->,433,255,->,433,256,->,433,257,->,433,258,->,433,259,->,433,260,->,433,261,->,433,262,->,433,263,->,433,264,->,433,265,->,433,266,->,433,267,->,433,268,->,433,269,->,433,270,->,433,271,->,433,272,->,433,273,->,433,274,->,433,275,->,433,276,->,433,277,->,433,278,->,433,279,->,433,280,->,433,281,->,433,282,->,433,283,->,433,284,->,433,285,->,433,286,->,433,287,->,433,288,->,433,289,->,433,290,->,433,291,->,433,292,->,433,293,->,433,294,->,433,295,->,433,296,->,433,297,->,433,298,->,433,299,->,433,300,->,433,301,->,433,302,->,433,303,->,434,0,->,434,1,->,434,2,->,434,3,->,434,4,->,434,5,->,434,6,->,434,7,->,434,8,->,434,9,->,434,10,->,434,11,->,434,12,->,434,13,->,434,14,->,434,15,->,434,16,->,434,17,->,434,18,->,434,19,->,434,20,->,434,21,->,434,22,->,434,23,->,434,24,->,434,25,->,434,26,->,434,27,->,434,28,->,434,29,->,434,30,->,434,31,->,434,32,->,434,33,->,434,34,->,434,35,->,434,36,->,434,37,->,434,38,->,434,39,->,434,40,->,434,41,->,434,42,->,434,43,->,434,44,->,434,45,->,434,46,->,434,47,->,434,48,->,434,49,->,434,50,->,434,51,->,434,52,->,434,53,->,434,54,->,434,55,->,434,56,->,434,57,->,434,58,->,434,59,->,434,60,->,434,61,->,434,62,->,434,63,->,434,64,->,434,65,->,434,66,->,434,67,->,434,68,->,434,71,->,434,73,->,434,76,->,434,77,->,434,78,->,434,79,->,434,80,->,434,81,->,434,82,->,434,83,->,434,84,->,434,85,->,434,86,->,434,87,->,434,88,->,434,89,->,434,90,->,434,91,->,434,92,->,434,93,->,434,94,->,434,95,->,434,96,->,434,97,->,434,98,->,434,99,->,434,100,->,434,101,->,434,102,->,434,103,->,434,104,->,434,105,->,434,106,->,434,107,->,434,108,->,434,109,->,434,111,->,434,116,->,434,122,->,434,123,->,434,124,->,434,125,->,434,126,->,434,128,->,434,129,->,434,130,->,434,131,->,434,132,->,434,133,->,434,134,->,434,137,->,434,138,->,434,141,->,434,142,->,434,143,->,434,152,->,434,153,->,434,154,->,434,155,->,434,156,->,434,157,->,434,158,->,434,159,->,434,160,->,434,161,->,434,162,->,434,163,->,434,164,->,434,165,->,434,166,->,434,167,->,434,168,->,434,169,->,434,170,->,434,171,->,434,172,->,434,173,->,434,174,->,434,175,->,434,176,->,434,177,->,434,178,->,434,179,->,434,180,->,434,181,->,434,182,->,434,183,->,434,184,->,434,185,->,434,186,->,434,187,->,434,188,->,434,189,->,434,190,->,434,191,->,434,192,->,434,193,->,434,194,->,434,195,->,434,196,->,434,197,->,434,198,->,434,199,->,434,200,->,434,201,->,434,202,->,434,203,->,434,204,->,434,205,->,434,206,->,434,207,->,434,208,->,434,209,->,434,210,->,434,211,->,434,212,->,434,213,->,434,214,->,434,215,->,434,216,->,434,217,->,434,218,->,434,219,->,434,220,->,434,221,->,434,222,->,434,223,->,434,224,->,434,225,->,434,226,->,434,227,->,434,228,->,434,229,->,434,230,->,434,231,->,434,232,->,434,233,->,434,234,->,434,235,->,434,236,->,434,237,->,434,238,->,434,239,->,434,240,->,434,241,->,434,242,->,434,243,->,434,244,->,434,245,->,434,246,->,434,247,->,434,248,->,434,249,->,434,250,->,434,251,->,434,252,->,434,253,->,434,254,->,434,255,->,434,256,->,434,257,->,434,258,->,434,259,->,434,260,->,434,261,->,434,262,->,434,263,->,434,264,->,434,265,->,434,266,->,434,267,->,434,268,->,434,269,->,434,270,->,434,271,->,434,272,->,434,273,->,434,274,->,434,275,->,434,276,->,434,277,->,434,278,->,434,279,->,434,280,->,434,281,->,434,282,->,434,283,->,434,284,->,434,285,->,434,286,->,434,287,->,434,288,->,434,289,->,434,290,->,434,291,->,434,292,->,434,293,->,434,294,->,434,295,->,434,296,->,434,297,->,434,298,->,434,299,->,434,300,->,434,301,->,434,302,->,434,303,->,435,0,->,435,1,->,435,2,->,435,3,->,435,4,->,435,5,->,435,6,->,435,7,->,435,8,->,435,9,->,435,10,->,435,11,->,435,12,->,435,13,->,435,14,->,435,15,->,435,16,->,435,17,->,435,18,->,435,19,->,435,20,->,435,21,->,435,22,->,435,23,->,435,24,->,435,25,->,435,26,->,435,27,->,435,28,->,435,29,->,435,30,->,435,31,->,435,32,->,435,33,->,435,34,->,435,35,->,435,36,->,435,37,->,435,38,->,435,39,->,435,40,->,435,41,->,435,42,->,435,43,->,435,44,->,435,45,->,435,46,->,435,47,->,435,48,->,435,49,->,435,50,->,435,51,->,435,52,->,435,53,->,435,54,->,435,55,->,435,56,->,435,57,->,435,58,->,435,59,->,435,60,->,435,61,->,435,62,->,435,63,->,435,65,->,435,67,->,435,69,->,435,70,->,435,76,->,435,77,->,435,78,->,435,79,->,435,80,->,435,81,->,435,82,->,435,83,->,435,84,->,435,85,->,435,88,->,435,89,->,435,90,->,435,91,->,435,92,->,435,93,->,435,94,->,435,95,->,435,96,->,435,97,->,435,98,->,435,99,->,435,100,->,435,101,->,435,102,->,435,103,->,435,104,->,435,105,->,435,106,->,435,107,->,435,108,->,435,109,->,435,114,->,435,115,->,435,116,->,435,118,->,435,119,->,435,120,->,435,121,->,435,122,->,435,123,->,435,124,->,435,125,->,435,126,->,435,127,->,435,128,->,435,129,->,435,131,->,435,133,->,435,134,->,435,135,->,435,137,->,435,138,->,435,140,->,435,141,->,435,142,->,435,143,->,435,144,->,435,146,->,435,147,->,435,152,->,435,153,->,435,154,->,435,155,->,435,156,->,435,157,->,435,158,->,435,159,->,435,160,->,435,161,->,435,162,->,435,163,->,435,164,->,435,165,->,435,166,->,435,167,->,435,168,->,435,169,->,435,170,->,435,171,->,435,172,->,435,173,->,435,174,->,435,175,->,435,176,->,435,177,->,435,178,->,435,179,->,435,180,->,435,181,->,435,182,->,435,183,->,435,184,->,435,185,->,435,186,->,435,187,->,435,188,->,435,189,->,435,190,->,435,191,->,435,192,->,435,193,->,435,194,->,435,195,->,435,196,->,435,197,->,435,198,->,435,199,->,435,200,->,435,201,->,435,202,->,435,203,->,435,204,->,435,205,->,435,206,->,435,207,->,435,208,->,435,209,->,435,210,->,435,211,->,435,212,->,435,213,->,435,214,->,435,215,->,435,216,->,435,217,->,435,218,->,435,219,->,435,220,->,435,221,->,435,222,->,435,223,->,435,224,->,435,225,->,435,226,->,435,227,->,435,228,->,435,229,->,435,230,->,435,231,->,435,232,->,435,233,->,435,234,->,435,235,->,435,236,->,435,237,->,435,238,->,435,239,->,435,240,->,435,241,->,435,242,->,435,243,->,435,244,->,435,245,->,435,246,->,435,247,->,435,248,->,435,249,->,435,250,->,435,251,->,435,252,->,435,253,->,435,254,->,435,255,->,435,256,->,435,257,->,435,258,->,435,259,->,435,260,->,435,261,->,435,262,->,435,263,->,435,264,->,435,265,->,435,266,->,435,267,->,435,268,->,435,269,->,435,270,->,435,271,->,435,272,->,435,273,->,435,274,->,435,275,->,435,276,->,435,277,->,435,278,->,435,279,->,435,280,->,435,281,->,435,282,->,435,283,->,435,284,->,435,285,->,435,286,->,435,287,->,435,288,->,435,289,->,435,290,->,435,291,->,435,292,->,435,293,->,435,294,->,435,295,->,435,296,->,435,297,->,435,298,->,435,299,->,435,300,->,435,301,->,435,302,->,435,303,->,436,0,->,436,1,->,436,2,->,436,3,->,436,4,->,436,5,->,436,6,->,436,7,->,436,8,->,436,9,->,436,10,->,436,11,->,436,12,->,436,13,->,436,14,->,436,15,->,436,16,->,436,17,->,436,18,->,436,19,->,436,20,->,436,21,->,436,22,->,436,23,->,436,24,->,436,25,->,436,26,->,436,27,->,436,28,->,436,29,->,436,30,->,436,31,->,436,32,->,436,33,->,436,34,->,436,35,->,436,36,->,436,37,->,436,38,->,436,39,->,436,40,->,436,41,->,436,42,->,436,43,->,436,44,->,436,45,->,436,46,->,436,47,->,436,48,->,436,49,->,436,50,->,436,51,->,436,52,->,436,53,->,436,54,->,436,55,->,436,56,->,436,57,->,436,58,->,436,59,->,436,60,->,436,61,->,436,62,->,436,63,->,436,64,->,436,65,->,436,76,->,436,77,->,436,78,->,436,79,->,436,80,->,436,81,->,436,82,->,436,83,->,436,84,->,436,86,->,436,89,->,436,91,->,436,93,->,436,94,->,436,95,->,436,96,->,436,97,->,436,98,->,436,101,->,436,102,->,436,103,->,436,104,->,436,105,->,436,106,->,436,107,->,436,110,->,436,111,->,436,114,->,436,117,->,436,118,->,436,120,->,436,122,->,436,123,->,436,124,->,436,125,->,436,126,->,436,127,->,436,128,->,436,129,->,436,130,->,436,131,->,436,132,->,436,134,->,436,135,->,436,137,->,436,138,->,436,139,->,436,140,->,436,141,->,436,142,->,436,143,->,436,144,->,436,145,->,436,146,->,436,151,->,436,152,->,436,153,->,436,154,->,436,155,->,436,156,->,436,157,->,436,158,->,436,159,->,436,160,->,436,161,->,436,162,->,436,163,->,436,164,->,436,165,->,436,166,->,436,167,->,436,168,->,436,169,->,436,170,->,436,171,->,436,172,->,436,173,->,436,174,->,436,175,->,436,176,->,436,177,->,436,178,->,436,179,->,436,180,->,436,181,->,436,182,->,436,183,->,436,184,->,436,185,->,436,186,->,436,187,->,436,188,->,436,189,->,436,190,->,436,191,->,436,192,->,436,193,->,436,194,->,436,195,->,436,196,->,436,197,->,436,198,->,436,199,->,436,200,->,436,201,->,436,202,->,436,203,->,436,204,->,436,205,->,436,206,->,436,207,->,436,208,->,436,209,->,436,210,->,436,211,->,436,212,->,436,213,->,436,214,->,436,215,->,436,216,->,436,217,->,436,218,->,436,219,->,436,220,->,436,221,->,436,222,->,436,223,->,436,224,->,436,225,->,436,226,->,436,227,->,436,228,->,436,229,->,436,230,->,436,231,->,436,232,->,436,233,->,436,234,->,436,235,->,436,236,->,436,237,->,436,238,->,436,239,->,436,240,->,436,241,->,436,242,->,436,243,->,436,244,->,436,245,->,436,246,->,436,247,->,436,248,->,436,249,->,436,250,->,436,251,->,436,252,->,436,253,->,436,254,->,436,255,->,436,256,->,436,257,->,436,258,->,436,259,->,436,260,->,436,261,->,436,262,->,436,263,->,436,264,->,436,265,->,436,266,->,436,267,->,436,268,->,436,269,->,436,270,->,436,271,->,436,272,->,436,273,->,436,274,->,436,275,->,436,276,->,436,277,->,436,278,->,436,279,->,436,280,->,436,281,->,436,282,->,436,283,->,436,284,->,436,285,->,436,286,->,436,287,->,436,288,->,436,289,->,436,290,->,436,291,->,436,292,->,436,293,->,436,294,->,436,295,->,436,296,->,436,297,->,436,298,->,436,299,->,436,300,->,436,301,->,436,302,->,436,303,->,437,0,->,437,1,->,437,2,->,437,3,->,437,4,->,437,5,->,437,6,->,437,7,->,437,8,->,437,9,->,437,10,->,437,11,->,437,12,->,437,13,->,437,14,->,437,15,->,437,16,->,437,17,->,437,18,->,437,19,->,437,20,->,437,21,->,437,22,->,437,23,->,437,24,->,437,25,->,437,26,->,437,27,->,437,28,->,437,29,->,437,30,->,437,31,->,437,32,->,437,33,->,437,34,->,437,35,->,437,36,->,437,37,->,437,38,->,437,39,->,437,40,->,437,41,->,437,42,->,437,43,->,437,44,->,437,45,->,437,46,->,437,47,->,437,48,->,437,49,->,437,50,->,437,51,->,437,52,->,437,55,->,437,56,->,437,57,->,437,58,->,437,59,->,437,60,->,437,61,->,437,62,->,437,63,->,437,64,->,437,65,->,437,66,->,437,67,->,437,75,->,437,76,->,437,77,->,437,78,->,437,80,->,437,84,->,437,85,->,437,86,->,437,87,->,437,91,->,437,92,->,437,94,->,437,95,->,437,96,->,437,97,->,437,98,->,437,100,->,437,101,->,437,103,->,437,104,->,437,106,->,437,107,->,437,108,->,437,109,->,437,110,->,437,111,->,437,112,->,437,113,->,437,115,->,437,116,->,437,117,->,437,119,->,437,120,->,437,121,->,437,122,->,437,123,->,437,126,->,437,127,->,437,131,->,437,138,->,437,139,->,437,140,->,437,141,->,437,142,->,437,143,->,437,144,->,437,145,->,437,148,->,437,150,->,437,151,->,437,152,->,437,153,->,437,154,->,437,155,->,437,156,->,437,157,->,437,158,->,437,159,->,437,160,->,437,161,->,437,162,->,437,163,->,437,164,->,437,165,->,437,166,->,437,167,->,437,168,->,437,169,->,437,170,->,437,171,->,437,172,->,437,173,->,437,174,->,437,175,->,437,176,->,437,177,->,437,178,->,437,179,->,437,180,->,437,181,->,437,182,->,437,183,->,437,184,->,437,185,->,437,186,->,437,187,->,437,188,->,437,189,->,437,190,->,437,191,->,437,192,->,437,193,->,437,194,->,437,195,->,437,196,->,437,197,->,437,198,->,437,199,->,437,200,->,437,201,->,437,202,->,437,203,->,437,204,->,437,205,->,437,206,->,437,207,->,437,208,->,437,209,->,437,210,->,437,211,->,437,212,->,437,213,->,437,214,->,437,215,->,437,216,->,437,217,->,437,218,->,437,219,->,437,220,->,437,221,->,437,222,->,437,223,->,437,224,->,437,225,->,437,226,->,437,227,->,437,228,->,437,229,->,437,230,->,437,231,->,437,232,->,437,233,->,437,234,->,437,235,->,437,236,->,437,237,->,437,238,->,437,239,->,437,240,->,437,241,->,437,242,->,437,243,->,437,244,->,437,245,->,437,246,->,437,247,->,437,248,->,437,249,->,437,250,->,437,251,->,437,252,->,437,253,->,437,254,->,437,255,->,437,256,->,437,257,->,437,258,->,437,259,->,437,260,->,437,261,->,437,262,->,437,263,->,437,264,->,437,265,->,437,266,->,437,267,->,437,268,->,437,269,->,437,270,->,437,271,->,437,272,->,437,273,->,437,274,->,437,275,->,437,276,->,437,277,->,437,278,->,437,279,->,437,280,->,437,281,->,437,282,->,437,283,->,437,284,->,437,285,->,437,286,->,437,287,->,437,288,->,437,289,->,437,290,->,437,291,->,437,292,->,437,293,->,437,294,->,437,295,->,437,296,->,437,297,->,437,298,->,437,299,->,437,300,->,437,301,->,437,302,->,437,303,->,438,0,->,438,1,->,438,2,->,438,3,->,438,4,->,438,5,->,438,6,->,438,7,->,438,8,->,438,9,->,438,10,->,438,11,->,438,12,->,438,13,->,438,14,->,438,15,->,438,16,->,438,17,->,438,18,->,438,19,->,438,20,->,438,21,->,438,22,->,438,23,->,438,24,->,438,25,->,438,26,->,438,27,->,438,28,->,438,29,->,438,30,->,438,31,->,438,32,->,438,33,->,438,34,->,438,35,->,438,36,->,438,37,->,438,38,->,438,39,->,438,40,->,438,41,->,438,42,->,438,43,->,438,44,->,438,45,->,438,46,->,438,47,->,438,48,->,438,49,->,438,50,->,438,51,->,438,52,->,438,53,->,438,54,->,438,55,->,438,56,->,438,57,->,438,58,->,438,59,->,438,60,->,438,61,->,438,62,->,438,65,->,438,69,->,438,71,->,438,75,->,438,76,->,438,77,->,438,78,->,438,79,->,438,81,->,438,82,->,438,87,->,438,88,->,438,90,->,438,91,->,438,92,->,438,94,->,438,97,->,438,98,->,438,101,->,438,104,->,438,111,->,438,112,->,438,113,->,438,114,->,438,116,->,438,124,->,438,125,->,438,127,->,438,131,->,438,134,->,438,135,->,438,136,->,438,138,->,438,140,->,438,141,->,438,142,->,438,143,->,438,144,->,438,145,->,438,147,->,438,148,->,438,149,->,438,150,->,438,151,->,438,152,->,438,153,->,438,154,->,438,155,->,438,156,->,438,157,->,438,158,->,438,159,->,438,160,->,438,161,->,438,162,->,438,163,->,438,164,->,438,165,->,438,166,->,438,167,->,438,168,->,438,169,->,438,170,->,438,171,->,438,172,->,438,173,->,438,174,->,438,175,->,438,176,->,438,177,->,438,178,->,438,179,->,438,180,->,438,181,->,438,182,->,438,183,->,438,184,->,438,185,->,438,186,->,438,187,->,438,188,->,438,189,->,438,190,->,438,191,->,438,192,->,438,193,->,438,194,->,438,195,->,438,196,->,438,197,->,438,198,->,438,199,->,438,200,->,438,201,->,438,202,->,438,203,->,438,204,->,438,205,->,438,206,->,438,207,->,438,208,->,438,209,->,438,210,->,438,211,->,438,212,->,438,213,->,438,214,->,438,215,->,438,216,->,438,217,->,438,218,->,438,219,->,438,220,->,438,221,->,438,222,->,438,223,->,438,224,->,438,225,->,438,226,->,438,227,->,438,228,->,438,229,->,438,230,->,438,231,->,438,232,->,438,233,->,438,234,->,438,235,->,438,236,->,438,237,->,438,238,->,438,239,->,438,240,->,438,241,->,438,242,->,438,243,->,438,244,->,438,245,->,438,246,->,438,247,->,438,248,->,438,249,->,438,250,->,438,251,->,438,252,->,438,253,->,438,254,->,438,255,->,438,256,->,438,257,->,438,258,->,438,259,->,438,260,->,438,261,->,438,262,->,438,263,->,438,264,->,438,265,->,438,266,->,438,267,->,438,268,->,438,269,->,438,270,->,438,271,->,438,272,->,438,273,->,438,274,->,438,275,->,438,276,->,438,277,->,438,278,->,438,279,->,438,280,->,438,281,->,438,282,->,438,283,->,438,284,->,438,285,->,438,286,->,438,287,->,438,288,->,438,289,->,438,290,->,438,291,->,438,292,->,438,293,->,438,294,->,438,295,->,438,296,->,438,297,->,438,298,->,438,299,->,438,300,->,438,301,->,438,302,->,438,303,->,439,0,->,439,1,->,439,2,->,439,3,->,439,4,->,439,5,->,439,6,->,439,7,->,439,8,->,439,9,->,439,10,->,439,11,->,439,12,->,439,13,->,439,14,->,439,15,->,439,16,->,439,17,->,439,18,->,439,19,->,439,20,->,439,21,->,439,22,->,439,23,->,439,24,->,439,25,->,439,26,->,439,27,->,439,28,->,439,29,->,439,30,->,439,31,->,439,32,->,439,33,->,439,34,->,439,35,->,439,36,->,439,37,->,439,38,->,439,39,->,439,40,->,439,41,->,439,42,->,439,43,->,439,44,->,439,45,->,439,46,->,439,47,->,439,48,->,439,49,->,439,50,->,439,51,->,439,52,->,439,53,->,439,54,->,439,55,->,439,56,->,439,57,->,439,58,->,439,59,->,439,60,->,439,61,->,439,62,->,439,63,->,439,64,->,439,65,->,439,66,->,439,67,->,439,68,->,439,69,->,439,76,->,439,77,->,439,80,->,439,81,->,439,83,->,439,84,->,439,85,->,439,89,->,439,95,->,439,101,->,439,103,->,439,105,->,439,107,->,439,111,->,439,113,->,439,116,->,439,120,->,439,123,->,439,126,->,439,127,->,439,128,->,439,129,->,439,132,->,439,133,->,439,134,->,439,137,->,439,138,->,439,139,->,439,140,->,439,142,->,439,143,->,439,145,->,439,147,->,439,148,->,439,149,->,439,150,->,439,151,->,439,152,->,439,153,->,439,154,->,439,155,->,439,156,->,439,157,->,439,158,->,439,159,->,439,160,->,439,161,->,439,162,->,439,163,->,439,164,->,439,165,->,439,166,->,439,167,->,439,168,->,439,169,->,439,170,->,439,171,->,439,172,->,439,173,->,439,174,->,439,175,->,439,176,->,439,177,->,439,178,->,439,179,->,439,180,->,439,181,->,439,182,->,439,183,->,439,184,->,439,185,->,439,186,->,439,187,->,439,188,->,439,189,->,439,190,->,439,191,->,439,192,->,439,193,->,439,194,->,439,195,->,439,196,->,439,197,->,439,198,->,439,199,->,439,200,->,439,201,->,439,202,->,439,203,->,439,204,->,439,205,->,439,206,->,439,207,->,439,208,->,439,209,->,439,210,->,439,211,->,439,212,->,439,213,->,439,214,->,439,215,->,439,216,->,439,217,->,439,218,->,439,219,->,439,220,->,439,221,->,439,222,->,439,223,->,439,224,->,439,225,->,439,226,->,439,227,->,439,228,->,439,229,->,439,230,->,439,231,->,439,232,->,439,233,->,439,234,->,439,235,->,439,236,->,439,237,->,439,238,->,439,239,->,439,240,->,439,241,->,439,242,->,439,243,->,439,244,->,439,245,->,439,246,->,439,247,->,439,248,->,439,249,->,439,250,->,439,251,->,439,252,->,439,253,->,439,254,->,439,255,->,439,256,->,439,257,->,439,258,->,439,259,->,439,260,->,439,261,->,439,262,->,439,263,->,439,264,->,439,265,->,439,266,->,439,267,->,439,268,->,439,269,->,439,270,->,439,271,->,439,272,->,439,273,->,439,274,->,439,275,->,439,276,->,439,277,->,439,278,->,439,279,->,439,280,->,439,281,->,439,282,->,439,283,->,439,284,->,439,285,->,439,286,->,439,287,->,439,288,->,439,289,->,439,290,->,439,291,->,439,292,->,439,293,->,439,294,->,439,295,->,439,296,->,439,297,->,439,298,->,439,299,->,439,300,->,439,301,->,439,302,->,439,303,->,440,0,->,440,1,->,440,2,->,440,3,->,440,4,->,440,5,->,440,6,->,440,7,->,440,8,->,440,9,->,440,10,->,440,11,->,440,12,->,440,13,->,440,14,->,440,15,->,440,16,->,440,17,->,440,18,->,440,19,->,440,20,->,440,21,->,440,22,->,440,23,->,440,24,->,440,25,->,440,26,->,440,27,->,440,28,->,440,29,->,440,30,->,440,31,->,440,32,->,440,33,->,440,34,->,440,35,->,440,36,->,440,37,->,440,38,->,440,39,->,440,40,->,440,41,->,440,42,->,440,43,->,440,44,->,440,45,->,440,46,->,440,47,->,440,48,->,440,49,->,440,50,->,440,51,->,440,52,->,440,53,->,440,54,->,440,55,->,440,56,->,440,57,->,440,58,->,440,59,->,440,60,->,440,61,->,440,62,->,440,63,->,440,64,->,440,65,->,440,66,->,440,67,->,440,68,->,440,69,->,440,70,->,440,71,->,440,72,->,440,73,->,440,74,->,440,75,->,440,76,->,440,80,->,440,86,->,440,87,->,440,90,->,440,94,->,440,100,->,440,111,->,440,115,->,440,116,->,440,118,->,440,119,->,440,121,->,440,126,->,440,127,->,440,128,->,440,129,->,440,130,->,440,132,->,440,136,->,440,137,->,440,141,->,440,142,->,440,143,->,440,146,->,440,147,->,440,148,->,440,149,->,440,150,->,440,151,->,440,152,->,440,153,->,440,154,->,440,155,->,440,156,->,440,157,->,440,158,->,440,159,->,440,160,->,440,161,->,440,162,->,440,163,->,440,164,->,440,165,->,440,166,->,440,167,->,440,168,->,440,169,->,440,170,->,440,171,->,440,172,->,440,173,->,440,174,->,440,175,->,440,176,->,440,177,->,440,178,->,440,179,->,440,180,->,440,181,->,440,182,->,440,183,->,440,184,->,440,185,->,440,186,->,440,187,->,440,188,->,440,189,->,440,190,->,440,191,->,440,192,->,440,193,->,440,194,->,440,195,->,440,196,->,440,197,->,440,198,->,440,199,->,440,200,->,440,201,->,440,202,->,440,203,->,440,204,->,440,205,->,440,206,->,440,207,->,440,208,->,440,209,->,440,210,->,440,211,->,440,212,->,440,213,->,440,214,->,440,215,->,440,216,->,440,217,->,440,218,->,440,219,->,440,220,->,440,221,->,440,222,->,440,223,->,440,224,->,440,225,->,440,226,->,440,227,->,440,228,->,440,229,->,440,230,->,440,231,->,440,232,->,440,233,->,440,234,->,440,235,->,440,236,->,440,237,->,440,238,->,440,239,->,440,240,->,440,241,->,440,242,->,440,243,->,440,244,->,440,245,->,440,246,->,440,247,->,440,248,->,440,249,->,440,250,->,440,251,->,440,252,->,440,253,->,440,254,->,440,255,->,440,256,->,440,257,->,440,258,->,440,259,->,440,260,->,440,261,->,440,262,->,440,263,->,440,264,->,440,265,->,440,266,->,440,267,->,440,268,->,440,269,->,440,270,->,440,271,->,440,272,->,440,273,->,440,274,->,440,275,->,440,276,->,440,277,->,440,278,->,440,279,->,440,280,->,440,281,->,440,282,->,440,283,->,440,284,->,440,285,->,440,286,->,440,287,->,440,288,->,440,289,->,440,290,->,440,291,->,440,292,->,440,293,->,440,294,->,440,295,->,440,296,->,440,297,->,440,298,->,440,299,->,440,300,->,440,301,->,440,302,->,440,303,->,441,0,->,441,1,->,441,2,->,441,3,->,441,4,->,441,5,->,441,6,->,441,7,->,441,8,->,441,9,->,441,10,->,441,11,->,441,12,->,441,13,->,441,14,->,441,15,->,441,16,->,441,17,->,441,18,->,441,19,->,441,20,->,441,21,->,441,22,->,441,23,->,441,24,->,441,25,->,441,26,->,441,27,->,441,28,->,441,29,->,441,30,->,441,31,->,441,32,->,441,33,->,441,34,->,441,35,->,441,36,->,441,37,->,441,38,->,441,39,->,441,40,->,441,41,->,441,42,->,441,43,->,441,44,->,441,45,->,441,46,->,441,47,->,441,48,->,441,49,->,441,50,->,441,51,->,441,52,->,441,53,->,441,54,->,441,55,->,441,56,->,441,57,->,441,58,->,441,59,->,441,60,->,441,61,->,441,62,->,441,63,->,441,64,->,441,65,->,441,66,->,441,67,->,441,68,->,441,69,->,441,70,->,441,71,->,441,72,->,441,73,->,441,74,->,441,75,->,441,76,->,441,77,->,441,78,->,441,79,->,441,80,->,441,81,->,441,82,->,441,83,->,441,84,->,441,85,->,441,86,->,441,87,->,441,88,->,441,89,->,441,90,->,441,91,->,441,92,->,441,93,->,441,94,->,441,95,->,441,96,->,441,100,->,441,101,->,441,109,->,441,111,->,441,113,->,441,115,->,441,118,->,441,121,->,441,124,->,441,128,->,441,135,->,441,136,->,441,142,->,441,146,->,441,147,->,441,148,->,441,149,->,441,150,->,441,151,->,441,152,->,441,153,->,441,154,->,441,155,->,441,156,->,441,157,->,441,158,->,441,159,->,441,160,->,441,161,->,441,162,->,441,163,->,441,164,->,441,165,->,441,166,->,441,167,->,441,168,->,441,169,->,441,170,->,441,171,->,441,172,->,441,173,->,441,174,->,441,175,->,441,176,->,441,177,->,441,178,->,441,179,->,441,180,->,441,181,->,441,182,->,441,183,->,441,184,->,441,185,->,441,186,->,441,187,->,441,188,->,441,189,->,441,190,->,441,191,->,441,192,->,441,193,->,441,194,->,441,195,->,441,196,->,441,197,->,441,198,->,441,199,->,441,200,->,441,201,->,441,202,->,441,203,->,441,204,->,441,205,->,441,206,->,441,207,->,441,208,->,441,209,->,441,210,->,441,211,->,441,212,->,441,213,->,441,214,->,441,215,->,441,216,->,441,217,->,441,218,->,441,219,->,441,220,->,441,221,->,441,222,->,441,223,->,441,224,->,441,225,->,441,226,->,441,227,->,441,228,->,441,229,->,441,230,->,441,231,->,441,232,->,441,233,->,441,234,->,441,235,->,441,236,->,441,237,->,441,238,->,441,239,->,441,240,->,441,241,->,441,242,->,441,243,->,441,244,->,441,245,->,441,246,->,441,247,->,441,248,->,441,249,->,441,250,->,441,251,->,441,252,->,441,253,->,441,254,->,441,255,->,441,256,->,441,257,->,441,258,->,441,259,->,441,260,->,441,261,->,441,262,->,441,263,->,441,264,->,441,265,->,441,266,->,441,267,->,441,268,->,441,269,->,441,270,->,441,271,->,441,272,->,441,273,->,441,274,->,441,275,->,441,276,->,441,277,->,441,278,->,441,279,->,441,280,->,441,281,->,441,282,->,441,283,->,441,284,->,441,285,->,441,286,->,441,287,->,441,288,->,441,289,->,441,290,->,441,291,->,441,292,->,441,293,->,441,294,->,441,295,->,441,296,->,441,297,->,441,298,->,441,299,->,441,300,->,441,301,->,441,302,->,441,303,->,442,0,->,442,1,->,442,2,->,442,3,->,442,4,->,442,5,->,442,6,->,442,7,->,442,8,->,442,9,->,442,10,->,442,11,->,442,12,->,442,13,->,442,14,->,442,15,->,442,16,->,442,17,->,442,18,->,442,19,->,442,20,->,442,21,->,442,22,->,442,23,->,442,24,->,442,25,->,442,26,->,442,27,->,442,28,->,442,29,->,442,30,->,442,31,->,442,32,->,442,33,->,442,34,->,442,35,->,442,36,->,442,37,->,442,38,->,442,39,->,442,40,->,442,41,->,442,42,->,442,43,->,442,44,->,442,45,->,442,46,->,442,47,->,442,48,->,442,49,->,442,50,->,442,51,->,442,52,->,442,53,->,442,54,->,442,55,->,442,56,->,442,57,->,442,58,->,442,59,->,442,60,->,442,61,->,442,62,->,442,63,->,442,64,->,442,65,->,442,66,->,442,67,->,442,68,->,442,69,->,442,70,->,442,71,->,442,72,->,442,73,->,442,74,->,442,75,->,442,76,->,442,77,->,442,78,->,442,79,->,442,80,->,442,81,->,442,82,->,442,83,->,442,84,->,442,85,->,442,86,->,442,87,->,442,88,->,442,89,->,442,90,->,442,91,->,442,92,->,442,93,->,442,94,->,442,95,->,442,96,->,442,97,->,442,98,->,442,99,->,442,100,->,442,101,->,442,102,->,442,103,->,442,104,->,442,105,->,442,108,->,442,109,->,442,110,->,442,111,->,442,112,->,442,118,->,442,119,->,442,120,->,442,127,->,442,128,->,442,129,->,442,132,->,442,135,->,442,139,->,442,140,->,442,141,->,442,143,->,442,145,->,442,146,->,442,147,->,442,148,->,442,149,->,442,150,->,442,151,->,442,152,->,442,153,->,442,154,->,442,155,->,442,156,->,442,157,->,442,158,->,442,159,->,442,160,->,442,161,->,442,162,->,442,163,->,442,164,->,442,165,->,442,166,->,442,167,->,442,168,->,442,169,->,442,170,->,442,171,->,442,172,->,442,173,->,442,174,->,442,175,->,442,176,->,442,177,->,442,178,->,442,179,->,442,180,->,442,181,->,442,182,->,442,183,->,442,184,->,442,185,->,442,186,->,442,187,->,442,188,->,442,189,->,442,190,->,442,191,->,442,192,->,442,193,->,442,194,->,442,195,->,442,196,->,442,197,->,442,198,->,442,199,->,442,200,->,442,201,->,442,202,->,442,203,->,442,204,->,442,205,->,442,206,->,442,207,->,442,208,->,442,209,->,442,210,->,442,211,->,442,212,->,442,213,->,442,214,->,442,215,->,442,216,->,442,217,->,442,218,->,442,219,->,442,220,->,442,221,->,442,222,->,442,223,->,442,224,->,442,225,->,442,226,->,442,227,->,442,228,->,442,229,->,442,230,->,442,231,->,442,232,->,442,233,->,442,234,->,442,235,->,442,236,->,442,237,->,442,238,->,442,239,->,442,240,->,442,241,->,442,242,->,442,243,->,442,244,->,442,245,->,442,246,->,442,247,->,442,248,->,442,249,->,442,250,->,442,251,->,442,252,->,442,253,->,442,254,->,442,255,->,442,256,->,442,257,->,442,258,->,442,259,->,442,260,->,442,261,->,442,262,->,442,263,->,442,264,->,442,265,->,442,266,->,442,267,->,442,268,->,442,269,->,442,270,->,442,271,->,442,272,->,442,273,->,442,274,->,442,275,->,442,276,->,442,277,->,442,278,->,442,279,->,442,280,->,442,281,->,442,282,->,442,283,->,442,284,->,442,285,->,442,286,->,442,287,->,442,288,->,442,289,->,442,290,->,442,291,->,442,292,->,442,293,->,442,294,->,442,295,->,442,296,->,442,297,->,442,298,->,442,299,->,442,300,->,442,301,->,442,302,->,442,303,->,443,0,->,443,1,->,443,2,->,443,3,->,443,4,->,443,5,->,443,6,->,443,7,->,443,8,->,443,9,->,443,10,->,443,11,->,443,12,->,443,13,->,443,14,->,443,15,->,443,16,->,443,17,->,443,18,->,443,19,->,443,20,->,443,21,->,443,22,->,443,23,->,443,24,->,443,25,->,443,26,->,443,27,->,443,28,->,443,29,->,443,30,->,443,31,->,443,32,->,443,33,->,443,34,->,443,35,->,443,36,->,443,37,->,443,38,->,443,39,->,443,40,->,443,41,->,443,42,->,443,43,->,443,44,->,443,45,->,443,46,->,443,47,->,443,48,->,443,49,->,443,50,->,443,51,->,443,52,->,443,53,->,443,54,->,443,55,->,443,56,->,443,57,->,443,58,->,443,59,->,443,60,->,443,61,->,443,62,->,443,63,->,443,64,->,443,65,->,443,66,->,443,67,->,443,68,->,443,69,->,443,70,->,443,71,->,443,72,->,443,73,->,443,74,->,443,75,->,443,76,->,443,77,->,443,78,->,443,79,->,443,80,->,443,81,->,443,82,->,443,83,->,443,84,->,443,85,->,443,86,->,443,87,->,443,88,->,443,89,->,443,90,->,443,91,->,443,92,->,443,93,->,443,94,->,443,95,->,443,96,->,443,97,->,443,98,->,443,99,->,443,100,->,443,101,->,443,102,->,443,103,->,443,104,->,443,105,->,443,106,->,443,107,->,443,108,->,443,109,->,443,110,->,443,114,->,443,115,->,443,116,->,443,120,->,443,127,->,443,130,->,443,131,->,443,132,->,443,133,->,443,136,->,443,137,->,443,139,->,443,140,->,443,142,->,443,144,->,443,145,->,443,146,->,443,147,->,443,148,->,443,149,->,443,150,->,443,151,->,443,152,->,443,153,->,443,154,->,443,155,->,443,156,->,443,157,->,443,158,->,443,159,->,443,160,->,443,161,->,443,162,->,443,163,->,443,164,->,443,165,->,443,166,->,443,167,->,443,168,->,443,169,->,443,170,->,443,171,->,443,172,->,443,173,->,443,174,->,443,175,->,443,176,->,443,177,->,443,178,->,443,179,->,443,180,->,443,181,->,443,182,->,443,183,->,443,184,->,443,185,->,443,186,->,443,187,->,443,188,->,443,189,->,443,190,->,443,191,->,443,192,->,443,193,->,443,194,->,443,195,->,443,196,->,443,197,->,443,198,->,443,199,->,443,200,->,443,201,->,443,202,->,443,203,->,443,204,->,443,205,->,443,206,->,443,207,->,443,208,->,443,209,->,443,210,->,443,211,->,443,212,->,443,213,->,443,214,->,443,215,->,443,216,->,443,217,->,443,218,->,443,219,->,443,220,->,443,221,->,443,222,->,443,223,->,443,224,->,443,225,->,443,226,->,443,227,->,443,228,->,443,229,->,443,230,->,443,231,->,443,232,->,443,233,->,443,234,->,443,235,->,443,236,->,443,237,->,443,238,->,443,239,->,443,240,->,443,241,->,443,242,->,443,243,->,443,244,->,443,245,->,443,246,->,443,247,->,443,248,->,443,249,->,443,250,->,443,251,->,443,252,->,443,253,->,443,254,->,443,255,->,443,256,->,443,257,->,443,258,->,443,259,->,443,260,->,443,261,->,443,262,->,443,263,->,443,264,->,443,265,->,443,266,->,443,267,->,443,268,->,443,269,->,443,270,->,443,271,->,443,272,->,443,273,->,443,274,->,443,275,->,443,276,->,443,277,->,443,278,->,443,279,->,443,280,->,443,281,->,443,282,->,443,283,->,443,284,->,443,285,->,443,286,->,443,287,->,443,288,->,443,289,->,443,290,->,443,291,->,443,292,->,443,293,->,443,294,->,443,295,->,443,296,->,443,297,->,443,298,->,443,299,->,443,300,->,443,301,->,443,302,->,443,303,->,444,0,->,444,1,->,444,2,->,444,3,->,444,4,->,444,5,->,444,6,->,444,7,->,444,8,->,444,9,->,444,10,->,444,11,->,444,12,->,444,13,->,444,14,->,444,15,->,444,16,->,444,17,->,444,18,->,444,19,->,444,20,->,444,21,->,444,22,->,444,23,->,444,24,->,444,25,->,444,26,->,444,27,->,444,28,->,444,29,->,444,30,->,444,31,->,444,32,->,444,33,->,444,34,->,444,35,->,444,36,->,444,37,->,444,38,->,444,39,->,444,40,->,444,41,->,444,42,->,444,43,->,444,44,->,444,45,->,444,46,->,444,47,->,444,48,->,444,49,->,444,50,->,444,51,->,444,52,->,444,53,->,444,54,->,444,55,->,444,56,->,444,57,->,444,58,->,444,59,->,444,60,->,444,61,->,444,62,->,444,63,->,444,64,->,444,65,->,444,66,->,444,67,->,444,68,->,444,69,->,444,70,->,444,71,->,444,72,->,444,73,->,444,74,->,444,75,->,444,76,->,444,77,->,444,78,->,444,79,->,444,80,->,444,81,->,444,82,->,444,83,->,444,84,->,444,85,->,444,86,->,444,87,->,444,88,->,444,89,->,444,90,->,444,91,->,444,92,->,444,93,->,444,94,->,444,95,->,444,96,->,444,97,->,444,98,->,444,99,->,444,100,->,444,101,->,444,102,->,444,103,->,444,104,->,444,105,->,444,106,->,444,107,->,444,108,->,444,109,->,444,110,->,444,111,->,444,112,->,444,113,->,444,114,->,444,116,->,444,119,->,444,120,->,444,123,->,444,125,->,444,128,->,444,129,->,444,131,->,444,132,->,444,136,->,444,138,->,444,140,->,444,142,->,444,143,->,444,144,->,444,145,->,444,146,->,444,147,->,444,148,->,444,149,->,444,150,->,444,151,->,444,152,->,444,153,->,444,154,->,444,155,->,444,156,->,444,157,->,444,158,->,444,159,->,444,160,->,444,161,->,444,162,->,444,163,->,444,164,->,444,165,->,444,166,->,444,167,->,444,168,->,444,169,->,444,170,->,444,171,->,444,172,->,444,173,->,444,174,->,444,175,->,444,176,->,444,177,->,444,178,->,444,179,->,444,180,->,444,181,->,444,182,->,444,183,->,444,184,->,444,185,->,444,186,->,444,187,->,444,188,->,444,189,->,444,190,->,444,191,->,444,192,->,444,193,->,444,194,->,444,195,->,444,196,->,444,197,->,444,198,->,444,199,->,444,200,->,444,201,->,444,202,->,444,203,->,444,204,->,444,205,->,444,206,->,444,207,->,444,208,->,444,209,->,444,210,->,444,211,->,444,212,->,444,213,->,444,214,->,444,215,->,444,216,->,444,217,->,444,218,->,444,219,->,444,220,->,444,221,->,444,222,->,444,223,->,444,224,->,444,225,->,444,226,->,444,227,->,444,228,->,444,229,->,444,230,->,444,231,->,444,232,->,444,233,->,444,234,->,444,235,->,444,236,->,444,237,->,444,238,->,444,239,->,444,240,->,444,241,->,444,242,->,444,243,->,444,244,->,444,245,->,444,246,->,444,247,->,444,248,->,444,249,->,444,250,->,444,251,->,444,252,->,444,253,->,444,254,->,444,255,->,444,256,->,444,257,->,444,258,->,444,259,->,444,260,->,444,261,->,444,262,->,444,263,->,444,264,->,444,265,->,444,266,->,444,267,->,444,268,->,444,269,->,444,270,->,444,271,->,444,272,->,444,273,->,444,274,->,444,275,->,444,276,->,444,277,->,444,278,->,444,279,->,444,280,->,444,281,->,444,282,->,444,283,->,444,284,->,444,285,->,444,286,->,444,287,->,444,288,->,444,289,->,444,290,->,444,291,->,444,292,->,444,293,->,444,294,->,444,295,->,444,296,->,444,297,->,444,298,->,444,299,->,444,300,->,444,301,->,444,302,->,444,303,->,445,0,->,445,1,->,445,2,->,445,3,->,445,4,->,445,5,->,445,6,->,445,7,->,445,8,->,445,9,->,445,10,->,445,11,->,445,12,->,445,13,->,445,14,->,445,15,->,445,16,->,445,17,->,445,18,->,445,19,->,445,20,->,445,21,->,445,22,->,445,23,->,445,24,->,445,25,->,445,26,->,445,27,->,445,28,->,445,29,->,445,30,->,445,31,->,445,32,->,445,33,->,445,34,->,445,35,->,445,36,->,445,37,->,445,38,->,445,39,->,445,40,->,445,41,->,445,42,->,445,43,->,445,44,->,445,45,->,445,46,->,445,47,->,445,48,->,445,49,->,445,50,->,445,51,->,445,52,->,445,53,->,445,54,->,445,55,->,445,56,->,445,57,->,445,58,->,445,59,->,445,60,->,445,61,->,445,62,->,445,63,->,445,64,->,445,65,->,445,66,->,445,67,->,445,68,->,445,69,->,445,70,->,445,71,->,445,72,->,445,73,->,445,74,->,445,75,->,445,76,->,445,77,->,445,78,->,445,79,->,445,80,->,445,81,->,445,82,->,445,83,->,445,84,->,445,85,->,445,86,->,445,87,->,445,88,->,445,89,->,445,90,->,445,91,->,445,92,->,445,93,->,445,94,->,445,95,->,445,96,->,445,97,->,445,98,->,445,99,->,445,100,->,445,101,->,445,102,->,445,103,->,445,104,->,445,105,->,445,106,->,445,107,->,445,108,->,445,109,->,445,110,->,445,111,->,445,112,->,445,113,->,445,114,->,445,115,->,445,116,->,445,119,->,445,126,->,445,130,->,445,133,->,445,135,->,445,137,->,445,140,->,445,141,->,445,142,->,445,143,->,445,144,->,445,145,->,445,146,->,445,147,->,445,148,->,445,149,->,445,150,->,445,151,->,445,152,->,445,153,->,445,154,->,445,155,->,445,156,->,445,157,->,445,158,->,445,159,->,445,160,->,445,161,->,445,162,->,445,163,->,445,164,->,445,165,->,445,166,->,445,167,->,445,168,->,445,169,->,445,170,->,445,171,->,445,172,->,445,173,->,445,174,->,445,175,->,445,176,->,445,177,->,445,178,->,445,179,->,445,180,->,445,181,->,445,182,->,445,183,->,445,184,->,445,185,->,445,186,->,445,187,->,445,188,->,445,189,->,445,190,->,445,191,->,445,192,->,445,193,->,445,194,->,445,195,->,445,196,->,445,197,->,445,198,->,445,199,->,445,200,->,445,201,->,445,202,->,445,203,->,445,204,->,445,205,->,445,206,->,445,207,->,445,208,->,445,209,->,445,210,->,445,211,->,445,212,->,445,213,->,445,214,->,445,215,->,445,216,->,445,217,->,445,218,->,445,219,->,445,220,->,445,221,->,445,222,->,445,223,->,445,224,->,445,225,->,445,226,->,445,227,->,445,228,->,445,229,->,445,230,->,445,231,->,445,232,->,445,233,->,445,234,->,445,235,->,445,236,->,445,237,->,445,238,->,445,239,->,445,240,->,445,241,->,445,242,->,445,243,->,445,244,->,445,245,->,445,246,->,445,247,->,445,248,->,445,249,->,445,250,->,445,251,->,445,252,->,445,253,->,445,254,->,445,255,->,445,256,->,445,257,->,445,258,->,445,259,->,445,260,->,445,261,->,445,262,->,445,263,->,445,264,->,445,265,->,445,266,->,445,267,->,445,268,->,445,269,->,445,270,->,445,271,->,445,272,->,445,273,->,445,274,->,445,275,->,445,276,->,445,277,->,445,278,->,445,279,->,445,280,->,445,281,->,445,282,->,445,283,->,445,284,->,445,285,->,445,286,->,445,287,->,445,288,->,445,289,->,445,290,->,445,291,->,445,292,->,445,293,->,445,294,->,445,295,->,445,296,->,445,297,->,445,298,->,445,299,->,445,300,->,445,301,->,445,302,->,445,303,->,446,0,->,446,1,->,446,2,->,446,3,->,446,4,->,446,5,->,446,6,->,446,7,->,446,8,->,446,9,->,446,10,->,446,11,->,446,12,->,446,13,->,446,14,->,446,15,->,446,16,->,446,17,->,446,18,->,446,19,->,446,20,->,446,21,->,446,22,->,446,23,->,446,24,->,446,25,->,446,26,->,446,27,->,446,28,->,446,29,->,446,30,->,446,31,->,446,32,->,446,33,->,446,34,->,446,35,->,446,36,->,446,37,->,446,38,->,446,39,->,446,40,->,446,41,->,446,42,->,446,43,->,446,44,->,446,45,->,446,46,->,446,47,->,446,48,->,446,49,->,446,50,->,446,51,->,446,52,->,446,53,->,446,54,->,446,55,->,446,56,->,446,57,->,446,58,->,446,59,->,446,60,->,446,61,->,446,62,->,446,63,->,446,64,->,446,65,->,446,66,->,446,67,->,446,68,->,446,69,->,446,70,->,446,71,->,446,72,->,446,73,->,446,74,->,446,75,->,446,76,->,446,77,->,446,78,->,446,79,->,446,80,->,446,81,->,446,82,->,446,83,->,446,84,->,446,85,->,446,86,->,446,87,->,446,88,->,446,89,->,446,90,->,446,91,->,446,92,->,446,93,->,446,94,->,446,95,->,446,96,->,446,97,->,446,98,->,446,99,->,446,100,->,446,101,->,446,102,->,446,103,->,446,104,->,446,105,->,446,106,->,446,107,->,446,108,->,446,109,->,446,110,->,446,111,->,446,112,->,446,113,->,446,114,->,446,115,->,446,116,->,446,117,->,446,118,->,446,119,->,446,120,->,446,121,->,446,123,->,446,135,->,446,138,->,446,139,->,446,140,->,446,141,->,446,142,->,446,143,->,446,144,->,446,145,->,446,146,->,446,147,->,446,148,->,446,149,->,446,150,->,446,151,->,446,152,->,446,153,->,446,154,->,446,155,->,446,156,->,446,157,->,446,158,->,446,159,->,446,160,->,446,161,->,446,162,->,446,163,->,446,164,->,446,165,->,446,166,->,446,167,->,446,168,->,446,169,->,446,170,->,446,171,->,446,172,->,446,173,->,446,174,->,446,175,->,446,176,->,446,177,->,446,178,->,446,179,->,446,180,->,446,181,->,446,182,->,446,183,->,446,184,->,446,185,->,446,186,->,446,187,->,446,188,->,446,189,->,446,190,->,446,191,->,446,192,->,446,193,->,446,194,->,446,195,->,446,196,->,446,197,->,446,198,->,446,199,->,446,200,->,446,201,->,446,202,->,446,203,->,446,204,->,446,205,->,446,206,->,446,207,->,446,208,->,446,209,->,446,210,->,446,211,->,446,212,->,446,213,->,446,214,->,446,215,->,446,216,->,446,217,->,446,218,->,446,219,->,446,220,->,446,221,->,446,222,->,446,223,->,446,224,->,446,225,->,446,226,->,446,227,->,446,228,->,446,229,->,446,230,->,446,231,->,446,232,->,446,233,->,446,234,->,446,235,->,446,236,->,446,237,->,446,238,->,446,239,->,446,240,->,446,241,->,446,242,->,446,243,->,446,244,->,446,245,->,446,246,->,446,247,->,446,248,->,446,249,->,446,250,->,446,251,->,446,252,->,446,253,->,446,254,->,446,255,->,446,256,->,446,257,->,446,258,->,446,259,->,446,260,->,446,261,->,446,262,->,446,263,->,446,264,->,446,265,->,446,266,->,446,267,->,446,268,->,446,269,->,446,270,->,446,271,->,446,272,->,446,273,->,446,274,->,446,275,->,446,276,->,446,277,->,446,278,->,446,279,->,446,280,->,446,281,->,446,282,->,446,283,->,446,284,->,446,285,->,446,286,->,446,287,->,446,288,->,446,289,->,446,290,->,446,291,->,446,292,->,446,293,->,446,294,->,446,295,->,446,296,->,446,297,->,446,298,->,446,299,->,446,300,->,446,301,->,446,302,->,446,303,->,447,0,->,447,1,->,447,2,->,447,3,->,447,4,->,447,5,->,447,6,->,447,7,->,447,8,->,447,9,->,447,10,->,447,11,->,447,12,->,447,13,->,447,14,->,447,15,->,447,16,->,447,17,->,447,18,->,447,19,->,447,20,->,447,21,->,447,22,->,447,23,->,447,24,->,447,25,->,447,26,->,447,27,->,447,28,->,447,29,->,447,30,->,447,31,->,447,32,->,447,33,->,447,34,->,447,35,->,447,36,->,447,37,->,447,38,->,447,39,->,447,40,->,447,41,->,447,42,->,447,43,->,447,44,->,447,45,->,447,46,->,447,47,->,447,48,->,447,49,->,447,50,->,447,51,->,447,52,->,447,53,->,447,54,->,447,55,->,447,56,->,447,57,->,447,58,->,447,59,->,447,60,->,447,61,->,447,62,->,447,63,->,447,64,->,447,65,->,447,66,->,447,67,->,447,68,->,447,69,->,447,70,->,447,71,->,447,72,->,447,73,->,447,74,->,447,75,->,447,76,->,447,77,->,447,78,->,447,79,->,447,80,->,447,81,->,447,82,->,447,83,->,447,84,->,447,85,->,447,86,->,447,87,->,447,88,->,447,89,->,447,90,->,447,91,->,447,92,->,447,93,->,447,94,->,447,95,->,447,96,->,447,97,->,447,98,->,447,99,->,447,100,->,447,101,->,447,102,->,447,103,->,447,104,->,447,105,->,447,106,->,447,107,->,447,108,->,447,109,->,447,110,->,447,111,->,447,112,->,447,113,->,447,114,->,447,115,->,447,116,->,447,117,->,447,118,->,447,119,->,447,120,->,447,121,->,447,122,->,447,123,->,447,126,->,447,131,->,447,134,->,447,135,->,447,136,->,447,137,->,447,138,->,447,139,->,447,140,->,447,141,->,447,142,->,447,143,->,447,144,->,447,145,->,447,146,->,447,147,->,447,148,->,447,149,->,447,150,->,447,151,->,447,152,->,447,153,->,447,154,->,447,155,->,447,156,->,447,157,->,447,158,->,447,159,->,447,160,->,447,161,->,447,162,->,447,163,->,447,164,->,447,165,->,447,166,->,447,167,->,447,168,->,447,169,->,447,170,->,447,171,->,447,172,->,447,173,->,447,174,->,447,175,->,447,176,->,447,177,->,447,178,->,447,179,->,447,180,->,447,181,->,447,182,->,447,183,->,447,184,->,447,185,->,447,186,->,447,187,->,447,188,->,447,189,->,447,190,->,447,191,->,447,192,->,447,193,->,447,194,->,447,195,->,447,196,->,447,197,->,447,198,->,447,199,->,447,200,->,447,201,->,447,202,->,447,203,->,447,204,->,447,205,->,447,206,->,447,207,->,447,208,->,447,209,->,447,210,->,447,211,->,447,212,->,447,213,->,447,214,->,447,215,->,447,216,->,447,217,->,447,218,->,447,219,->,447,220,->,447,221,->,447,222,->,447,223,->,447,224,->,447,225,->,447,226,->,447,227,->,447,228,->,447,229,->,447,230,->,447,231,->,447,232,->,447,233,->,447,234,->,447,235,->,447,236,->,447,237,->,447,238,->,447,239,->,447,240,->,447,241,->,447,242,->,447,243,->,447,244,->,447,245,->,447,246,->,447,247,->,447,248,->,447,249,->,447,250,->,447,251,->,447,252,->,447,253,->,447,254,->,447,255,->,447,256,->,447,257,->,447,258,->,447,259,->,447,260,->,447,261,->,447,262,->,447,263,->,447,264,->,447,265,->,447,266,->,447,267,->,447,268,->,447,269,->,447,270,->,447,271,->,447,272,->,447,273,->,447,274,->,447,275,->,447,276,->,447,277,->,447,278,->,447,279,->,447,280,->,447,281,->,447,282,->,447,283,->,447,284,->,447,285,->,447,286,->,447,287,->,447,288,->,447,289,->,447,290,->,447,291,->,447,292,->,447,293,->,447,294,->,447,295,->,447,296,->,447,297,->,447,298,->,447,299,->,447,300,->,447,301,->,447,302,->,447,303,->,
1,3509,,0,200,->,2,167,->,2,170,->,2,172,->,3,159,->,3,162,->,5,159,->,5,163,->,6,123,->,7,119,->,7,120,->,7,153,->,8,142,->,8,154,->,8,157,->,8,162,->,9,160,->,9,163,->,10,124,->,10,151,->,10,157,->,10,159,->,11,112,->,11,115,->,11,116,->,11,120,->,11,121,->,11,123,->,11,143,->,12,107,->,12,117,->,12,118,->,12,151,->,12,152,->,14,104,->,14,106,->,14,116,->,14,141,->,14,153,->,15,107,->,15,112,->,16,106,->,16,110,->,16,111,->,16,112,->,16,139,->,16,140,->,17,102,->,17,103,->,17,112,->,17,142,->,17,144,->,17,147,->,18,106,->,18,108,->,18,109,->,18,148,->,19,99,->,19,139,->,19,144,->,20,94,->,20,98,->,20,138,->,20,142,->,21,109,->,21,138,->,21,141,->,21,145,->,22,96,->,22,111,->,22,139,->,22,140,->,23,94,->,23,97,->,23,99,->,23,102,->,23,103,->,24,85,->,24,91,->,24,98,->,24,99,->,25,82,->,25,86,->,25,98,->,25,144,->,25,145,->,26,105,->,27,87,->,27,95,->,28,82,->,28,162,->,29,72,->,29,79,->,29,102,->,29,137,->,29,163,->,30,69,->,30,76,->,30,77,->,30,88,->,30,100,->,30,102,->,31,69,->,31,74,->,31,86,->,31,89,->,31,102,->,31,113,->,31,121,->,32,84,->,32,89,->,32,112,->,32,120,->,32,121,->,32,123,->,33,71,->,33,73,->,33,84,->,33,90,->,33,112,->,33,120,->,33,122,->,33,123,->,34,72,->,34,99,->,34,111,->,34,112,->,34,113,->,34,118,->,35,64,->,35,65,->,35,80,->,35,85,->,35,112,->,35,118,->,35,134,->,36,56,->,36,57,->,36,65,->,36,74,->,36,76,->,36,81,->,36,83,->,36,86,->,36,110,->,36,118,->,37,61,->,37,66,->,37,76,->,37,81,->,37,85,->,37,91,->,37,95,->,37,111,->,38,62,->,38,65,->,38,66,->,38,67,->,38,71,->,38,78,->,38,87,->,38,108,->,38,109,->,38,136,->,39,58,->,39,70,->,39,73,->,39,77,->,39,85,->,39,86,->,39,111,->,39,134,->,40,50,->,40,56,->,40,111,->,40,112,->,40,115,->,40,120,->,40,121,->,40,134,->,40,135,->,41,56,->,41,57,->,41,85,->,41,96,->,41,110,->,41,111,->,41,114,->,41,120,->,41,121,->,42,48,->,42,53,->,42,58,->,42,77,->,42,78,->,42,89,->,42,94,->,42,103,->,42,110,->,42,111,->,42,115,->,42,122,->,42,123,->,43,47,->,43,55,->,43,69,->,43,70,->,43,77,->,43,78,->,43,82,->,43,102,->,43,103,->,43,116,->,43,121,->,43,122,->,44,46,->,44,70,->,44,80,->,44,81,->,44,86,->,44,90,->,44,100,->,44,101,->,44,103,->,44,116,->,45,64,->,45,85,->,45,87,->,45,93,->,45,103,->,45,117,->,46,43,->,46,63,->,46,64,->,46,67,->,46,72,->,46,78,->,46,79,->,46,92,->,46,117,->,47,43,->,47,47,->,47,50,->,47,64,->,47,73,->,47,78,->,47,89,->,47,91,->,48,47,->,48,59,->,48,71,->,48,73,->,48,95,->,48,118,->,49,44,->,49,45,->,49,71,->,49,77,->,49,119,->,50,48,->,50,52,->,50,58,->,50,63,->,50,70,->,50,75,->,50,78,->,50,85,->,51,45,->,51,48,->,51,49,->,51,51,->,51,76,->,51,100,->,52,38,->,52,45,->,52,92,->,52,100,->,52,120,->,53,66,->,53,75,->,53,90,->,54,53,->,54,57,->,54,66,->,54,73,->,54,76,->,54,89,->,54,99,->,54,121,->,55,41,->,55,42,->,55,66,->,55,68,->,55,82,->,55,83,->,55,121,->,56,87,->,56,99,->,57,39,->,57,42,->,57,67,->,57,77,->,57,82,->,57,85,->,57,88,->,57,98,->,57,122,->,58,39,->,58,40,->,58,68,->,58,75,->,59,35,->,59,48,->,59,84,->,60,56,->,60,64,->,60,84,->,60,125,->,61,30,->,61,42,->,61,53,->,61,61,->,61,62,->,61,64,->,61,89,->,61,124,->,61,125,->,62,29,->,62,44,->,62,55,->,62,64,->,62,79,->,63,26,->,63,27,->,63,34,->,63,40,->,63,45,->,63,72,->,63,77,->,64,72,->,64,73,->,65,29,->,65,45,->,65,48,->,65,67,->,66,39,->,66,45,->,66,61,->,66,71,->,66,78,->,66,82,->,66,83,->,67,27,->,67,28,->,67,34,->,67,48,->,67,51,->,67,57,->,67,72,->,67,126,->,68,24,->,68,26,->,68,28,->,68,31,->,68,49,->,68,53,->,68,55,->,68,56,->,69,22,->,69,29,->,69,58,->,69,69,->,69,72,->,70,21,->,70,30,->,70,52,->,70,60,->,70,70,->,70,79,->,71,21,->,71,31,->,71,37,->,71,38,->,71,127,->,72,24,->,72,31,->,72,74,->,73,22,->,73,27,->,73,28,->,73,36,->,73,49,->,73,50,->,73,54,->,73,61,->,73,69,->,74,20,->,74,22,->,74,26,->,74,46,->,74,60,->,74,67,->,74,79,->,75,18,->,75,23,->,75,25,->,75,26,->,75,28,->,75,37,->,75,46,->,75,54,->,75,82,->,76,20,->,76,26,->,76,33,->,76,42,->,76,43,->,76,54,->,76,68,->,76,80,->,76,139,->,76,140,->,77,27,->,77,46,->,77,65,->,77,76,->,77,136,->,77,137,->,77,139,->,77,143,->,78,17,->,78,22,->,78,25,->,78,29,->,78,36,->,78,48,->,78,71,->,78,77,->,78,97,->,78,137,->,78,143,->,79,28,->,79,66,->,79,130,->,79,137,->,79,148,->,79,149,->,80,37,->,80,58,->,80,62,->,80,65,->,80,136,->,81,11,->,81,40,->,81,46,->,81,98,->,81,132,->,81,136,->,82,11,->,82,42,->,82,45,->,82,47,->,82,71,->,82,80,->,82,133,->,82,138,->,83,12,->,83,13,->,83,14,->,83,31,->,83,48,->,83,52,->,83,54,->,83,61,->,83,62,->,83,63,->,83,72,->,83,78,->,83,135,->,83,137,->,83,145,->,84,20,->,84,55,->,84,62,->,84,65,->,84,74,->,84,135,->,84,138,->,84,145,->,85,7,->,85,16,->,85,25,->,85,31,->,85,35,->,85,36,->,85,57,->,85,135,->,85,136,->,86,23,->,86,55,->,86,135,->,86,136,->,86,143,->,87,10,->,87,70,->,87,79,->,87,135,->,87,137,->,87,143,->,88,10,->,88,14,->,88,15,->,88,38,->,88,42,->,88,79,->,88,142,->,89,29,->,89,30,->,89,35,->,89,39,->,89,43,->,89,45,->,89,141,->,90,4,->,90,17,->,90,27,->,90,31,->,90,139,->,91,33,->,91,34,->,91,59,->,91,76,->,91,138,->,92,5,->,92,67,->,92,103,->,93,8,->,93,32,->,93,35,->,93,56,->,93,65,->,93,103,->,93,137,->,94,2,->,94,20,->,94,33,->,94,137,->,95,3,->,95,9,->,95,21,->,95,33,->,95,37,->,95,136,->,96,24,->,96,27,->,96,30,->,96,35,->,96,59,->,96,103,->,97,6,->,97,12,->,97,15,->,97,17,->,97,23,->,97,25,->,97,30,->,97,33,->,97,55,->,97,57,->,98,16,->,98,23,->,98,34,->,98,43,->,98,51,->,98,58,->,98,62,->,98,69,->,98,133,->,98,134,->,99,13,->,99,14,->,99,25,->,99,50,->,99,116,->,99,117,->,99,125,->,100,0,->,100,4,->,100,28,->,100,36,->,100,37,->,100,110,->,100,111,->,100,112,->,100,117,->,100,120,->,101,10,->,101,17,->,101,40,->,101,47,->,101,56,->,101,107,->,101,117,->,101,119,->,102,26,->,102,42,->,102,45,->,102,46,->,102,57,->,102,106,->,103,8,->,103,34,->,103,100,->,104,4,->,104,5,->,104,17,->,104,29,->,104,43,->,104,69,->,104,101,->,105,7,->,105,22,->,105,29,->,105,30,->,105,35,->,105,40,->,105,104,->,106,2,->,106,42,->,106,52,->,107,8,->,107,10,->,107,15,->,107,29,->,107,44,->,107,47,->,107,48,->,107,51,->,107,63,->,107,103,->,108,11,->,108,14,->,108,16,->,108,40,->,108,43,->,108,52,->,108,60,->,108,74,->,108,77,->,108,78,->,108,103,->,109,8,->,109,73,->,109,74,->,109,98,->,109,103,->,110,29,->,110,73,->,110,76,->,110,98,->,110,103,->,111,9,->,111,27,->,111,42,->,111,45,->,111,76,->,111,97,->,111,104,->,112,22,->,112,28,->,112,34,->,112,47,->,112,53,->,112,61,->,112,66,->,112,75,->,112,104,->,113,2,->,113,6,->,113,20,->,113,24,->,113,54,->,113,69,->,113,75,->,113,97,->,113,104,->,114,3,->,114,4,->,114,23,->,114,46,->,114,56,->,114,57,->,114,76,->,114,77,->,114,78,->,114,98,->,114,104,->,115,7,->,115,12,->,115,16,->,115,17,->,115,24,->,115,49,->,115,50,->,115,51,->,115,56,->,115,57,->,115,62,->,115,102,->,115,104,->,116,3,->,116,8,->,116,61,->,116,62,->,116,102,->,116,104,->,117,0,->,117,15,->,117,19,->,117,35,->,117,41,->,118,22,->,118,35,->,118,41,->,118,48,->,118,59,->,118,62,->,118,67,->,119,2,->,119,3,->,119,31,->,119,35,->,119,41,->,119,53,->,119,74,->,119,75,->,120,34,->,120,48,->,121,2,->,121,18,->,121,46,->,121,47,->,121,60,->,121,61,->,122,6,->,122,44,->,122,48,->,122,61,->,122,63,->,122,64,->,123,0,->,123,2,->,123,3,->,123,30,->,123,37,->,124,0,->,124,2,->,124,13,->,124,34,->,124,47,->,124,66,->,125,3,->,125,30,->,125,60,->,126,3,->,126,6,->,126,7,->,126,9,->,126,11,->,126,13,->,126,14,->,126,15,->,126,36,->,126,45,->,126,65,->,126,67,->,127,3,->,127,8,->,127,27,->,127,29,->,127,38,->,127,41,->,127,48,->,127,64,->,128,3,->,128,4,->,128,5,->,128,11,->,129,3,->,129,11,->,129,50,->,129,51,->,129,52,->,129,57,->,130,11,->,130,14,->,130,16,->,130,17,->,130,41,->,130,42,->,130,49,->,130,50,->,131,6,->,131,9,->,131,17,->,131,18,->,131,23,->,131,24,->,131,30,->,131,33,->,132,2,->,132,12,->,132,20,->,132,25,->,132,52,->,133,2,->,133,3,->,133,23,->,133,46,->,134,3,->,134,7,->,134,26,->,134,34,->,134,39,->,135,21,->,135,34,->,135,68,->,135,69,->,136,3,->,136,35,->,137,5,->,137,13,->,137,42,->,137,43,->,137,44,->,138,40,->,138,49,->,139,9,->,139,10,->,139,60,->,139,61,->,139,63,->,139,64,->,139,66,->,139,68,->,140,3,->,140,29,->,140,54,->,140,58,->,140,62,->,140,65,->,140,66,->,140,67,->,140,68,->,141,3,->,141,5,->,141,11,->,141,12,->,141,28,->,141,38,->,141,47,->,141,48,->,141,50,->,141,51,->,141,52,->,141,63,->,141,67,->,142,1,->,142,2,->,142,3,->,142,37,->,142,39,->,142,48,->,142,68,->,143,32,->,143,41,->,143,48,->,143,50,->,143,51,->,143,70,->,144,2,->,144,4,->,144,29,->,144,39,->,144,40,->,144,43,->,144,45,->,144,47,->,145,6,->,145,36,->,145,38,->,145,40,->,146,36,->,146,37,->,146,38,->,147,6,->,147,33,->,147,37,->,148,28,->,148,34,->,148,35,->,148,36,->,149,5,->,149,8,->,149,34,->,149,70,->,150,28,->,150,29,->,150,30,->,150,31,->,150,33,->,151,20,->,151,21,->,151,28,->,151,29,->,151,32,->,151,69,->,152,25,->,152,26,->,152,28,->,152,29,->,152,32,->,153,21,->,153,29,->,153,30,->,153,31,->,153,75,->,153,154,->,154,8,->,154,9,->,154,20,->,154,24,->,154,25,->,154,29,->,154,68,->,155,0,->,155,1,->,155,4,->,155,7,->,155,8,->,155,23,->,155,24,->,155,28,->,155,74,->,155,113,->,155,127,->,155,129,->,155,159,->,156,5,->,156,25,->,156,26,->,156,68,->,156,75,->,156,112,->,156,131,->,156,149,->,156,159,->,157,26,->,157,68,->,157,73,->,157,110,->,157,132,->,158,3,->,158,26,->,158,66,->,158,73,->,158,74,->,158,133,->,158,160,->,159,3,->,159,5,->,159,24,->,159,64,->,159,65,->,159,66,->,159,67,->,159,69,->,159,135,->,159,140,->,159,141,->,159,160,->,160,8,->,160,23,->,160,24,->,160,25,->,160,26,->,160,27,->,160,64,->,160,65,->,160,66,->,160,69,->,160,70,->,161,1,->,161,25,->,161,64,->,161,144,->,162,24,->,162,41,->,162,60,->,162,61,->,162,62,->,162,63,->,162,64,->,163,5,->,163,7,->,163,11,->,163,24,->,163,42,->,163,59,->,163,141,->,163,142,->,163,147,->,163,148,->,163,162,->,163,165,->,164,38,->,164,42,->,164,57,->,164,143,->,164,162,->,164,164,->,165,23,->,165,42,->,165,56,->,165,148,->,165,159,->,165,162,->,165,164,->,165,166,->,165,170,->,165,173,->,166,22,->,166,41,->,166,62,->,166,97,->,166,161,->,166,170,->,166,173,->,167,7,->,167,40,->,167,63,->,167,137,->,167,139,->,167,157,->,167,159,->,167,167,->,167,170,->,167,173,->,168,23,->,168,34,->,168,38,->,168,42,->,168,45,->,168,58,->,168,61,->,168,63,->,168,92,->,168,135,->,168,136,->,168,138,->,168,139,->,168,140,->,168,142,->,168,152,->,168,160,->,168,167,->,168,170,->,168,173,->,168,178,->,168,179,->,169,9,->,169,24,->,169,34,->,169,56,->,169,57,->,169,64,->,169,87,->,169,141,->,169,142,->,169,154,->,169,156,->,169,159,->,169,168,->,169,169,->,169,172,->,170,2,->,170,7,->,170,24,->,170,26,->,170,31,->,170,33,->,170,60,->,170,61,->,170,64,->,170,80,->,170,154,->,170,156,->,170,158,->,170,171,->,170,172,->,170,173,->,170,177,->,170,178,->,171,9,->,171,10,->,171,22,->,171,25,->,171,61,->,171,62,->,171,64,->,171,75,->,171,154,->,171,158,->,171,159,->,171,173,->,172,5,->,172,7,->,172,27,->,172,28,->,172,62,->,172,63,->,172,64,->,172,75,->,172,76,->,172,141,->,172,152,->,172,153,->,172,173,->,173,22,->,173,25,->,173,61,->,173,75,->,173,97,->,173,98,->,173,136,->,173,142,->,173,145,->,173,152,->,173,172,->,173,173,->,173,174,->,174,0,->,174,2,->,174,23,->,174,26,->,174,56,->,174,57,->,174,58,->,174,59,->,174,60,->,174,73,->,174,146,->,174,152,->,174,172,->,174,173,->,174,176,->,175,8,->,175,52,->,175,55,->,175,68,->,175,176,->,176,11,->,176,52,->,176,55,->,176,175,->,177,7,->,177,9,->,177,11,->,177,22,->,177,23,->,177,52,->,177,54,->,177,175,->,178,22,->,178,23,->,178,51,->,178,52,->,178,53,->,178,54,->,178,175,->,179,0,->,179,3,->,179,7,->,179,51,->,179,53,->,179,67,->,179,94,->,180,5,->,180,7,->,180,10,->,180,51,->,180,52,->,180,66,->,182,0,->,182,1,->,182,7,->,182,65,->,182,179,->,183,0,->,183,1,->,183,2,->,183,8,->,183,65,->,183,68,->,183,69,->,183,70,->,183,74,->,184,80,->,185,0,->,185,1,->,185,2,->,185,3,->,185,4,->,185,10,->,186,5,->,186,186,->,187,75,->,187,191,->,188,10,->,188,178,->,188,179,->,188,180,->,189,178,->,189,182,->,189,183,->,189,207,->,189,208,->,190,5,->,190,75,->,190,76,->,190,203,->,190,205,->,190,206,->,190,208,->,191,2,->,191,77,->,191,184,->,191,208,->,191,210,->,191,211,->,192,4,->,192,177,->,192,184,->,192,210,->,193,9,->,193,10,->,193,78,->,193,174,->,193,183,->,193,211,->,193,217,->,193,218,->,193,219,->,194,7,->,194,13,->,194,77,->,194,175,->,194,183,->,194,212,->,194,217,->,195,2,->,195,3,->,195,78,->,195,184,->,195,205,->,195,212,->,195,216,->,195,218,->,196,4,->,196,177,->,196,178,->,196,185,->,196,217,->,197,186,->,198,0,->,198,2,->,198,8,->,198,12,->,198,18,->,198,167,->,198,168,->,198,185,->,198,218,->,199,1,->,199,6,->,199,7,->,199,12,->,199,168,->,199,170,->,199,172,->,199,216,->,199,217,->,199,219,->,200,6,->,200,172,->,200,217,->,201,3,->,201,77,->,201,168,->,201,170,->,201,172,->,201,217,->,201,218,->,201,234,->,201,235,->,202,0,->,202,19,->,202,157,->,202,172,->,202,217,->,202,235,->,202,238,->,203,3,->,203,6,->,203,13,->,203,123,->,203,172,->,203,218,->,203,229,->,203,232,->,203,238,->,204,0,->,204,2,->,204,8,->,204,141,->,204,151,->,204,152,->,204,166,->,204,167,->,204,237,->,205,10,->,205,76,->,205,152,->,205,165,->,205,167,->,205,173,->,205,182,->,205,238,->,206,2,->,206,11,->,206,17,->,206,75,->,206,165,->,206,168,->,206,172,->,206,179,->,206,180,->,206,182,->,206,238,->,207,3,->,207,12,->,207,140,->,207,141,->,207,165,->,207,170,->,207,181,->,208,14,->,208,115,->,208,140,->,208,141,->,208,164,->,208,165,->,208,166,->,208,167,->,208,171,->,208,178,->,208,184,->,208,185,->,209,4,->,209,13,->,209,74,->,209,139,->,209,140,->,209,163,->,209,164,->,209,178,->,209,183,->,209,185,->,209,186,->,209,187,->,209,207,->,210,10,->,210,11,->,210,12,->,210,112,->,210,113,->,210,132,->,210,138,->,210,164,->,210,165,->,210,178,->,210,182,->,210,185,->,210,209,->,210,238,->,211,13,->,211,14,->,211,15,->,211,17,->,211,72,->,211,118,->,211,119,->,211,121,->,211,122,->,211,128,->,211,129,->,211,164,->,211,166,->,211,169,->,211,170,->,211,171,->,211,177,->,211,184,->,211,210,->,212,6,->,212,12,->,212,72,->,212,120,->,212,121,->,212,164,->,212,166,->,212,167,->,212,170,->,212,206,->,212,241,->,212,243,->,213,1,->,213,5,->,213,7,->,213,14,->,213,72,->,213,73,->,213,101,->,213,118,->,213,119,->,213,120,->,213,122,->,213,167,->,213,170,->,213,208,->,213,236,->,213,240,->,213,243,->,214,4,->,214,71,->,214,72,->,214,120,->,214,121,->,214,168,->,214,171,->,214,177,->,214,236,->,214,240,->,214,244,->,215,3,->,215,4,->,215,9,->,215,70,->,215,119,->,215,169,->,215,172,->,215,176,->,215,238,->,215,239,->,215,244,->,216,170,->,216,173,->,216,237,->,216,238,->,216,239,->,216,245,->,217,69,->,217,122,->,217,124,->,217,129,->,217,171,->,217,175,->,217,176,->,217,237,->,218,11,->,218,68,->,218,172,->,218,244,->,219,173,->,219,177,->,219,237,->,220,104,->,220,174,->,220,176,->,220,179,->,220,180,->,220,189,->,220,191,->,221,4,->,221,175,->,221,180,->,221,186,->,221,187,->,221,192,->,221,237,->,222,4,->,222,8,->,222,179,->,222,186,->,222,187,->,222,189,->,222,236,->,222,246,->,223,185,->,223,186,->,223,197,->,223,226,->,224,5,->,224,6,->,224,185,->,224,196,->,224,197,->,224,198,->,224,204,->,224,230,->,224,235,->,225,181,->,225,187,->,225,196,->,225,197,->,225,198,->,225,204,->,225,205,->,225,232,->,226,177,->,226,181,->,226,183,->,226,187,->,226,198,->,226,205,->,226,247,->,227,177,->,227,180,->,227,182,->,227,187,->,227,248,->,227,249,->,228,0,->,228,64,->,228,93,->,228,94,->,228,126,->,228,178,->,228,180,->,228,182,->,228,193,->,228,243,->,228,248,->,228,250,->,229,93,->,229,198,->,229,251,->,230,79,->,230,80,->,230,178,->,230,181,->,230,251,->,231,101,->,231,248,->,231,251,->,231,252,->,232,200,->,233,65,->,233,201,->,233,247,->,234,97,->,234,98,->,234,196,->,234,201,->,234,247,->,235,97,->,235,98,->,235,195,->,235,198,->,235,247,->,236,65,->,236,98,->,236,99,->,236,184,->,236,199,->,236,200,->,237,89,->,237,99,->,237,100,->,237,181,->,237,182,->,237,185,->,237,251,->,237,252,->,237,253,->,237,255,->,238,182,->,238,183,->,238,185,->,238,248,->,238,249,->,238,251,->,238,256,->,239,86,->,239,181,->,239,182,->,239,255,->,240,87,->,240,100,->,240,101,->,240,182,->,240,250,->,241,86,->,241,88,->,241,94,->,241,96,->,241,99,->,241,102,->,241,182,->,241,247,->,241,249,->,242,88,->,242,89,->,242,92,->,242,94,->,242,100,->,242,105,->,242,181,->,242,185,->,242,247,->,243,70,->,243,91,->,243,92,->,243,93,->,243,96,->,243,97,->,243,100,->,243,103,->,243,111,->,243,112,->,243,181,->,243,183,->,243,184,->,243,185,->,244,70,->,244,94,->,244,103,->,244,106,->,244,107,->,244,110,->,244,112,->,244,113,->,244,115,->,244,127,->,244,181,->,244,184,->,245,69,->,245,78,->,245,79,->,245,80,->,245,88,->,245,93,->,245,97,->,245,99,->,245,104,->,245,107,->,245,113,->,245,114,->,245,115,->,245,117,->,245,119,->,245,125,->,245,127,->,245,128,->,245,181,->,245,184,->,245,237,->,245,238,->,245,239,->,245,240,->,246,74,->,246,89,->,246,92,->,246,99,->,246,100,->,246,106,->,246,109,->,246,119,->,246,125,->,246,182,->,246,184,->,246,185,->,246,234,->,247,67,->,247,74,->,247,90,->,247,91,->,247,100,->,247,101,->,247,103,->,247,104,->,247,108,->,247,109,->,247,112,->,247,114,->,247,115,->,247,116,->,247,117,->,247,118,->,247,119,->,247,126,->,247,128,->,247,129,->,247,183,->,247,206,->,247,207,->,247,230,->,248,74,->,248,90,->,248,91,->,248,113,->,248,115,->,248,117,->,248,128,->,248,129,->,248,130,->,248,180,->,248,182,->,248,208,->,248,221,->,248,222,->,248,230,->,248,231,->,249,68,->,249,90,->,249,91,->,249,109,->,249,110,->,249,113,->,249,115,->,249,119,->,249,121,->,249,122,->,249,126,->,249,128,->,249,129,->,249,180,->,249,183,->,249,221,->,249,224,->,249,225,->,249,226,->,250,67,->,250,73,->,250,90,->,250,91,->,250,111,->,250,113,->,250,115,->,250,116,->,250,118,->,250,121,->,250,129,->,250,179,->,250,180,->,250,181,->,250,183,->,250,184,->,250,185,->,250,207,->,250,209,->,250,222,->,250,258,->,250,261,->,251,108,->,251,109,->,251,111,->,251,114,->,251,115,->,251,116,->,251,117,->,251,119,->,251,123,->,251,132,->,251,174,->,251,179,->,251,183,->,251,185,->,251,186,->,251,216,->,251,220,->,251,221,->,251,223,->,251,225,->,251,258,->,251,259,->,251,260,->,251,262,->,252,67,->,252,74,->,252,112,->,252,114,->,252,115,->,252,119,->,252,121,->,252,131,->,252,132,->,252,133,->,252,179,->,252,182,->,252,184,->,252,185,->,252,186,->,252,187,->,252,191,->,252,196,->,252,214,->,252,215,->,252,216,->,252,217,->,252,226,->,253,99,->,253,100,->,253,112,->,253,113,->,253,114,->,253,122,->,253,124,->,253,132,->,253,179,->,253,183,->,253,184,->,253,185,->,253,186,->,253,187,->,253,192,->,253,196,->,253,204,->,253,208,->,253,209,->,253,211,->,253,212,->,253,221,->,254,76,->,254,101,->,254,102,->,254,112,->,254,113,->,254,114,->,254,130,->,254,135,->,254,136,->,254,182,->,254,183,->,254,184,->,254,185,->,254,186,->,254,187,->,254,188,->,254,205,->,254,211,->,255,89,->,255,90,->,255,101,->,255,102,->,255,118,->,255,120,->,255,121,->,255,123,->,255,129,->,255,131,->,255,179,->,255,181,->,255,183,->,255,205,->,255,208,->,256,89,->,256,90,->,256,99,->,256,100,->,256,101,->,256,102,->,256,103,->,256,125,->,256,126,->,256,127,->,256,129,->,256,132,->,256,138,->,256,139,->,256,179,->,256,181,->,256,182,->,256,183,->,256,184,->,256,189,->,256,201,->,256,202,->,256,203,->,256,204,->,256,205,->,256,208,->,256,226,->,257,88,->,257,89,->,257,99,->,257,101,->,257,103,->,257,106,->,257,107,->,257,110,->,257,115,->,257,120,->,257,123,->,257,125,->,257,130,->,257,132,->,257,179,->,257,181,->,257,183,->,257,184,->,257,185,->,257,189,->,257,191,->,257,202,->,257,204,->,257,205,->,257,208,->,258,86,->,258,87,->,258,104,->,258,105,->,258,107,->,258,108,->,258,115,->,258,117,->,258,182,->,258,183,->,258,184,->,258,185,->,258,186,->,258,188,->,258,189,->,258,202,->,258,203,->,258,204,->,258,209,->,258,222,->,259,115,->,259,116,->,259,151,->,259,184,->,259,203,->,259,220,->,260,72,->,260,88,->,260,90,->,260,115,->,260,116,->,260,151,->,260,159,->,260,160,->,260,161,->,260,182,->,260,184,->,260,185,->,260,192,->,260,193,->,260,204,->,261,86,->,261,90,->,261,91,->,261,151,->,261,155,->,261,182,->,261,183,->,261,184,->,261,192,->,261,194,->,261,196,->,261,200,->,261,205,->,261,210,->,262,168,->,262,184,->,262,185,->,262,190,->,262,191,->,262,192,->,262,196,->,262,199,->,262,201,->,262,203,->,262,205,->,262,211,->,263,86,->,263,93,->,263,171,->,263,193,->,263,194,->,263,200,->,263,201,->,263,202,->,263,204,->,263,212,->,264,86,->,264,87,->,264,174,->,264,185,->,264,186,->,264,192,->,264,209,->,264,227,->,264,278,->,264,280,->,265,88,->,265,94,->,265,106,->,265,107,->,265,175,->,265,193,->,265,194,->,265,195,->,265,209,->,265,218,->,265,219,->,265,220,->,266,175,->,266,183,->,266,193,->,266,196,->,266,198,->,266,201,->,266,202,->,266,203,->,266,207,->,266,208,->,267,93,->,267,94,->,267,175,->,267,176,->,267,177,->,267,194,->,267,195,->,267,196,->,268,177,->,268,194,->,268,217,->,269,98,->,269,179,->,269,184,->,269,221,->,269,228,->,270,93,->,270,99,->,270,200,->,270,201,->,270,211,->,271,179,->,271,180,->,271,182,->,271,192,->,271,194,->,271,206,->,271,209,->,271,227,->,271,254,->,271,256,->,272,90,->,272,92,->,272,93,->,272,100,->,272,178,->,272,180,->,272,192,->,272,205,->,272,255,->,272,256,->,273,86,->,273,87,->,273,97,->,273,101,->,273,178,->,273,180,->,273,182,->,273,191,->,273,205,->,273,211,->,273,221,->,273,227,->,273,228,->,273,279,->,273,281,->,274,86,->,274,87,->,274,98,->,274,100,->,274,182,->,274,188,->,274,189,->,274,192,->,274,193,->,274,198,->,274,206,->,274,219,->,274,255,->,274,258,->,274,280,->,275,84,->,275,86,->,275,87,->,275,88,->,275,179,->,275,190,->,275,201,->,275,202,->,275,205,->,275,212,->,275,213,->,275,223,->,275,254,->,275,279,->,275,281,->,276,83,->,276,85,->,276,87,->,276,88,->,276,178,->,276,190,->,276,198,->,276,201,->,276,202,->,276,220,->,276,223,->,276,279,->,276,280,->,277,84,->,277,85,->,277,86,->,277,87,->,277,88,->,277,178,->,277,197,->,277,200,->,277,203,->,277,209,->,277,214,->,277,218,->,277,226,->,277,228,->,277,260,->,278,82,->,278,88,->,278,102,->,278,103,->,278,193,->,278,198,->,278,199,->,278,207,->,278,208,->,279,83,->,279,124,->,279,126,->,279,206,->,279,208,->,279,212,->,280,82,->,280,83,->,280,88,->,280,182,->,280,186,->,280,208,->,280,212,->,280,220,->,280,258,->,281,123,->,281,124,->,281,178,->,281,186,->,281,192,->,281,212,->,281,259,->,281,261,->,281,262,->,282,104,->,282,212,->,282,214,->,282,259,->,282,261,->,282,262,->,282,263,->,283,72,->,283,73,->,283,78,->,283,79,->,283,90,->,283,125,->,283,128,->,283,180,->,283,185,->,284,78,->,284,90,->,284,103,->,284,108,->,284,123,->,284,128,->,284,181,->,284,184,->,284,185,->,284,212,->,284,276,->,284,277,->,285,95,->,285,98,->,285,99,->,285,100,->,285,103,->,285,104,->,285,105,->,285,121,->,285,128,->,285,182,->,285,183,->,285,184,->,285,191,->,285,214,->,285,276,->,285,277,->,285,278,->,285,287,->,286,78,->,286,87,->,286,99,->,286,107,->,286,111,->,286,119,->,286,128,->,286,182,->,286,183,->,286,216,->,286,278,->,286,287,->,286,288,->,287,78,->,287,94,->,287,99,->,287,119,->,287,128,->,287,182,->,287,183,->,287,213,->,287,279,->,287,285,->,287,286,->,287,287,->,288,73,->,288,84,->,288,85,->,288,99,->,288,111,->,288,118,->,288,128,->,288,182,->,288,227,->,288,277,->,289,78,->,289,114,->,289,115,->,289,116,->,289,129,->,289,182,->,289,274,->,289,276,->,289,277,->,289,278,->,290,97,->,290,114,->,290,213,->,290,225,->,290,273,->,290,274,->,290,276,->,290,277,->,290,279,->,291,114,->,291,207,->,291,211,->,291,212,->,291,213,->,291,232,->,291,273,->,291,275,->,291,276,->,291,278,->,291,279,->,292,115,->,292,207,->,292,216,->,292,226,->,292,278,->,292,279,->,292,281,->,293,115,->,293,116,->,293,190,->,293,207,->,293,226,->,293,235,->,293,278,->,293,282,->,293,283,->,294,116,->,294,184,->,294,185,->,294,190,->,294,207,->,294,215,->,294,223,->,294,242,->,294,243,->,294,279,->,294,281,->,294,282,->,294,283,->,294,284,->,295,233,->,295,237,->,296,137,->,296,206,->,296,216,->,296,230,->,296,242,->,297,95,->,297,116,->,297,138,->,297,184,->,297,185,->,297,205,->,297,238,->,298,95,->,298,117,->,298,184,->,298,205,->,298,219,->,298,228,->,298,234,->,298,236,->,298,240,->,298,241,->,299,92,->,299,117,->,299,184,->,299,205,->,299,231,->,299,234,->,299,239,->,299,288,->,299,289,->,299,290,->,300,92,->,300,94,->,300,117,->,300,136,->,300,137,->,300,138,->,300,185,->,300,190,->,300,287,->,300,289,->,300,292,->,301,92,->,301,94,->,301,118,->,301,135,->,301,136,->,301,137,->,301,190,->,301,204,->,301,236,->,301,288,->,301,291,->,302,90,->,302,91,->,302,92,->,302,93,->,302,118,->,302,135,->,302,137,->,302,138,->,302,184,->,302,190,->,302,202,->,302,203,->,302,204,->,302,216,->,302,290,->,303,91,->,303,93,->,303,118,->,303,132,->,303,134,->,303,135,->,303,136,->,303,138,->,303,186,->,303,190,->,303,200,->,303,201,->,303,202,->,303,241,->,303,289,->,304,93,->,304,94,->,304,133,->,304,135,->,304,137,->,304,138,->,304,190,->,304,199,->,304,201,->,304,202,->,304,215,->,304,219,->,304,237,->,304,239,->,305,88,->,305,89,->,305,133,->,305,134,->,305,137,->,305,138,->,305,186,->,305,199,->,305,212,->,305,213,->,305,218,->,305,234,->,305,235,->,306,119,->,306,133,->,306,134,->,306,184,->,306,198,->,306,230,->,307,119,->,307,130,->,307,187,->,307,198,->,307,205,->,307,206,->,307,215,->,307,233,->,307,237,->,308,120,->,308,130,->,308,186,->,308,196,->,308,202,->,308,205,->,308,206,->,308,222,->,309,136,->,309,137,->,309,195,->,309,201,->,309,226,->,309,235,->,309,288,->,309,289,->,310,129,->,310,136,->,310,137,->,310,208,->,311,98,->,311,99,->,311,102,->,311,103,->,311,120,->,311,129,->,311,136,->,311,137,->,311,191,->,311,192,->,311,222,->,311,226,->,311,235,->,311,242,->,312,98,->,312,100,->,312,101,->,312,104,->,312,129,->,312,136,->,312,137,->,312,201,->,312,202,->,312,203,->,312,215,->,312,228,->,312,233,->,312,241,->,313,96,->,313,97,->,313,98,->,313,99,->,313,100,->,313,104,->,313,129,->,313,135,->,313,138,->,313,198,->,313,199,->,313,201,->,313,209,->,313,235,->,314,95,->,314,102,->,314,121,->,314,128,->,314,135,->,314,139,->,314,197,->,314,199,->,314,211,->,314,213,->,314,220,->,314,288,->,314,289,->,315,89,->,315,90,->,315,95,->,315,99,->,315,100,->,315,101,->,315,127,->,315,135,->,315,137,->,315,140,->,315,197,->,315,198,->,315,236,->,315,247,->,316,94,->,316,95,->,316,100,->,316,122,->,316,128,->,316,129,->,316,131,->,316,138,->,316,197,->,316,198,->,316,199,->,316,206,->,316,239,->,316,244,->,316,290,->,316,291,->,317,58,->,317,63,->,317,64,->,317,69,->,317,70,->,317,88,->,317,100,->,317,122,->,317,127,->,317,129,->,317,130,->,317,137,->,317,139,->,317,197,->,317,199,->,317,200,->,317,231,->,317,235,->,317,236,->,317,237,->,317,242,->,317,285,->,317,286,->,318,56,->,318,72,->,318,74,->,318,75,->,318,93,->,318,95,->,318,100,->,318,122,->,318,130,->,318,137,->,318,138,->,318,196,->,318,199,->,318,200,->,318,221,->,318,228,->,318,237,->,318,287,->,318,288,->,319,54,->,319,73,->,319,74,->,319,75,->,319,86,->,319,92,->,319,95,->,319,122,->,319,123,->,319,129,->,319,195,->,319,197,->,319,199,->,319,207,->,319,220,->,319,230,->,320,54,->,320,73,->,320,75,->,320,87,->,320,93,->,320,96,->,320,99,->,320,105,->,320,106,->,320,122,->,320,128,->,320,129,->,320,136,->,320,137,->,320,195,->,320,198,->,320,199,->,320,205,->,320,207,->,320,208,->,320,211,->,320,235,->,321,52,->,321,87,->,321,92,->,321,96,->,321,98,->,321,121,->,321,136,->,321,137,->,321,194,->,321,195,->,321,197,->,321,199,->,321,220,->,321,221,->,321,239,->,322,53,->,322,72,->,322,76,->,322,87,->,322,96,->,322,98,->,322,119,->,322,120,->,322,121,->,322,128,->,322,129,->,322,136,->,322,138,->,322,194,->,322,195,->,322,198,->,322,200,->,322,201,->,322,202,->,322,212,->,322,218,->,322,222,->,322,229,->,322,246,->,322,255,->,323,51,->,323,52,->,323,75,->,323,87,->,323,94,->,323,95,->,323,103,->,323,104,->,323,127,->,323,137,->,323,139,->,323,197,->,323,198,->,323,200,->,323,201,->,323,225,->,323,235,->,323,247,->,323,256,->,324,50,->,324,51,->,324,52,->,324,87,->,324,88,->,324,141,->,324,181,->,324,182,->,324,197,->,324,198,->,324,228,->,324,234,->,324,236,->,324,242,->,324,244,->,324,249,->,324,253,->,324,254,->,325,51,->,325,77,->,325,99,->,325,100,->,325,136,->,325,140,->,325,141,->,325,180,->,325,181,->,325,197,->,325,271,->,326,51,->,326,76,->,326,80,->,326,82,->,326,127,->,326,135,->,326,219,->,326,255,->,326,267,->,327,51,->,327,77,->,327,122,->,327,127,->,327,135,->,327,233,->,327,247,->,327,256,->,327,258,->,327,259,->,327,263,->,327,273,->,328,51,->,328,52,->,328,76,->,328,128,->,328,133,->,328,134,->,328,135,->,328,139,->,328,180,->,328,181,->,328,269,->,329,51,->,329,75,->,329,124,->,329,128,->,329,133,->,329,137,->,329,179,->,329,182,->,329,250,->,329,251,->,329,265,->,329,266,->,329,267,->,330,50,->,330,75,->,330,83,->,330,88,->,330,133,->,330,179,->,330,182,->,330,215,->,330,219,->,330,247,->,330,248,->,330,267,->,331,51,->,331,77,->,331,82,->,331,83,->,331,85,->,331,86,->,331,87,->,331,88,->,331,125,->,331,128,->,331,133,->,331,136,->,331,179,->,331,182,->,331,220,->,332,81,->,332,94,->,332,96,->,332,134,->,332,137,->,332,180,->,332,182,->,332,219,->,332,222,->,333,51,->,333,81,->,333,97,->,333,125,->,333,127,->,333,133,->,333,136,->,333,180,->,333,183,->,333,266,->,333,274,->,334,80,->,334,86,->,334,87,->,334,97,->,334,125,->,334,127,->,334,133,->,334,137,->,334,180,->,334,182,->,334,220,->,334,222,->,334,256,->,334,257,->,334,260,->,334,261,->,335,80,->,335,95,->,335,123,->,335,124,->,335,125,->,335,126,->,335,132,->,335,135,->,335,251,->,335,254,->,335,266,->,335,268,->,335,270,->,336,80,->,336,84,->,336,85,->,336,96,->,336,98,->,336,120,->,336,123,->,336,124,->,336,125,->,336,132,->,336,135,->,336,214,->,336,253,->,336,254,->,336,255,->,337,81,->,337,83,->,337,85,->,337,98,->,337,99,->,337,115,->,337,117,->,337,120,->,337,123,->,337,131,->,338,84,->,338,98,->,338,99,->,338,123,->,338,124,->,338,126,->,338,131,->,338,262,->,339,83,->,339,98,->,339,99,->,339,121,->,339,122,->,339,123,->,339,124,->,339,125,->,339,131,->,339,135,->,339,264,->,340,83,->,340,121,->,340,123,->,340,124,->,340,130,->,341,100,->,341,115,->,341,120,->,341,121,->,341,122,->,341,130,->,342,81,->,342,115,->,342,121,->,342,129,->,342,184,->,342,186,->,342,270,->,343,75,->,343,76,->,343,99,->,343,102,->,343,120,->,343,127,->,343,187,->,344,74,->,344,75,->,344,102,->,344,119,->,344,126,->,344,273,->,345,79,->,345,114,->,345,117,->,345,118,->,345,124,->,345,177,->,346,66,->,346,67,->,346,79,->,346,101,->,346,113,->,346,115,->,346,123,->,347,77,->,347,105,->,347,114,->,347,115,->,347,121,->,348,75,->,348,107,->,348,120,->,349,65,->,349,75,->,349,99,->,349,100,->,349,107,->,349,119,->,350,56,->,350,75,->,350,108,->,350,117,->,351,62,->,351,108,->,351,115,->,351,185,->,351,186,->,352,75,->,352,109,->,352,114,->,353,58,->,353,101,->,353,109,->,353,114,->,354,57,->,354,63,->,354,113,->,354,114,->,354,139,->,354,184,->,355,60,->,355,62,->,355,68,->,355,70,->,355,101,->,355,111,->,355,112,->,355,116,->,355,139,->,355,169,->,355,181,->,355,187,->,356,63,->,356,67,->,356,73,->,356,100,->,356,108,->,356,113,->,356,114,->,356,115,->,356,185,->,357,64,->,357,66,->,357,100,->,357,107,->,357,111,->,357,112,->,357,113,->,357,114,->,357,117,->,357,139,->,357,180,->,358,65,->,358,66,->,358,73,->,358,74,->,358,100,->,358,114,->,358,173,->,358,174,->,358,175,->,359,65,->,359,66,->,359,72,->,359,73,->,359,100,->,359,103,->,359,117,->,360,64,->,360,67,->,360,68,->,360,69,->,360,100,->,360,103,->,360,119,->,360,175,->,360,177,->,360,186,->,361,67,->,361,68,->,361,102,->,361,103,->,361,119,->,361,173,->,361,177,->,361,183,->,361,187,->,362,119,->,362,140,->,362,188,->,363,140,->,365,178,->,365,186,->,366,119,->,366,170,->,366,179,->,367,141,->,367,168,->,367,169,->,367,173,->,367,174,->,367,177,->,367,182,->,368,178,->,368,180,->,369,167,->,369,184,->,369,187,->,370,136,->,370,188,->,371,130,->,371,139,->,371,140,->,371,174,->,371,188,->,372,127,->,372,130,->,372,131,->,372,172,->,372,174,->,372,176,->,372,183,->,372,187,->,373,134,->,373,135,->,373,140,->,373,141,->,373,189,->,374,166,->,374,172,->,374,185,->,374,188,->,374,189,->,375,168,->,375,176,->,375,189,->,376,125,->,376,168,->,377,126,->,377,134,->,377,146,->,377,170,->,377,177,->,377,183,->,378,116,->,378,117,->,378,118,->,378,130,->,378,135,->,378,141,->,378,142,->,378,153,->,378,156,->,378,161,->,378,165,->,378,186,->,379,116,->,379,118,->,379,136,->,379,142,->,379,152,->,379,157,->,379,168,->,379,171,->,379,185,->,379,188,->,380,116,->,380,118,->,380,119,->,380,120,->,380,126,->,380,130,->,380,134,->,380,157,->,380,169,->,380,180,->,381,116,->,381,119,->,381,120,->,381,121,->,381,127,->,381,166,->,381,167,->,381,176,->,381,189,->,382,117,->,382,118,->,382,120,->,382,122,->,382,128,->,382,188,->,383,123,->,383,124,->,383,130,->,383,131,->,383,132,->,383,148,->,383,155,->,383,156,->,383,161,->,383,162,->,384,126,->,384,127,->,384,131,->,384,148,->,384,150,->,384,155,->,384,156,->,384,176,->,385,124,->,385,125,->,385,127,->,385,138,->,385,184,->,386,123,->,386,124,->,386,125,->,386,127,->,386,147,->,386,165,->,387,123,->,387,126,->,387,139,->,387,147,->,387,178,->,388,123,->,388,128,->,388,144,->,388,145,->,388,148,->,388,149,->,388,162,->,388,178,->,389,123,->,389,129,->,389,137,->,389,139,->,389,140,->,389,146,->,389,150,->,389,161,->,389,177,->,389,178,->,390,124,->,390,130,->,390,154,->,390,181,->,391,125,->,391,129,->,391,131,->,391,145,->,391,147,->,391,149,->,391,163,->,391,165,->,391,172,->,391,181,->,391,182,->,392,183,->,393,138,->,394,158,->,395,144,->,395,156,->,395,175,->,395,177,->,396,126,->,396,127,->,396,144,->,396,162,->,396,165,->,396,177,->,397,157,->,397,162,->,397,177,->,398,127,->,398,173,->,399,127,->,399,155,->,399,161,->,400,127,->,400,153,->,400,155,->,400,171,->,400,174,->,401,126,->,401,138,->,401,153,->,401,158,->,401,161,->,402,126,->,402,135,->,402,142,->,403,123,->,403,124,->,403,126,->,403,136,->,403,137,->,403,143,->,403,146,->,403,159,->,404,124,->,404,125,->,404,126,->,404,137,->,404,138,->,404,143,->,404,150,->,404,153,->,404,158,->,405,122,->,405,123,->,405,126,->,405,146,->,405,150,->,406,122,->,406,123,->,406,140,->,406,154,->,406,157,->,407,122,->,407,123,->,407,124,->,407,125,->,407,126,->,407,141,->,407,150,->,408,71,->,408,72,->,408,110,->,408,111,->,408,122,->,408,123,->,409,103,->,409,106,->,409,107,->,409,110,->,409,121,->,409,124,->,409,125,->,409,140,->,409,141,->,409,142,->,410,26,->,410,32,->,410,102,->,410,109,->,410,121,->,410,145,->,411,34,->,411,102,->,411,109,->,411,122,->,411,142,->,411,144,->,411,153,->,411,155,->,412,95,->,412,96,->,412,101,->,412,107,->,412,122,->,412,140,->,412,143,->,412,155,->,413,26,->,413,27,->,413,95,->,413,96,->,413,97,->,413,99,->,413,100,->,413,106,->,413,126,->,413,154,->,413,157,->,414,96,->,414,97,->,414,106,->,414,145,->,414,149,->,414,156,->,415,95,->,415,97,->,415,98,->,415,105,->,415,127,->,415,129,->,415,140,->,415,155,->,415,158,->,416,92,->,416,93,->,416,95,->,416,96,->,416,98,->,416,99,->,416,100,->,416,104,->,416,138,->,416,153,->,416,156,->,417,91,->,417,92,->,417,98,->,417,101,->,417,102,->,417,103,->,417,140,->,417,142,->,417,158,->,418,92,->,418,98,->,418,100,->,418,102,->,418,103,->,418,130,->,418,139,->,418,140,->,418,141,->,418,144,->,418,158,->,419,98,->,419,131,->,419,132,->,419,133,->,419,138,->,419,140,->,419,141,->,419,152,->,420,93,->,420,98,->,420,131,->,420,139,->,420,140,->,421,93,->,421,95,->,421,97,->,421,99,->,421,131,->,421,134,->,422,132,->,422,139,->,422,149,->,422,154,->,423,132,->,423,133,->,423,134,->,424,131,->,424,133,->,424,146,->,424,148,->,425,131,->,425,132,->,425,133,->,426,86,->,426,87,->,426,130,->,426,131,->,426,147,->,426,148,->,426,153,->,427,112,->,428,133,->,428,135,->,428,137,->,428,148,->,429,129,->,429,133,->,429,138,->,429,148,->,429,149,->,430,110,->,430,130,->,430,135,->,431,69,->,431,109,->,431,110,->,431,141,->,431,153,->,432,64,->,432,69,->,432,127,->,432,143,->,432,145,->,432,146,->,433,74,->,433,115,->,433,129,->,433,142,->,433,143,->,433,144,->,434,117,->,434,118,->,434,119,->,434,121,->,434,135,->,434,144,->,434,145,->,434,146,->,435,66,->,435,72,->,435,75,->,435,86,->,435,87,->,435,110,->,435,111,->,435,117,->,435,145,->,436,66,->,436,67,->,436,88,->,436,108,->,436,109,->,436,115,->,436,116,->,436,133,->,436,150,->,437,53,->,437,54,->,437,72,->,437,81,->,437,83,->,437,88,->,437,89,->,437,102,->,437,105,->,437,124,->,437,125,->,437,128,->,438,64,->,438,67,->,438,96,->,438,100,->,438,110,->,438,120,->,438,121,->,439,73,->,439,74,->,439,75,->,439,110,->,439,112,->,439,114,->,439,124,->,440,99,->,440,103,->,440,110,->,440,135,->,441,108,->,441,117,->,441,123,->,441,133,->,442,124,->,442,138,->,442,142,->,443,119,->,443,126,->,443,128,->,444,135,->,
2,3681,,3,163,->,6,122,->,6,155,->,6,157,->,7,159,->,7,164,->,9,115,->,9,120,->,9,151,->,10,112,->,11,111,->,11,146,->,11,154,->,13,144,->,14,148,->,15,148,->,16,142,->,17,111,->,18,112,->,18,113,->,18,144,->,19,107,->,19,112,->,21,139,->,22,89,->,23,101,->,23,107,->,25,90,->,25,91,->,26,83,->,26,99,->,26,139,->,27,90,->,27,140,->,28,91,->,28,97,->,28,118,->,28,121,->,28,122,->,28,134,->,29,101,->,29,106,->,29,116,->,30,79,->,30,81,->,30,98,->,30,115,->,30,122,->,31,77,->,31,78,->,31,103,->,31,122,->,31,125,->,31,136,->,31,139,->,32,65,->,32,74,->,32,100,->,32,114,->,32,124,->,32,126,->,33,113,->,33,115,->,33,116,->,33,117,->,33,118,->,33,119,->,34,82,->,34,114,->,34,115,->,34,116,->,34,117,->,35,73,->,35,79,->,35,113,->,35,114,->,35,115,->,35,117,->,36,59,->,36,85,->,36,94,->,36,111,->,36,112,->,36,113,->,36,114,->,36,116,->,36,136,->,37,63,->,37,97,->,37,113,->,37,116,->,38,110,->,38,111,->,38,112,->,38,116,->,38,134,->,39,51,->,39,105,->,39,108,->,39,109,->,39,112,->,39,113,->,39,114,->,39,115,->,40,54,->,40,75,->,40,86,->,40,105,->,40,109,->,40,110,->,40,113,->,40,114,->,41,50,->,41,104,->,41,108,->,41,109,->,41,112,->,41,113,->,42,47,->,42,62,->,42,83,->,42,112,->,42,113,->,42,114,->,43,52,->,43,84,->,43,104,->,43,111,->,43,115,->,44,65,->,44,83,->,45,86,->,45,116,->,46,45,->,46,49,->,46,104,->,47,90,->,47,103,->,47,117,->,48,76,->,48,117,->,49,43,->,49,83,->,49,101,->,49,117,->,49,118,->,50,42,->,50,77,->,50,83,->,50,119,->,51,46,->,51,53,->,51,79,->,51,99,->,51,119,->,52,101,->,53,45,->,53,49,->,53,54,->,53,72,->,53,100,->,53,101,->,54,43,->,54,44,->,54,100,->,55,35,->,55,48,->,55,81,->,56,35,->,56,38,->,56,44,->,56,72,->,56,82,->,57,38,->,57,41,->,57,47,->,57,48,->,57,99,->,58,46,->,58,60,->,58,122,->,59,30,->,59,39,->,59,98,->,60,44,->,60,55,->,60,68,->,60,97,->,61,40,->,61,44,->,61,45,->,61,97,->,61,98,->,62,45,->,62,85,->,62,87,->,62,126,->,63,30,->,63,87,->,64,40,->,64,44,->,64,125,->,65,43,->,65,50,->,65,51,->,65,73,->,65,74,->,66,29,->,66,32,->,66,49,->,66,62,->,67,32,->,67,50,->,67,96,->,68,29,->,68,68,->,68,126,->,69,20,->,69,34,->,69,51,->,69,53,->,69,71,->,69,77,->,69,94,->,69,97,->,70,32,->,70,37,->,70,39,->,70,51,->,70,62,->,70,94,->,71,41,->,71,73,->,71,94,->,72,39,->,72,42,->,72,71,->,72,78,->,72,95,->,73,41,->,73,56,->,73,58,->,73,65,->,75,24,->,75,29,->,75,32,->,75,41,->,75,51,->,75,53,->,75,59,->,75,61,->,75,96,->,75,128,->,76,22,->,76,49,->,76,53,->,76,81,->,76,82,->,77,68,->,77,97,->,77,129,->,77,140,->,77,141,->,77,142,->,78,13,->,78,65,->,78,138,->,78,139,->,78,140,->,78,141,->,78,142,->,79,16,->,79,67,->,79,72,->,79,82,->,79,146,->,79,147,->,80,12,->,80,15,->,80,26,->,80,67,->,80,80,->,80,137,->,80,147,->,80,148,->,81,18,->,81,30,->,81,55,->,81,71,->,81,137,->,81,138,->,82,31,->,82,52,->,82,69,->,82,70,->,82,99,->,82,132,->,83,11,->,83,44,->,83,53,->,83,134,->,83,138,->,84,9,->,84,54,->,84,60,->,84,63,->,84,80,->,85,37,->,85,52,->,85,62,->,85,137,->,86,12,->,86,32,->,86,36,->,86,45,->,86,133,->,86,134,->,86,137,->,87,9,->,87,18,->,87,61,->,87,69,->,87,133,->,87,134,->,88,16,->,88,56,->,88,59,->,88,69,->,88,70,->,88,71,->,88,74,->,88,133,->,88,134,->,88,135,->,88,137,->,88,138,->,89,135,->,89,136,->,89,138,->,89,139,->,89,140,->,90,136,->,90,137,->,90,138,->,91,5,->,91,14,->,91,27,->,91,51,->,91,66,->,91,75,->,91,103,->,92,2,->,92,3,->,92,30,->,92,137,->,92,138,->,93,3,->,93,4,->,93,27,->,93,45,->,93,77,->,93,78,->,94,4,->,94,6,->,94,76,->,94,136,->,95,10,->,95,16,->,95,118,->,95,119,->,95,120,->,95,122,->,95,123,->,96,6,->,96,13,->,96,46,->,96,117,->,96,118,->,96,119,->,96,120,->,96,121,->,96,122,->,96,135,->,97,7,->,97,31,->,97,43,->,97,62,->,97,103,->,97,112,->,97,113,->,97,116,->,97,117,->,97,118,->,97,119,->,97,120,->,97,121,->,97,122,->,97,134,->,98,5,->,98,48,->,98,110,->,98,111,->,98,112,->,98,113,->,98,114,->,98,115,->,98,116,->,98,117,->,98,118,->,98,119,->,98,120,->,98,121,->,98,132,->,99,2,->,99,18,->,99,44,->,99,108,->,99,109,->,99,110,->,99,111,->,99,112,->,99,113,->,99,114,->,99,115,->,99,118,->,99,119,->,99,120,->,99,121,->,99,122,->,99,123,->,99,124,->,100,2,->,100,6,->,100,10,->,100,18,->,100,30,->,100,103,->,100,108,->,100,109,->,100,118,->,100,119,->,101,4,->,101,5,->,101,32,->,101,33,->,101,36,->,101,118,->,102,7,->,102,15,->,102,101,->,103,36,->,103,63,->,103,101,->,103,105,->,104,6,->,104,102,->,104,104,->,105,9,->,105,16,->,105,23,->,105,37,->,105,70,->,105,100,->,106,10,->,106,12,->,106,100,->,106,103,->,107,11,->,107,57,->,107,99,->,108,46,->,108,48,->,108,99,->,109,102,->,110,49,->,110,51,->,110,79,->,110,82,->,110,101,->,110,102,->,111,18,->,111,102,->,111,103,->,112,14,->,112,45,->,112,82,->,112,98,->,112,102,->,112,103,->,113,59,->,113,65,->,113,67,->,113,100,->,113,101,->,113,103,->,114,12,->,114,55,->,114,62,->,114,100,->,114,101,->,114,102,->,114,103,->,115,15,->,115,20,->,115,59,->,115,67,->,115,103,->,116,35,->,116,36,->,116,63,->,116,103,->,117,7,->,117,34,->,117,68,->,118,18,->,118,65,->,119,16,->,119,59,->,119,61,->,119,64,->,120,14,->,120,17,->,120,46,->,120,54,->,121,6,->,121,7,->,121,20,->,121,54,->,121,55,->,121,59,->,122,14,->,123,16,->,123,29,->,123,46,->,123,54,->,123,56,->,123,61,->,124,12,->,124,63,->,125,55,->,125,66,->,126,1,->,126,47,->,126,52,->,126,62,->,127,2,->,127,10,->,127,11,->,128,18,->,128,25,->,128,49,->,128,59,->,129,8,->,129,14,->,129,15,->,129,41,->,130,44,->,130,45,->,132,26,->,133,27,->,134,50,->,137,0,->,137,1,->,137,2,->,137,20,->,137,37,->,137,38,->,139,67,->,140,21,->,140,55,->,140,60,->,140,61,->,141,2,->,141,4,->,141,53,->,141,54,->,141,61,->,141,64,->,141,65,->,141,66,->,142,24,->,142,49,->,142,50,->,142,51,->,142,52,->,142,53,->,142,62,->,142,63,->,142,64,->,142,65,->,142,66,->,142,67,->,143,6,->,143,43,->,143,49,->,143,52,->,143,61,->,143,62,->,143,63,->,143,64,->,143,65,->,143,66,->,143,67,->,143,68,->,144,41,->,144,42,->,144,48,->,144,60,->,144,61,->,144,62,->,144,63,->,144,64,->,144,65,->,144,66,->,144,69,->,144,70,->,145,11,->,145,37,->,145,45,->,145,46,->,145,47,->,145,60,->,145,61,->,145,62,->,145,63,->,145,65,->,145,69,->,146,43,->,146,45,->,146,59,->,146,60,->,146,61,->,146,62,->,146,63,->,146,68,->,147,10,->,147,35,->,147,36,->,147,38,->,147,43,->,147,44,->,147,59,->,147,60,->,147,68,->,148,21,->,148,22,->,148,37,->,148,39,->,148,42,->,148,60,->,149,23,->,149,30,->,150,20,->,150,34,->,150,68,->,150,69,->,151,7,->,151,34,->,151,37,->,151,39,->,152,3,->,152,33,->,152,35,->,152,68,->,153,32,->,153,33,->,153,34,->,153,35,->,153,37,->,153,66,->,153,68,->,153,74,->,154,30,->,154,31,->,154,32,->,154,33,->,154,34,->,154,35,->,154,59,->,154,61,->,154,63,->,154,65,->,154,66,->,154,74,->,154,75,->,154,150,->,155,5,->,155,29,->,155,30,->,155,31,->,155,32,->,155,33,->,155,60,->,155,61,->,155,62,->,155,63,->,155,65,->,155,66,->,155,67,->,155,68,->,155,75,->,155,116,->,155,128,->,155,150,->,155,158,->,156,7,->,156,27,->,156,28,->,156,30,->,156,32,->,156,34,->,156,60,->,156,61,->,156,62,->,156,64,->,156,66,->,156,67,->,156,74,->,156,128,->,157,28,->,157,35,->,157,36,->,157,37,->,157,60,->,157,65,->,157,66,->,157,67,->,157,74,->,157,75,->,157,108,->,157,109,->,157,111,->,157,119,->,157,125,->,157,149,->,157,159,->,158,27,->,158,35,->,158,36,->,158,37,->,158,38,->,158,39,->,158,61,->,158,65,->,158,107,->,158,123,->,159,25,->,159,26,->,159,35,->,159,36,->,159,37,->,159,38,->,159,68,->,159,134,->,159,148,->,159,151,->,160,0,->,160,2,->,160,4,->,160,6,->,160,33,->,160,34,->,160,35,->,160,36,->,160,37,->,160,38,->,160,39,->,160,60,->,160,133,->,160,134,->,160,142,->,160,143,->,160,147,->,160,160,->,161,26,->,161,27,->,161,28,->,161,34,->,161,35,->,161,36,->,161,37,->,161,38,->,161,39,->,161,40,->,161,61,->,161,62,->,161,63,->,161,103,->,161,141,->,161,160,->,162,7,->,162,25,->,162,27,->,162,34,->,162,35,->,162,36,->,162,37,->,162,39,->,162,40,->,162,59,->,162,148,->,162,160,->,163,8,->,163,33,->,163,34,->,163,35,->,163,36,->,163,37,->,163,38,->,163,39,->,163,163,->,163,164,->,164,23,->,164,33,->,164,34,->,164,35,->,164,36,->,164,56,->,164,100,->,164,149,->,164,160,->,164,163,->,165,21,->,165,22,->,165,32,->,165,33,->,165,34,->,165,35,->,165,36,->,165,149,->,165,150,->,165,163,->,165,171,->,165,172,->,166,7,->,166,24,->,166,33,->,166,34,->,166,35,->,166,37,->,166,39,->,166,42,->,166,55,->,166,61,->,166,145,->,166,157,->,166,162,->,166,167,->,166,171,->,166,172,->,167,6,->,167,8,->,167,23,->,167,33,->,167,34,->,167,35,->,167,36,->,167,38,->,167,42,->,167,43,->,167,55,->,167,61,->,167,96,->,167,144,->,167,145,->,167,152,->,167,160,->,167,161,->,167,166,->,167,171,->,167,172,->,168,5,->,168,30,->,168,31,->,168,44,->,168,46,->,168,134,->,168,141,->,168,154,->,168,155,->,168,156,->,168,161,->,168,162,->,168,171,->,168,172,->,169,7,->,169,25,->,169,26,->,169,27,->,169,28,->,169,29,->,169,30,->,169,31,->,169,32,->,169,33,->,169,47,->,169,59,->,169,60,->,169,62,->,169,63,->,169,85,->,169,86,->,169,133,->,169,155,->,169,160,->,169,161,->,169,167,->,169,170,->,169,171,->,170,10,->,170,25,->,170,32,->,170,59,->,170,63,->,170,77,->,170,78,->,170,155,->,170,159,->,170,160,->,170,161,->,170,168,->,170,169,->,170,170,->,171,0,->,171,4,->,171,6,->,171,23,->,171,24,->,171,59,->,171,60,->,171,63,->,171,155,->,171,156,->,171,157,->,171,160,->,171,161,->,171,162,->,171,167,->,171,168,->,171,169,->,171,170,->,171,171,->,171,172,->,172,49,->,172,57,->,172,58,->,172,59,->,172,60,->,172,61,->,172,142,->,172,157,->,172,158,->,172,159,->,172,160,->,172,161,->,172,162,->,172,167,->,172,168,->,172,169,->,172,170,->,172,171,->,172,172,->,173,6,->,173,23,->,173,24,->,173,57,->,173,58,->,173,59,->,173,60,->,173,77,->,173,95,->,173,135,->,173,137,->,173,138,->,173,141,->,173,157,->,173,158,->,173,159,->,173,160,->,173,161,->,173,162,->,173,163,->,173,164,->,173,165,->,173,166,->,173,167,->,173,168,->,173,169,->,173,170,->,173,171,->,174,8,->,174,24,->,174,25,->,174,51,->,174,75,->,174,78,->,174,80,->,174,94,->,174,99,->,174,142,->,174,143,->,174,144,->,174,145,->,174,156,->,174,157,->,174,158,->,174,159,->,174,160,->,174,161,->,174,162,->,174,163,->,174,164,->,174,165,->,174,166,->,174,167,->,174,168,->,174,169,->,174,170,->,174,171,->,174,174,->,174,175,->,175,2,->,175,54,->,175,69,->,175,93,->,175,98,->,175,144,->,175,146,->,175,148,->,175,149,->,175,150,->,175,151,->,175,156,->,175,157,->,175,158,->,175,159,->,175,160,->,175,161,->,175,162,->,175,163,->,175,164,->,175,165,->,175,166,->,175,167,->,175,169,->,175,171,->,175,172,->,175,173,->,175,174,->,175,175,->,176,7,->,176,53,->,176,54,->,176,67,->,176,93,->,176,97,->,176,151,->,176,155,->,176,156,->,176,157,->,176,158,->,176,159,->,176,160,->,176,162,->,176,163,->,176,164,->,176,165,->,176,166,->,176,171,->,176,172,->,176,173,->,176,174,->,177,0,->,177,53,->,177,67,->,177,97,->,177,152,->,177,153,->,177,154,->,177,155,->,177,156,->,177,157,->,177,158,->,177,159,->,177,164,->,177,165,->,177,170,->,177,171,->,177,172,->,177,173,->,177,174,->,178,67,->,178,93,->,178,96,->,178,152,->,178,153,->,178,154,->,178,155,->,178,156,->,178,157,->,178,158,->,178,159,->,178,164,->,178,165,->,178,166,->,178,167,->,178,168,->,178,169,->,178,170,->,178,171,->,178,172,->,178,173,->,179,6,->,179,52,->,179,99,->,179,151,->,179,152,->,179,153,->,179,154,->,179,155,->,179,156,->,179,157,->,179,158,->,179,159,->,179,164,->,179,167,->,179,168,->,179,169,->,179,170,->,179,171,->,179,175,->,180,68,->,180,150,->,180,151,->,180,152,->,180,153,->,180,154,->,180,155,->,180,156,->,180,157,->,180,163,->,181,66,->,181,69,->,181,149,->,181,154,->,181,155,->,181,156,->,181,157,->,181,158,->,181,162,->,182,66,->,182,70,->,182,71,->,182,72,->,182,73,->,182,74,->,182,83,->,182,155,->,182,156,->,182,157,->,182,158,->,182,159,->,182,160,->,182,161,->,183,66,->,183,67,->,183,75,->,183,81,->,183,82,->,183,90,->,183,91,->,183,153,->,183,154,->,183,155,->,183,156,->,183,157,->,183,158,->,183,159,->,183,160,->,184,7,->,184,76,->,184,79,->,184,89,->,184,90,->,184,91,->,184,92,->,184,93,->,184,94,->,184,156,->,184,157,->,184,158,->,184,179,->,185,76,->,185,88,->,185,89,->,185,90,->,185,91,->,185,92,->,185,93,->,185,95,->,186,76,->,186,89,->,186,179,->,186,187,->,186,188,->,186,189,->,187,179,->,187,186,->,188,76,->,188,184,->,188,195,->,189,10,->,189,75,->,189,76,->,189,184,->,190,178,->,190,184,->,190,199,->,190,200,->,190,202,->,190,204,->,190,207,->,191,76,->,191,82,->,191,83,->,191,91,->,191,92,->,191,158,->,191,177,->,191,199,->,191,204,->,191,205,->,191,206,->,191,207,->,192,77,->,192,80,->,192,81,->,192,82,->,192,83,->,192,88,->,192,89,->,192,90,->,192,91,->,192,92,->,192,176,->,192,198,->,192,205,->,192,206,->,192,207,->,192,208,->,192,209,->,193,80,->,193,81,->,193,82,->,193,83,->,193,84,->,193,87,->,193,88,->,193,89,->,193,90,->,193,91,->,193,176,->,193,177,->,193,184,->,193,197,->,193,198,->,193,205,->,194,78,->,194,79,->,194,80,->,194,81,->,194,82,->,194,86,->,194,87,->,194,88,->,194,89,->,194,90,->,194,91,->,194,174,->,194,176,->,194,184,->,194,185,->,194,196,->,194,197,->,194,218,->,194,219,->,194,220,->,195,79,->,195,80,->,195,81,->,195,82,->,195,185,->,195,186,->,195,187,->,195,188,->,195,189,->,195,190,->,195,191,->,195,192,->,195,193,->,195,194,->,195,195,->,195,196,->,195,204,->,195,209,->,195,210,->,195,217,->,196,78,->,196,79,->,196,80,->,196,81,->,196,174,->,196,186,->,196,187,->,196,188,->,196,189,->,196,190,->,196,191,->,196,204,->,196,211,->,196,213,->,196,216,->,197,9,->,197,78,->,197,80,->,197,81,->,197,171,->,197,173,->,197,174,->,197,187,->,197,188,->,197,214,->,197,215,->,197,216,->,197,217,->,198,77,->,198,80,->,198,170,->,198,171,->,198,186,->,198,187,->,198,189,->,198,211,->,198,217,->,199,3,->,199,145,->,199,171,->,199,186,->,200,10,->,200,169,->,200,170,->,200,171,->,200,186,->,200,216,->,200,218,->,200,219,->,201,4,->,201,14,->,201,15,->,201,18,->,201,78,->,201,155,->,201,171,->,201,186,->,201,216,->,202,3,->,202,4,->,202,5,->,202,17,->,202,77,->,202,145,->,202,155,->,202,165,->,202,166,->,202,167,->,202,168,->,202,170,->,202,171,->,202,186,->,202,189,->,202,190,->,202,216,->,202,236,->,202,237,->,203,19,->,203,141,->,203,152,->,203,164,->,203,165,->,203,166,->,203,167,->,203,168,->,203,169,->,203,185,->,203,189,->,203,213,->,203,216,->,203,217,->,203,225,->,203,226,->,203,228,->,203,233,->,203,234,->,203,235,->,203,236,->,203,237,->,204,4,->,204,10,->,204,139,->,204,140,->,204,143,->,204,145,->,204,164,->,204,165,->,204,168,->,204,169,->,204,172,->,204,183,->,204,184,->,204,185,->,204,188,->,204,189,->,204,212,->,204,213,->,204,214,->,204,215,->,204,217,->,204,218,->,204,219,->,204,220,->,204,221,->,204,222,->,204,223,->,204,233,->,204,235,->,204,236,->,205,137,->,205,139,->,205,140,->,205,141,->,205,142,->,205,143,->,205,146,->,205,151,->,205,163,->,205,164,->,205,168,->,205,169,->,205,170,->,205,183,->,205,185,->,205,186,->,205,187,->,205,188,->,205,215,->,205,216,->,205,218,->,205,220,->,205,235,->,205,236,->,205,237,->,206,81,->,206,82,->,206,83,->,206,84,->,206,85,->,206,86,->,206,104,->,206,106,->,206,138,->,206,139,->,206,140,->,206,141,->,206,142,->,206,143,->,206,144,->,206,147,->,206,151,->,206,152,->,206,164,->,206,169,->,206,170,->,206,171,->,206,183,->,206,184,->,206,185,->,206,186,->,206,187,->,206,188,->,206,216,->,206,217,->,206,222,->,206,235,->,207,2,->,207,75,->,207,81,->,207,82,->,207,83,->,207,84,->,207,85,->,207,86,->,207,125,->,207,138,->,207,139,->,207,142,->,207,163,->,207,164,->,207,169,->,207,178,->,207,180,->,207,182,->,207,183,->,207,184,->,207,185,->,207,186,->,207,187,->,207,188,->,207,205,->,207,216,->,207,217,->,207,222,->,207,238,->,208,19,->,208,74,->,208,79,->,208,80,->,208,81,->,208,82,->,208,83,->,208,84,->,208,85,->,208,86,->,208,113,->,208,125,->,208,126,->,208,127,->,208,133,->,208,134,->,208,137,->,208,138,->,208,139,->,208,145,->,208,163,->,208,170,->,208,182,->,208,183,->,208,186,->,208,187,->,208,206,->,208,208,->,208,238,->,209,78,->,209,79,->,209,80,->,209,81,->,209,83,->,209,84,->,209,85,->,209,103,->,209,109,->,209,110,->,209,111,->,209,112,->,209,113,->,209,114,->,209,116,->,209,122,->,209,124,->,209,125,->,209,126,->,209,127,->,209,128,->,209,132,->,209,133,->,209,134,->,209,135,->,209,136,->,209,137,->,209,138,->,209,162,->,209,179,->,209,181,->,209,182,->,209,206,->,209,238,->,210,73,->,210,74,->,210,75,->,210,77,->,210,78,->,210,79,->,210,80,->,210,84,->,210,109,->,210,110,->,210,111,->,210,114,->,210,115,->,210,116,->,210,117,->,210,119,->,210,122,->,210,123,->,210,124,->,210,125,->,210,127,->,210,128,->,210,131,->,210,133,->,210,135,->,210,136,->,210,137,->,210,139,->,210,159,->,210,162,->,210,179,->,210,181,->,210,206,->,211,1,->,211,73,->,211,81,->,211,108,->,211,109,->,211,110,->,211,111,->,211,112,->,211,113,->,211,114,->,211,115,->,211,116,->,211,117,->,211,120,->,211,123,->,211,124,->,211,132,->,211,133,->,211,136,->,211,137,->,211,162,->,211,163,->,211,167,->,211,168,->,211,178,->,211,180,->,211,181,->,211,182,->,211,183,->,211,205,->,211,237,->,212,0,->,212,1,->,212,73,->,212,114,->,212,117,->,212,118,->,212,119,->,212,122,->,212,123,->,212,134,->,212,141,->,212,165,->,212,168,->,212,169,->,212,177,->,212,180,->,212,181,->,212,184,->,212,205,->,212,242,->,213,10,->,213,13,->,213,74,->,213,123,->,213,129,->,213,132,->,213,139,->,213,168,->,213,169,->,213,177,->,213,181,->,213,241,->,213,242,->,214,6,->,214,119,->,214,122,->,214,128,->,214,129,->,214,130,->,214,131,->,214,132,->,214,135,->,214,169,->,214,170,->,214,209,->,214,235,->,214,241,->,214,242,->,214,243,->,215,71,->,215,112,->,215,120,->,215,121,->,215,122,->,215,123,->,215,126,->,215,127,->,215,128,->,215,129,->,215,130,->,215,131,->,215,135,->,215,170,->,215,171,->,215,178,->,215,180,->,215,210,->,215,215,->,215,240,->,215,241,->,215,242,->,215,243,->,216,0,->,216,2,->,216,70,->,216,111,->,216,119,->,216,120,->,216,121,->,216,122,->,216,123,->,216,124,->,216,125,->,216,126,->,216,127,->,216,128,->,216,129,->,216,130,->,216,134,->,216,171,->,216,172,->,216,177,->,216,178,->,216,180,->,216,217,->,216,235,->,216,243,->,216,244,->,217,5,->,217,10,->,217,70,->,217,112,->,217,118,->,217,119,->,217,121,->,217,125,->,217,126,->,217,127,->,217,128,->,217,131,->,217,133,->,217,172,->,217,173,->,217,174,->,217,178,->,217,180,->,217,234,->,217,238,->,217,243,->,218,4,->,218,118,->,218,122,->,218,123,->,218,124,->,218,125,->,218,126,->,218,127,->,218,131,->,218,132,->,218,173,->,218,175,->,218,176,->,218,177,->,218,178,->,218,180,->,218,189,->,218,238,->,219,110,->,219,124,->,219,126,->,219,127,->,219,131,->,219,174,->,219,176,->,219,187,->,219,188,->,219,189,->,219,190,->,219,191,->,219,192,->,219,244,->,220,3,->,220,130,->,220,175,->,220,177,->,220,178,->,220,181,->,220,187,->,220,188,->,220,237,->,221,107,->,221,129,->,221,177,->,221,188,->,221,205,->,221,245,->,222,0,->,222,67,->,222,180,->,222,185,->,222,194,->,222,204,->,222,206,->,222,222,->,223,66,->,223,180,->,223,184,->,223,189,->,223,198,->,223,199,->,223,200,->,223,204,->,223,236,->,224,7,->,224,177,->,224,180,->,224,181,->,224,184,->,224,187,->,224,188,->,224,189,->,224,190,->,224,199,->,224,200,->,224,201,->,224,203,->,224,227,->,224,236,->,224,247,->,225,66,->,225,127,->,225,177,->,225,179,->,225,183,->,225,184,->,225,188,->,225,199,->,225,200,->,225,201,->,225,202,->,225,233,->,225,235,->,225,247,->,226,0,->,226,65,->,226,127,->,226,179,->,226,182,->,226,189,->,226,201,->,226,204,->,226,246,->,227,2,->,227,4,->,227,65,->,227,82,->,227,125,->,227,126,->,227,188,->,227,191,->,227,198,->,228,2,->,228,4,->,228,82,->,228,83,->,228,198,->,228,249,->,229,64,->,229,80,->,229,81,->,229,82,->,229,108,->,229,126,->,229,178,->,229,180,->,229,182,->,229,193,->,229,204,->,229,246,->,229,247,->,229,249,->,229,250,->,230,106,->,230,108,->,230,125,->,230,180,->,230,182,->,230,199,->,230,204,->,230,205,->,230,247,->,230,248,->,230,250,->,231,65,->,231,78,->,231,80,->,231,102,->,231,103,->,231,105,->,231,106,->,231,109,->,231,112,->,231,125,->,231,193,->,231,200,->,231,203,->,231,204,->,231,205,->,231,206,->,231,247,->,232,65,->,232,78,->,232,80,->,232,89,->,232,90,->,232,100,->,232,101,->,232,102,->,232,103,->,232,105,->,232,106,->,232,109,->,232,111,->,232,112,->,232,125,->,232,178,->,232,193,->,232,201,->,232,205,->,232,206,->,232,207,->,232,247,->,233,97,->,233,98,->,233,99,->,233,100,->,233,101,->,233,102,->,233,103,->,233,104,->,233,107,->,233,109,->,233,110,->,233,125,->,233,178,->,233,193,->,233,202,->,234,66,->,234,96,->,234,99,->,234,100,->,234,101,->,234,102,->,234,125,->,234,195,->,235,66,->,235,99,->,235,100,->,235,101,->,235,102,->,235,125,->,235,197,->,235,201,->,235,246,->,236,97,->,236,100,->,236,101,->,236,125,->,236,178,->,236,182,->,236,183,->,236,198,->,236,201,->,236,245,->,237,66,->,237,95,->,237,96,->,237,97,->,237,98,->,237,101,->,237,102,->,237,125,->,237,183,->,237,184,->,237,199,->,237,200,->,237,254,->,238,66,->,238,85,->,238,90,->,238,95,->,238,96,->,238,97,->,238,98,->,238,99,->,238,100,->,238,101,->,238,102,->,238,103,->,238,107,->,238,125,->,238,178,->,238,184,->,238,246,->,238,252,->,238,253,->,238,254,->,238,255,->,239,85,->,239,87,->,239,88,->,239,89,->,239,91,->,239,95,->,239,96,->,239,97,->,239,98,->,239,99,->,239,100,->,239,101,->,239,104,->,239,107,->,239,108,->,239,185,->,239,247,->,239,248,->,239,249,->,239,250,->,239,251,->,239,252,->,239,253,->,239,254,->,240,86,->,240,88,->,240,90,->,240,91,->,240,92,->,240,93,->,240,95,->,240,96,->,240,97,->,240,98,->,240,99,->,240,102,->,240,105,->,240,106,->,240,107,->,240,108,->,240,109,->,240,126,->,240,181,->,240,185,->,240,247,->,240,248,->,240,249,->,241,68,->,241,89,->,241,90,->,241,91,->,241,92,->,241,93,->,241,97,->,241,98,->,241,103,->,241,104,->,241,105,->,241,106,->,241,107,->,241,108,->,241,109,->,241,110,->,241,121,->,241,126,->,241,185,->,241,246,->,241,248,->,242,69,->,242,90,->,242,91,->,242,95,->,242,96,->,242,98,->,242,99,->,242,106,->,242,107,->,242,108,->,242,109,->,242,110,->,242,111,->,242,126,->,242,246,->,243,71,->,243,72,->,243,89,->,243,90,->,243,98,->,243,99,->,243,104,->,243,105,->,243,106,->,243,107,->,243,108,->,243,109,->,243,110,->,243,113,->,243,114,->,243,115,->,243,126,->,243,127,->,243,179,->,243,180,->,243,186,->,243,211,->,243,244,->,244,71,->,244,72,->,244,78,->,244,85,->,244,90,->,244,91,->,244,92,->,244,93,->,244,104,->,244,105,->,244,108,->,244,109,->,244,116,->,244,117,->,244,119,->,244,120,->,244,121,->,244,122,->,244,124,->,244,126,->,244,180,->,244,185,->,244,186,->,244,187,->,244,210,->,244,211,->,244,232,->,244,235,->,244,236,->,245,72,->,245,73,->,245,74,->,245,82,->,245,83,->,245,91,->,245,92,->,245,98,->,245,105,->,245,106,->,245,116,->,245,120,->,245,121,->,245,122,->,245,123,->,245,124,->,245,185,->,245,186,->,245,187,->,245,208,->,245,209,->,245,210,->,245,211,->,245,233,->,245,234,->,246,68,->,246,73,->,246,90,->,246,91,->,246,107,->,246,108,->,246,120,->,246,121,->,246,122,->,246,123,->,246,124,->,246,180,->,246,183,->,246,186,->,246,187,->,246,188,->,246,207,->,246,208,->,246,209,->,246,210,->,246,211,->,246,212,->,246,220,->,246,222,->,246,225,->,246,231,->,246,233,->,247,68,->,247,73,->,247,113,->,247,120,->,247,121,->,247,122,->,247,123,->,247,124,->,247,125,->,247,179,->,247,184,->,247,185,->,247,186,->,247,187,->,247,193,->,247,196,->,247,208,->,247,209,->,247,210,->,247,211,->,247,212,->,247,220,->,247,221,->,247,222,->,247,223,->,247,229,->,247,231,->,248,68,->,248,114,->,248,118,->,248,119,->,248,120,->,248,121,->,248,122,->,248,123,->,248,124,->,248,125,->,248,126,->,248,127,->,248,183,->,248,184,->,248,185,->,248,186,->,248,187,->,248,188,->,248,193,->,248,209,->,248,210,->,248,211,->,248,212,->,248,213,->,248,219,->,248,220,->,248,223,->,249,73,->,249,114,->,249,120,->,249,123,->,249,124,->,249,125,->,249,179,->,249,184,->,249,185,->,249,186,->,249,187,->,249,188,->,249,209,->,249,210,->,249,211,->,249,212,->,249,213,->,249,214,->,249,218,->,249,219,->,249,220,->,250,72,->,250,112,->,250,119,->,250,120,->,250,123,->,250,126,->,250,127,->,250,128,->,250,186,->,250,187,->,250,188,->,250,198,->,250,208,->,250,213,->,250,214,->,250,215,->,250,217,->,250,218,->,250,219,->,250,220,->,250,221,->,250,230,->,250,259,->,250,260,->,251,67,->,251,71,->,251,112,->,251,113,->,251,118,->,251,127,->,251,129,->,251,130,->,251,131,->,251,178,->,251,184,->,251,187,->,251,188,->,251,197,->,251,208,->,251,210,->,251,214,->,251,215,->,251,232,->,251,261,->,252,72,->,252,73,->,252,113,->,252,116,->,252,117,->,252,118,->,252,122,->,252,123,->,252,126,->,252,130,->,252,183,->,252,188,->,252,208,->,252,210,->,252,212,->,252,221,->,252,223,->,253,115,->,253,116,->,253,117,->,253,118,->,253,119,->,253,120,->,253,121,->,253,127,->,253,130,->,253,131,->,253,178,->,253,188,->,253,189,->,253,200,->,254,115,->,254,116,->,254,117,->,254,118,->,254,119,->,254,120,->,254,121,->,254,122,->,254,123,->,254,124,->,254,125,->,254,128,->,254,129,->,254,178,->,254,189,->,254,192,->,254,208,->,254,230,->,255,76,->,255,116,->,255,124,->,255,125,->,255,126,->,255,127,->,255,128,->,255,130,->,255,182,->,255,189,->,255,191,->,255,206,->,256,116,->,256,119,->,256,120,->,256,121,->,256,122,->,256,123,->,256,124,->,256,130,->,256,131,->,256,191,->,256,206,->,256,207,->,257,75,->,257,104,->,257,105,->,257,108,->,257,109,->,257,116,->,257,119,->,257,124,->,257,131,->,257,182,->,257,190,->,257,203,->,257,206,->,258,116,->,258,155,->,258,179,->,258,180,->,258,205,->,258,206,->,259,152,->,259,153,->,259,159,->,259,160,->,259,181,->,259,183,->,259,205,->,259,206,->,259,209,->,260,67,->,260,71,->,260,152,->,260,153,->,260,154,->,260,157,->,260,206,->,260,207,->,260,209,->,261,152,->,261,153,->,261,154,->,261,165,->,261,193,->,261,197,->,261,198,->,261,199,->,261,206,->,261,207,->,261,208,->,261,209,->,261,219,->,261,220,->,262,86,->,262,91,->,262,197,->,262,198,->,262,202,->,262,206,->,262,207,->,262,208,->,262,209,->,262,210,->,263,182,->,263,191,->,263,192,->,263,195,->,263,196,->,263,197,->,263,198,->,263,199,->,263,205,->,263,206,->,263,207,->,263,208,->,263,209,->,263,210,->,263,211,->,263,223,->,264,88,->,264,93,->,264,182,->,264,193,->,264,194,->,264,195,->,264,196,->,264,197,->,264,198,->,264,199,->,264,200,->,264,201,->,264,202,->,264,203,->,264,204,->,264,205,->,264,206,->,264,207,->,264,208,->,264,279,->,265,196,->,265,197,->,265,198,->,265,199,->,265,201,->,265,203,->,265,204,->,265,205,->,265,206,->,265,207,->,265,208,->,266,90,->,266,94,->,266,176,->,266,194,->,266,199,->,266,200,->,267,96,->,267,97,->,267,183,->,267,198,->,267,200,->,267,201,->,268,94,->,268,95,->,268,96,->,268,98,->,268,178,->,268,179,->,268,180,->,268,183,->,268,195,->,268,196,->,269,94,->,269,180,->,269,181,->,269,197,->,270,184,->,270,214,->,271,93,->,271,94,->,271,99,->,271,184,->,271,205,->,271,255,->,272,91,->,272,95,->,272,179,->,272,182,->,272,195,->,273,100,->,273,179,->,273,185,->,273,193,->,273,197,->,274,99,->,274,185,->,274,225,->,274,226,->,274,256,->,274,257,->,274,281,->,275,85,->,275,180,->,275,181,->,275,182,->,275,189,->,275,194,->,275,198,->,275,207,->,275,220,->,275,259,->,275,280,->,276,84,->,276,179,->,276,180,->,276,181,->,276,186,->,276,194,->,276,207,->,276,255,->,277,82,->,277,83,->,277,179,->,277,186,->,277,194,->,277,201,->,277,202,->,277,206,->,277,207,->,277,225,->,278,84,->,278,85,->,278,86,->,278,178,->,278,180,->,278,186,->,278,200,->,278,201,->,278,204,->,278,256,->,279,84,->,279,85,->,279,86,->,279,87,->,279,88,->,279,125,->,279,178,->,279,181,->,279,186,->,279,193,->,279,199,->,279,207,->,279,226,->,280,84,->,280,85,->,280,86,->,280,87,->,280,178,->,280,181,->,280,185,->,280,261,->,281,82,->,281,84,->,281,85,->,281,206,->,281,208,->,281,260,->,282,82,->,282,84,->,282,89,->,282,105,->,282,106,->,282,180,->,282,184,->,282,185,->,282,192,->,282,222,->,282,227,->,283,104,->,283,107,->,283,126,->,283,127,->,283,181,->,283,266,->,284,79,->,284,104,->,284,124,->,284,125,->,284,126,->,284,127,->,284,182,->,284,183,->,284,192,->,284,224,->,284,269,->,285,72,->,285,79,->,285,88,->,285,96,->,285,97,->,285,109,->,285,122,->,285,123,->,285,124,->,285,125,->,285,126,->,285,127,->,285,208,->,285,223,->,285,285,->,285,286,->,286,72,->,286,79,->,286,80,->,286,94,->,286,95,->,286,96,->,286,97,->,286,98,->,286,120,->,286,121,->,286,122,->,286,123,->,286,124,->,286,125,->,286,127,->,286,191,->,286,272,->,286,275,->,286,276,->,286,284,->,286,285,->,286,286,->,287,96,->,287,97,->,287,98,->,287,108,->,287,110,->,287,120,->,287,180,->,287,191,->,287,207,->,287,273,->,287,275,->,287,277,->,287,278,->,288,78,->,288,93,->,288,94,->,288,95,->,288,97,->,288,98,->,288,109,->,288,119,->,288,181,->,288,191,->,288,207,->,288,218,->,288,274,->,288,276,->,289,93,->,289,96,->,289,97,->,289,117,->,289,118,->,289,207,->,289,272,->,289,275,->,290,75,->,290,92,->,290,93,->,290,118,->,290,207,->,290,275,->,290,278,->,291,92,->,291,115,->,291,131,->,291,132,->,291,133,->,291,134,->,291,135,->,292,121,->,292,225,->,292,265,->,292,280,->,293,90,->,293,117,->,293,137,->,293,212,->,293,242,->,293,280,->,293,281,->,294,94,->,294,117,->,294,137,->,294,206,->,294,233,->,294,244,->,294,280,->,295,94,->,295,117,->,295,137,->,295,190,->,295,206,->,295,243,->,296,94,->,296,117,->,296,190,->,297,190,->,298,92,->,298,94,->,298,119,->,298,138,->,298,190,->,299,93,->,299,94,->,299,118,->,299,119,->,299,136,->,299,137,->,299,138,->,299,185,->,299,190,->,299,235,->,300,93,->,300,118,->,300,119,->,300,120,->,300,135,->,300,184,->,300,203,->,300,204,->,300,205,->,300,291,->,301,93,->,301,119,->,301,120,->,301,124,->,301,133,->,301,134,->,301,184,->,301,185,->,301,203,->,302,119,->,302,132,->,302,133,->,302,134,->,302,185,->,302,198,->,302,199,->,302,200,->,302,201,->,302,241,->,302,243,->,303,92,->,303,119,->,303,120,->,303,121,->,303,131,->,303,137,->,303,184,->,303,185,->,303,197,->,303,198,->,303,199,->,303,221,->,303,227,->,304,119,->,304,130,->,304,134,->,304,184,->,304,197,->,304,198,->,304,209,->,305,119,->,305,130,->,305,184,->,305,185,->,305,190,->,305,197,->,305,198,->,305,224,->,305,228,->,305,236,->,306,130,->,306,185,->,306,190,->,306,195,->,306,196,->,306,197,->,306,212,->,306,241,->,307,129,->,307,186,->,307,190,->,307,196,->,307,197,->,307,228,->,307,229,->,308,187,->,308,190,->,308,201,->,308,209,->,308,238,->,309,120,->,309,129,->,309,190,->,309,202,->,309,236,->,310,120,->,310,191,->,310,192,->,310,194,->,310,227,->,311,212,->,311,218,->,311,220,->,312,99,->,312,102,->,312,103,->,312,121,->,312,128,->,312,200,->,312,236,->,313,101,->,313,102,->,313,103,->,313,121,->,313,128,->,313,136,->,313,137,->,313,212,->,313,242,->,314,96,->,314,97,->,314,98,->,314,99,->,314,100,->,314,101,->,314,136,->,314,137,->,314,138,->,314,198,->,314,201,->,314,210,->,314,236,->,314,240,->,315,96,->,315,97,->,315,123,->,315,136,->,315,138,->,315,200,->,315,201,->,315,226,->,316,88,->,316,90,->,316,91,->,316,92,->,316,93,->,316,96,->,316,130,->,316,140,->,316,200,->,316,211,->,316,215,->,316,222,->,316,240,->,317,59,->,317,60,->,317,61,->,317,62,->,317,65,->,317,68,->,317,91,->,317,92,->,317,93,->,317,94,->,317,95,->,317,96,->,317,123,->,317,138,->,317,198,->,317,211,->,317,218,->,318,58,->,318,71,->,318,86,->,318,87,->,318,88,->,318,89,->,318,90,->,318,91,->,318,92,->,318,96,->,318,97,->,318,123,->,318,124,->,318,127,->,318,128,->,318,129,->,318,197,->,318,198,->,318,202,->,318,211,->,318,219,->,319,55,->,319,56,->,319,57,->,319,72,->,319,88,->,319,89,->,319,90,->,319,91,->,319,96,->,319,98,->,319,124,->,319,128,->,319,196,->,319,200,->,319,203,->,320,55,->,320,72,->,320,88,->,320,89,->,320,90,->,320,91,->,320,92,->,320,97,->,320,98,->,320,123,->,320,127,->,320,196,->,320,197,->,320,200,->,320,221,->,320,232,->,320,237,->,320,245,->,321,53,->,321,54,->,321,72,->,321,75,->,321,88,->,321,91,->,321,97,->,321,122,->,321,123,->,321,127,->,321,198,->,321,200,->,321,203,->,322,54,->,322,73,->,322,88,->,322,91,->,322,97,->,322,122,->,322,127,->,322,137,->,322,199,->,322,247,->,322,248,->,323,72,->,323,88,->,323,89,->,323,90,->,323,120,->,323,249,->,324,127,->,324,137,->,324,140,->,325,127,->,325,137,->,325,139,->,325,196,->,325,213,->,326,73,->,326,81,->,326,122,->,326,139,->,326,272,->,327,73,->,327,75,->,327,76,->,327,136,->,327,139,->,327,221,->,328,74,->,328,124,->,328,127,->,328,136,->,328,137,->,329,52,->,329,74,->,329,134,->,329,136,->,329,180,->,329,181,->,330,51,->,330,84,->,330,85,->,330,86,->,330,87,->,330,125,->,330,127,->,330,134,->,330,135,->,330,136,->,330,180,->,330,181,->,330,220,->,330,255,->,330,275,->,331,76,->,331,135,->,331,180,->,331,181,->,332,51,->,332,77,->,332,78,->,332,79,->,332,80,->,332,95,->,332,125,->,332,126,->,332,127,->,332,136,->,332,181,->,333,78,->,333,79,->,333,80,->,333,95,->,333,96,->,333,135,->,333,181,->,333,182,->,333,225,->,333,271,->,334,52,->,334,78,->,334,79,->,334,95,->,334,126,->,334,134,->,334,136,->,334,181,->,334,258,->,335,79,->,335,97,->,335,133,->,335,134,->,336,52,->,336,79,->,336,91,->,336,92,->,336,121,->,336,122,->,336,133,->,336,217,->,336,259,->,337,52,->,337,79,->,337,80,->,337,84,->,337,92,->,337,93,->,337,116,->,337,121,->,337,122,->,337,132,->,337,135,->,337,213,->,337,265,->,337,267,->,338,78,->,338,81,->,338,82,->,338,83,->,338,116,->,338,119,->,338,120,->,338,121,->,338,122,->,338,125,->,338,132,->,338,135,->,338,264,->,339,54,->,339,56,->,339,74,->,339,75,->,339,82,->,339,116,->,339,120,->,339,132,->,340,82,->,340,116,->,340,119,->,340,120,->,340,131,->,340,136,->,340,268,->,341,55,->,341,72,->,341,81,->,341,99,->,341,119,->,341,193,->,341,273,->,342,68,->,342,69,->,342,70,->,342,73,->,342,77,->,342,78,->,342,80,->,342,99,->,342,100,->,342,119,->,342,120,->,342,130,->,343,68,->,343,71,->,343,74,->,343,77,->,343,78,->,343,80,->,343,101,->,343,116,->,343,119,->,343,128,->,343,129,->,343,181,->,344,55,->,344,68,->,344,72,->,344,73,->,344,76,->,344,77,->,344,78,->,344,79,->,344,80,->,344,100,->,344,101,->,344,115,->,344,116,->,344,118,->,344,127,->,344,128,->,344,192,->,344,194,->,344,268,->,345,55,->,345,67,->,345,69,->,345,73,->,345,74,->,345,75,->,345,76,->,345,77,->,345,78,->,345,101,->,345,115,->,345,116,->,345,125,->,345,126,->,345,127,->,346,55,->,346,64,->,346,65,->,346,71,->,346,74,->,346,75,->,346,76,->,346,77,->,346,78,->,346,104,->,346,114,->,346,124,->,346,125,->,346,126,->,347,55,->,347,63,->,347,65,->,347,66,->,347,67,->,347,68,->,347,75,->,347,76,->,347,101,->,347,122,->,347,123,->,347,124,->,347,125,->,347,177,->,348,55,->,348,63,->,348,64,->,348,65,->,348,66,->,348,67,->,348,68,->,348,101,->,348,106,->,348,121,->,348,122,->,348,123,->,348,138,->,348,177,->,348,178,->,348,188,->,348,190,->,349,63,->,349,64,->,349,66,->,349,67,->,349,68,->,349,72,->,349,74,->,349,106,->,349,120,->,349,121,->,349,122,->,349,123,->,349,124,->,349,178,->,350,64,->,350,65,->,350,66,->,350,67,->,350,101,->,350,107,->,350,118,->,350,119,->,350,120,->,350,121,->,350,122,->,350,180,->,351,61,->,351,63,->,351,65,->,351,66,->,351,74,->,351,116,->,351,117,->,351,118,->,351,119,->,351,120,->,351,121,->,351,122,->,351,138,->,352,62,->,352,63,->,352,64,->,352,102,->,352,115,->,352,116,->,352,117,->,352,118,->,352,119,->,352,120,->,352,121,->,353,59,->,353,62,->,353,63,->,353,71,->,353,75,->,353,102,->,353,115,->,353,116,->,353,117,->,353,118,->,353,119,->,353,120,->,354,58,->,354,60,->,354,61,->,354,62,->,354,64,->,354,70,->,354,72,->,354,75,->,354,103,->,354,110,->,354,111,->,354,112,->,354,115,->,354,116,->,354,170,->,355,63,->,355,64,->,355,65,->,355,67,->,355,71,->,355,74,->,355,75,->,355,102,->,355,103,->,355,108,->,355,110,->,355,178,->,355,186,->,356,64,->,356,65,->,356,66,->,356,74,->,356,101,->,356,102,->,356,103,->,356,104,->,356,105,->,356,107,->,356,112,->,356,117,->,356,139,->,357,65,->,357,102,->,357,103,->,357,104,->,357,105,->,357,138,->,357,185,->,357,187,->,358,103,->,358,104,->,358,105,->,358,106,->,358,107,->,358,115,->,358,117,->,358,118,->,359,119,->,359,139,->,360,65,->,360,66,->,360,101,->,360,140,->,363,120,->,364,140,->,365,119,->,366,188,->,367,186,->,368,119,->,369,119,->,369,131,->,370,130,->,370,131,->,370,132,->,370,135,->,370,140,->,370,179,->,371,128,->,371,131,->,371,132,->,371,134,->,371,135,->,371,179,->,371,180,->,372,126,->,372,173,->,372,181,->,372,184,->,373,125,->,373,126,->,374,126,->,374,187,->,375,125,->,379,117,->,379,126,->,379,154,->,379,158,->,379,162,->,380,117,->,380,161,->,380,184,->,380,185,->,380,187,->,381,118,->,381,126,->,381,162,->,382,123,->,382,124,->,382,127,->,382,131,->,382,138,->,382,163,->,383,128,->,383,160,->,383,188,->,384,124,->,384,169,->,384,187,->,385,163,->,385,169,->,385,176,->,386,126,->,387,127,->,387,140,->,388,124,->,388,127,->,389,124,->,389,128,->,389,162,->,389,169,->,389,179,->,390,128,->,390,180,->,391,143,->,391,177,->,391,178,->,392,126,->,392,130,->,392,152,->,392,177,->,394,126,->,394,130,->,394,161,->,394,163,->,395,130,->,395,157,->,395,174,->,396,131,->,396,132,->,396,172,->,397,127,->,397,132,->,397,133,->,397,150,->,398,128,->,398,156,->,399,128,->,400,134,->,400,160,->,400,173,->,401,127,->,401,134,->,401,150,->,401,160,->,401,164,->,401,167,->,401,168,->,402,134,->,402,137,->,402,143,->,402,149,->,402,152,->,403,127,->,403,135,->,404,127,->,404,128,->,404,136,->,404,139,->,405,127,->,405,139,->,406,126,->,406,127,->,408,125,->,409,104,->,409,105,->,409,108,->,409,109,->,409,122,->,409,123,->,410,25,->,410,103,->,410,105,->,410,107,->,410,108,->,410,122,->,410,132,->,410,140,->,410,155,->,411,103,->,411,105,->,411,107,->,411,108,->,411,140,->,411,141,->,411,150,->,412,20,->,412,21,->,412,22,->,412,26,->,412,102,->,412,103,->,412,104,->,412,105,->,412,106,->,412,123,->,412,125,->,412,141,->,412,142,->,413,28,->,413,98,->,413,101,->,413,102,->,413,103,->,413,104,->,413,105,->,413,128,->,413,141,->,413,145,->,414,98,->,414,99,->,414,100,->,414,101,->,414,102,->,414,103,->,414,104,->,414,105,->,414,127,->,414,129,->,414,141,->,414,143,->,415,96,->,415,100,->,415,101,->,415,102,->,415,103,->,415,104,->,415,128,->,415,137,->,415,143,->,416,101,->,416,102,->,416,103,->,416,130,->,416,140,->,416,141,->,416,146,->,416,157,->,417,94,->,417,95,->,417,96,->,417,97,->,417,99,->,417,100,->,417,130,->,417,138,->,417,143,->,418,93,->,418,133,->,418,135,->,418,138,->,418,142,->,418,143,->,418,147,->,419,94,->,419,97,->,419,103,->,419,104,->,420,94,->,420,97,->,420,132,->,420,133,->,421,94,->,421,133,->,424,132,->,424,147,->,424,155,->,427,133,->,427,147,->,428,146,->,429,134,->,430,136,->,430,140,->,431,68,->,432,112,->,432,141,->,433,72,->,433,140,->,434,74,->,434,75,->,434,110,->,434,120,->,434,127,->,434,147,->,435,64,->,435,132,->,435,148,->,436,72,->,437,73,->,437,82,->,438,63,->,438,72,->,438,73,->,438,86,->,438,93,->,438,128,->,439,86,->,439,121,->,439,130,->,439,135,->,439,144,->,440,81,->,440,92,->,440,107,->,440,117,->,440,124,->,440,125,->,440,131,->,441,103,->,441,106,->,441,145,->,442,117,->,442,144,->,443,134,->,443,141,->,444,122,->,444,141,->,445,122,->,445,129,->,446,127,->,446,134,->,447,133,->,
3,2834,,3,164,->,5,161,->,5,166,->,8,116,->,8,119,->,8,144,->,10,133,->,10,158,->,11,158,->,12,138,->,12,158,->,13,107,->,13,110,->,13,155,->,14,140,->,17,100,->,17,106,->,17,109,->,17,145,->,18,111,->,18,143,->,20,99,->,21,90,->,24,101,->,24,107,->,26,92,->,27,83,->,27,91,->,28,87,->,28,119,->,29,75,->,29,91,->,29,117,->,29,118,->,29,122,->,30,70,->,30,87,->,30,91,->,30,116,->,30,120,->,30,123,->,30,124,->,31,84,->,31,115,->,31,119,->,31,120,->,31,123,->,32,82,->,32,93,->,32,113,->,32,115,->,32,116,->,32,117,->,32,118,->,32,119,->,32,125,->,33,114,->,34,61,->,35,62,->,35,66,->,35,96,->,35,116,->,36,84,->,36,115,->,36,117,->,37,84,->,37,87,->,37,112,->,37,114,->,37,115,->,37,135,->,38,84,->,38,113,->,38,114,->,38,115,->,38,135,->,39,84,->,39,106,->,39,107,->,39,135,->,40,59,->,40,84,->,40,107,->,40,108,->,41,84,->,41,95,->,41,105,->,42,55,->,42,71,->,42,104,->,42,109,->,43,49,->,43,60,->,43,110,->,43,112,->,43,113,->,43,114,->,44,53,->,44,84,->,44,104,->,44,110,->,44,111,->,44,112,->,44,115,->,45,104,->,46,77,->,47,116,->,48,103,->,49,69,->,49,94,->,49,102,->,50,102,->,51,58,->,51,85,->,51,101,->,51,102,->,51,118,->,52,52,->,52,86,->,53,40,->,53,120,->,54,45,->,55,34,->,55,100,->,56,100,->,56,121,->,57,36,->,57,60,->,58,42,->,59,32,->,60,41,->,60,62,->,60,123,->,61,76,->,62,98,->,62,99,->,62,124,->,63,39,->,64,39,->,65,46,->,65,125,->,66,96,->,67,25,->,68,48,->,68,50,->,68,95,->,68,96,->,69,33,->,69,54,->,69,66,->,70,54,->,70,55,->,70,66,->,70,96,->,70,97,->,71,26,->,71,58,->,71,76,->,72,28,->,73,66,->,73,95,->,74,32,->,74,33,->,74,55,->,74,70,->,75,70,->,76,62,->,77,23,->,78,24,->,79,19,->,79,26,->,79,71,->,79,138,->,79,141,->,79,142,->,79,143,->,79,144,->,79,145,->,80,27,->,80,39,->,80,54,->,80,74,->,80,98,->,80,138,->,80,146,->,81,28,->,81,61,->,81,62,->,81,66,->,81,72,->,81,82,->,81,131,->,81,146,->,82,15,->,82,32,->,82,139,->,82,140,->,82,146,->,83,17,->,83,139,->,84,24,->,84,31,->,84,51,->,84,69,->,84,134,->,84,139,->,85,18,->,85,23,->,85,61,->,85,67,->,85,133,->,85,134,->,85,138,->,85,139,->,85,142,->,85,143,->,86,24,->,86,35,->,86,49,->,86,68,->,86,69,->,86,138,->,86,142,->,87,15,->,87,40,->,87,138,->,87,141,->,87,142,->,88,17,->,88,52,->,88,55,->,88,68,->,88,136,->,88,139,->,88,140,->,88,141,->,89,64,->,89,133,->,89,134,->,89,137,->,90,36,->,90,69,->,90,70,->,90,75,->,90,133,->,91,4,->,91,56,->,91,136,->,91,137,->,92,13,->,92,32,->,92,35,->,92,73,->,92,131,->,92,133,->,92,136,->,93,14,->,93,131,->,93,132,->,93,133,->,93,134,->,93,135,->,93,136,->,94,34,->,94,51,->,94,117,->,94,118,->,94,119,->,94,121,->,94,122,->,94,123,->,94,124,->,94,129,->,94,130,->,94,132,->,94,134,->,94,135,->,95,6,->,95,56,->,95,111,->,95,116,->,95,117,->,95,121,->,95,124,->,95,125,->,95,126,->,95,127,->,95,128,->,95,129,->,95,135,->,96,11,->,96,67,->,96,110,->,96,111,->,96,112,->,96,116,->,96,123,->,96,134,->,97,0,->,97,2,->,97,109,->,97,110,->,97,111,->,97,114,->,97,115,->,97,124,->,98,7,->,98,103,->,98,108,->,98,109,->,98,122,->,98,123,->,98,127,->,98,128,->,98,130,->,99,103,->,100,106,->,100,107,->,101,8,->,101,12,->,101,26,->,101,38,->,101,57,->,101,103,->,101,106,->,102,19,->,102,68,->,102,102,->,102,103,->,102,105,->,103,5,->,103,15,->,104,15,->,104,59,->,104,70,->,104,103,->,105,31,->,105,36,->,105,57,->,105,58,->,105,101,->,105,103,->,106,102,->,107,25,->,107,54,->,107,100,->,107,102,->,108,101,->,108,102,->,109,24,->,109,68,->,109,99,->,109,100,->,109,101,->,110,99,->,111,82,->,111,98,->,111,99,->,111,100,->,111,101,->,112,48,->,112,59,->,112,60,->,112,67,->,112,68,->,112,76,->,112,99,->,112,100,->,112,101,->,113,9,->,113,60,->,113,98,->,113,99,->,113,102,->,114,60,->,114,69,->,114,99,->,115,3,->,115,39,->,115,69,->,116,45,->,116,46,->,116,66,->,117,62,->,117,64,->,118,19,->,119,17,->,119,62,->,119,66,->,120,38,->,121,4,->,121,8,->,121,52,->,121,64,->,122,46,->,123,43,->,123,70,->,124,4,->,125,37,->,130,9,->,130,56,->,131,27,->,131,35,->,135,14,->,135,33,->,137,10,->,140,56,->,140,57,->,140,59,->,141,1,->,141,34,->,141,55,->,141,60,->,142,60,->,142,61,->,143,35,->,143,69,->,144,49,->,144,50,->,144,51,->,144,52,->,144,67,->,144,68,->,145,10,->,145,20,->,145,41,->,145,43,->,145,44,->,145,48,->,145,49,->,145,58,->,145,59,->,145,64,->,145,66,->,145,67,->,145,68,->,146,39,->,146,40,->,146,41,->,146,44,->,146,46,->,146,47,->,146,58,->,146,64,->,146,66,->,147,34,->,147,39,->,147,40,->,147,41,->,147,42,->,147,46,->,147,61,->,147,62,->,147,63,->,147,64,->,148,38,->,148,40,->,148,41,->,148,44,->,148,58,->,148,59,->,148,61,->,148,68,->,149,3,->,149,35,->,149,36,->,149,37,->,149,39,->,149,41,->,149,58,->,149,60,->,149,61,->,149,67,->,149,69,->,150,6,->,150,23,->,150,36,->,150,37,->,150,39,->,150,59,->,151,35,->,151,36,->,151,48,->,151,50,->,151,61,->,151,68,->,152,8,->,152,36,->,152,38,->,152,50,->,152,62,->,152,65,->,153,36,->,153,48,->,153,49,->,153,50,->,153,60,->,153,62,->,153,63,->,153,64,->,153,65,->,153,67,->,154,37,->,154,38,->,154,40,->,154,62,->,154,64,->,154,67,->,154,151,->,154,152,->,154,156,->,155,20,->,155,59,->,155,64,->,155,114,->,155,115,->,155,157,->,156,4,->,156,29,->,156,31,->,156,37,->,156,38,->,156,59,->,156,63,->,156,65,->,156,113,->,156,114,->,156,117,->,156,130,->,156,150,->,156,157,->,156,158,->,157,2,->,157,4,->,157,27,->,157,29,->,157,30,->,157,31,->,157,33,->,157,34,->,157,38,->,157,39,->,157,54,->,157,55,->,157,61,->,157,62,->,157,63,->,157,64,->,157,112,->,157,126,->,157,148,->,157,151,->,157,158,->,158,0,->,158,1,->,158,2,->,158,28,->,158,40,->,158,60,->,158,63,->,158,64,->,158,108,->,158,110,->,158,111,->,158,121,->,158,122,->,158,125,->,158,148,->,158,149,->,158,150,->,159,0,->,159,28,->,159,29,->,159,30,->,159,32,->,159,34,->,159,61,->,159,62,->,159,63,->,159,123,->,159,133,->,159,136,->,159,137,->,159,138,->,159,139,->,159,149,->,159,150,->,159,159,->,160,28,->,160,31,->,160,61,->,160,62,->,160,63,->,160,135,->,160,136,->,160,139,->,160,141,->,160,148,->,160,150,->,161,29,->,161,33,->,161,59,->,161,60,->,161,140,->,161,142,->,161,148,->,161,149,->,162,26,->,162,28,->,162,33,->,162,38,->,162,149,->,162,150,->,163,2,->,163,25,->,163,26,->,163,28,->,163,32,->,163,55,->,163,56,->,163,57,->,163,58,->,163,149,->,163,150,->,163,160,->,164,1,->,164,24,->,164,25,->,164,30,->,164,31,->,164,32,->,164,37,->,164,55,->,164,142,->,164,158,->,165,4,->,165,24,->,165,31,->,165,37,->,165,38,->,165,55,->,165,145,->,165,157,->,165,158,->,166,4,->,166,31,->,166,32,->,166,152,->,166,156,->,166,163,->,166,164,->,166,165,->,166,166,->,167,24,->,167,29,->,167,30,->,167,32,->,167,39,->,167,44,->,167,62,->,167,135,->,167,136,->,167,138,->,167,140,->,167,141,->,167,143,->,167,153,->,167,154,->,167,156,->,167,162,->,167,163,->,167,164,->,168,24,->,168,25,->,168,26,->,168,27,->,168,28,->,168,29,->,168,32,->,168,33,->,168,43,->,168,62,->,168,153,->,168,164,->,168,165,->,168,166,->,169,55,->,169,61,->,169,88,->,169,89,->,169,91,->,169,162,->,169,163,->,169,165,->,170,56,->,170,57,->,170,58,->,170,62,->,170,76,->,170,82,->,170,83,->,170,84,->,170,85,->,170,88,->,170,167,->,171,56,->,171,57,->,171,58,->,171,164,->,171,166,->,172,56,->,172,84,->,172,95,->,172,96,->,172,97,->,172,98,->,172,154,->,172,155,->,172,156,->,172,163,->,172,164,->,172,165,->,172,166,->,173,50,->,173,55,->,173,56,->,173,76,->,173,78,->,173,79,->,173,81,->,173,91,->,173,94,->,173,99,->,173,139,->,173,140,->,173,143,->,173,144,->,174,53,->,174,54,->,174,55,->,174,74,->,174,76,->,174,77,->,174,79,->,174,81,->,174,82,->,174,91,->,174,92,->,174,93,->,174,136,->,175,53,->,175,70,->,175,71,->,175,72,->,175,73,->,175,74,->,175,76,->,175,83,->,175,92,->,175,99,->,175,143,->,175,145,->,175,147,->,175,153,->,175,155,->,175,168,->,175,170,->,176,68,->,176,69,->,176,70,->,176,84,->,176,92,->,176,98,->,176,147,->,176,149,->,176,150,->,176,152,->,176,153,->,176,161,->,176,167,->,176,168,->,176,169,->,176,170,->,177,91,->,177,92,->,177,151,->,177,160,->,177,163,->,177,166,->,177,167,->,177,168,->,177,169,->,178,91,->,178,97,->,178,98,->,178,99,->,178,100,->,178,150,->,178,151,->,178,160,->,178,163,->,178,174,->,179,4,->,179,5,->,179,68,->,179,69,->,179,92,->,179,93,->,179,96,->,179,100,->,179,149,->,179,150,->,179,165,->,179,166,->,179,172,->,179,173,->,179,174,->,180,67,->,180,69,->,180,91,->,180,92,->,180,94,->,180,95,->,180,148,->,180,149,->,180,158,->,180,164,->,180,168,->,180,169,->,180,170,->,180,171,->,180,172,->,180,176,->,181,67,->,181,82,->,181,83,->,181,148,->,181,150,->,181,151,->,181,152,->,181,153,->,181,159,->,181,160,->,181,161,->,181,163,->,181,164,->,181,177,->,182,67,->,182,68,->,182,69,->,182,80,->,182,81,->,182,82,->,182,90,->,182,149,->,182,150,->,182,152,->,182,153,->,182,154,->,182,162,->,182,163,->,183,4,->,183,76,->,183,79,->,183,80,->,183,83,->,183,89,->,183,92,->,183,93,->,183,94,->,183,161,->,183,162,->,183,179,->,184,8,->,184,77,->,184,81,->,184,95,->,184,152,->,184,153,->,184,154,->,184,155,->,184,159,->,185,8,->,185,94,->,185,153,->,185,157,->,185,158,->,185,179,->,186,88,->,186,90,->,186,91,->,186,92,->,186,93,->,186,94,->,186,96,->,187,76,->,187,90,->,187,177,->,187,178,->,187,187,->,187,189,->,188,164,->,188,177,->,188,185,->,188,192,->,188,193,->,189,77,->,189,164,->,189,165,->,189,197,->,190,77,->,190,81,->,190,82,->,190,84,->,190,90,->,190,91,->,190,157,->,190,159,->,190,177,->,190,201,->,191,78,->,191,79,->,191,80,->,191,81,->,191,85,->,191,87,->,191,88,->,191,89,->,191,90,->,191,160,->,191,175,->,191,200,->,192,79,->,192,84,->,192,86,->,192,87,->,192,93,->,192,175,->,192,197,->,192,199,->,193,79,->,193,85,->,193,86,->,193,92,->,193,93,->,193,142,->,193,175,->,193,185,->,193,196,->,193,199,->,193,200,->,193,206,->,193,208,->,193,210,->,194,83,->,194,84,->,194,85,->,194,92,->,194,143,->,194,186,->,194,187,->,194,188,->,194,194,->,194,198,->,194,199,->,194,204,->,194,205,->,194,206,->,194,208,->,194,209,->,194,211,->,195,83,->,195,87,->,195,89,->,195,91,->,195,174,->,195,197,->,195,206,->,195,208,->,195,211,->,196,9,->,196,10,->,196,11,->,196,82,->,196,83,->,196,192,->,196,193,->,196,205,->,196,206,->,196,208,->,196,209,->,196,210,->,196,212,->,197,4,->,197,79,->,197,82,->,197,160,->,197,165,->,197,167,->,197,169,->,197,189,->,197,190,->,197,191,->,197,204,->,197,205,->,197,209,->,197,210,->,197,211,->,197,212,->,197,213,->,198,9,->,198,14,->,198,78,->,198,79,->,198,81,->,198,82,->,198,144,->,198,153,->,198,154,->,198,160,->,198,165,->,198,169,->,198,188,->,198,209,->,198,212,->,198,215,->,198,216,->,199,78,->,199,80,->,199,81,->,199,152,->,199,153,->,199,154,->,199,167,->,199,187,->,199,188,->,199,190,->,199,210,->,199,212,->,199,218,->,200,8,->,200,9,->,200,15,->,200,78,->,200,125,->,200,128,->,200,141,->,200,146,->,200,152,->,200,153,->,200,154,->,200,155,->,200,167,->,200,168,->,201,5,->,201,9,->,201,80,->,201,124,->,201,126,->,201,129,->,201,140,->,201,142,->,201,153,->,201,157,->,201,164,->,201,165,->,201,166,->,201,167,->,201,188,->,201,189,->,201,190,->,201,215,->,202,80,->,202,81,->,202,122,->,202,125,->,202,140,->,202,141,->,202,146,->,202,151,->,202,163,->,202,164,->,202,169,->,202,188,->,202,191,->,202,212,->,202,214,->,202,215,->,203,18,->,203,78,->,203,80,->,203,81,->,203,124,->,203,138,->,203,139,->,203,140,->,203,142,->,203,144,->,203,146,->,203,149,->,203,150,->,203,151,->,203,153,->,203,156,->,203,157,->,203,158,->,203,163,->,203,171,->,203,186,->,203,187,->,203,188,->,203,190,->,203,211,->,203,212,->,203,214,->,203,215,->,204,18,->,204,78,->,204,113,->,204,124,->,204,136,->,204,138,->,204,149,->,204,150,->,204,153,->,204,154,->,204,162,->,204,163,->,204,170,->,204,186,->,204,187,->,204,190,->,204,216,->,204,224,->,204,225,->,204,234,->,205,81,->,205,82,->,205,83,->,205,84,->,205,85,->,205,112,->,205,114,->,205,138,->,205,145,->,205,150,->,205,153,->,205,171,->,205,172,->,205,184,->,205,189,->,205,190,->,205,213,->,205,214,->,205,217,->,205,219,->,205,221,->,205,222,->,205,223,->,205,233,->,205,234,->,206,14,->,206,76,->,206,77,->,206,80,->,206,87,->,206,88,->,206,113,->,206,124,->,206,134,->,206,137,->,206,153,->,206,162,->,206,163,->,206,189,->,206,204,->,206,215,->,206,219,->,206,220,->,206,221,->,206,223,->,206,224,->,206,234,->,206,236,->,206,237,->,207,80,->,207,87,->,207,104,->,207,105,->,207,107,->,207,112,->,207,114,->,207,115,->,207,124,->,207,126,->,207,127,->,207,128,->,207,132,->,207,133,->,207,135,->,207,136,->,207,137,->,207,143,->,207,144,->,207,179,->,207,189,->,207,203,->,207,204,->,207,207,->,207,214,->,207,215,->,207,218,->,207,219,->,207,220,->,207,221,->,207,223,->,207,224,->,207,236,->,208,87,->,208,102,->,208,103,->,208,104,->,208,105,->,208,108,->,208,109,->,208,110,->,208,111,->,208,112,->,208,117,->,208,118,->,208,121,->,208,123,->,208,124,->,208,128,->,208,129,->,208,131,->,208,132,->,208,135,->,208,136,->,208,142,->,208,162,->,208,180,->,208,181,->,208,188,->,208,189,->,208,204,->,208,205,->,208,214,->,208,215,->,208,216,->,208,218,->,208,221,->,208,222,->,208,223,->,209,10,->,209,76,->,209,77,->,209,82,->,209,102,->,209,104,->,209,105,->,209,108,->,209,115,->,209,117,->,209,118,->,209,119,->,209,121,->,209,123,->,209,131,->,209,154,->,209,155,->,209,157,->,209,180,->,209,188,->,209,208,->,209,209,->,209,213,->,209,214,->,209,215,->,209,221,->,209,237,->,210,81,->,210,82,->,210,83,->,210,102,->,210,103,->,210,104,->,210,107,->,210,108,->,210,118,->,210,120,->,210,121,->,210,126,->,210,129,->,210,130,->,210,134,->,210,140,->,210,141,->,210,160,->,210,180,->,210,186,->,210,187,->,210,188,->,210,205,->,210,214,->,210,215,->,211,75,->,211,76,->,211,78,->,211,79,->,211,80,->,211,82,->,211,84,->,211,102,->,211,103,->,211,107,->,211,125,->,211,126,->,211,131,->,211,134,->,211,135,->,211,138,->,211,139,->,211,141,->,211,144,->,211,179,->,211,187,->,211,204,->,211,236,->,212,74,->,212,80,->,212,82,->,212,100,->,212,103,->,212,104,->,212,108,->,212,109,->,212,110,->,212,111,->,212,112,->,212,113,->,212,115,->,212,116,->,212,124,->,212,125,->,212,128,->,212,129,->,212,130,->,212,131,->,212,132,->,212,133,->,212,135,->,212,136,->,212,137,->,212,138,->,212,139,->,212,140,->,212,182,->,212,183,->,212,185,->,212,186,->,212,187,->,212,204,->,212,212,->,212,236,->,213,2,->,213,9,->,213,12,->,213,80,->,213,81,->,213,102,->,213,104,->,213,105,->,213,113,->,213,115,->,213,124,->,213,127,->,213,128,->,213,130,->,213,131,->,213,133,->,213,134,->,213,136,->,213,137,->,213,138,->,213,180,->,213,182,->,213,185,->,213,205,->,213,207,->,213,213,->,213,235,->,214,73,->,214,81,->,214,102,->,214,103,->,214,105,->,214,114,->,214,117,->,214,118,->,214,123,->,214,124,->,214,125,->,214,126,->,214,127,->,214,133,->,214,136,->,214,137,->,214,178,->,214,179,->,214,180,->,214,181,->,214,182,->,214,219,->,215,103,->,215,110,->,215,111,->,215,117,->,215,124,->,215,125,->,215,132,->,215,133,->,215,134,->,215,177,->,215,179,->,215,181,->,215,234,->,215,235,->,216,8,->,216,11,->,216,104,->,216,112,->,216,113,->,216,118,->,216,131,->,216,132,->,216,133,->,216,181,->,216,240,->,216,242,->,217,1,->,217,111,->,217,120,->,217,132,->,217,177,->,217,181,->,217,220,->,217,239,->,217,240,->,218,2,->,218,14,->,218,106,->,218,107,->,218,109,->,218,112,->,218,117,->,218,119,->,218,120,->,218,121,->,218,128,->,218,129,->,218,130,->,218,174,->,218,190,->,218,191,->,218,239,->,219,0,->,219,1,->,219,11,->,219,103,->,219,107,->,219,108,->,219,117,->,219,118,->,219,119,->,219,121,->,219,122,->,219,123,->,219,125,->,219,128,->,219,130,->,219,175,->,219,181,->,219,186,->,219,193,->,219,194,->,219,238,->,220,5,->,220,105,->,220,106,->,220,118,->,220,122,->,220,125,->,220,127,->,220,128,->,220,129,->,220,185,->,220,186,->,220,192,->,220,193,->,220,215,->,220,238,->,220,244,->,221,68,->,221,105,->,221,176,->,221,178,->,221,181,->,221,184,->,221,185,->,221,204,->,222,103,->,222,108,->,222,128,->,222,129,->,222,176,->,222,177,->,222,183,->,222,184,->,222,195,->,222,196,->,222,197,->,222,198,->,222,199,->,222,200,->,222,237,->,222,238,->,223,0,->,223,5,->,223,103,->,223,128,->,223,177,->,223,183,->,223,187,->,223,201,->,223,206,->,223,225,->,224,66,->,224,67,->,224,127,->,224,179,->,224,182,->,224,206,->,224,228,->,224,229,->,225,182,->,225,203,->,225,206,->,225,231,->,225,234,->,225,244,->,226,66,->,226,81,->,226,124,->,226,126,->,226,184,->,226,185,->,226,188,->,226,199,->,226,200,->,226,202,->,226,203,->,227,67,->,227,81,->,227,84,->,227,178,->,227,179,->,227,183,->,227,199,->,227,202,->,227,205,->,227,206,->,227,243,->,228,68,->,228,80,->,228,81,->,228,85,->,228,95,->,228,107,->,228,183,->,228,203,->,229,79,->,229,83,->,229,84,->,229,94,->,229,95,->,229,102,->,229,105,->,229,106,->,229,112,->,229,113,->,229,125,->,229,179,->,229,192,->,229,203,->,229,244,->,229,245,->,229,248,->,230,65,->,230,78,->,230,81,->,230,82,->,230,83,->,230,89,->,230,94,->,230,95,->,230,100,->,230,102,->,230,103,->,230,104,->,230,105,->,230,111,->,230,112,->,230,113,->,230,121,->,230,192,->,230,200,->,230,202,->,230,203,->,230,246,->,230,249,->,231,81,->,231,88,->,231,96,->,231,99,->,231,100,->,231,104,->,231,107,->,231,111,->,231,113,->,231,121,->,231,123,->,231,178,->,231,179,->,231,181,->,231,182,->,231,183,->,231,201,->,231,202,->,231,207,->,232,91,->,232,92,->,232,96,->,232,97,->,232,98,->,232,99,->,232,104,->,232,107,->,232,108,->,232,113,->,232,118,->,232,120,->,232,123,->,232,181,->,232,202,->,232,203,->,232,204,->,232,208,->,232,246,->,233,79,->,233,80,->,233,91,->,233,92,->,233,95,->,233,96,->,233,105,->,233,106,->,233,111,->,233,112,->,233,113,->,233,120,->,233,203,->,233,206,->,233,207,->,233,208,->,233,246,->,234,103,->,234,104,->,234,105,->,234,106,->,234,107,->,234,108,->,234,110,->,234,111,->,234,112,->,234,193,->,234,202,->,234,203,->,234,245,->,234,246,->,235,84,->,235,96,->,235,103,->,235,108,->,235,109,->,235,113,->,235,117,->,235,178,->,235,194,->,235,196,->,235,202,->,235,245,->,236,66,->,236,83,->,236,84,->,236,86,->,236,87,->,236,88,->,236,90,->,236,92,->,236,94,->,236,95,->,236,96,->,236,102,->,236,103,->,236,106,->,236,107,->,236,110,->,236,118,->,236,180,->,236,181,->,236,196,->,236,197,->,237,83,->,237,85,->,237,86,->,237,87,->,237,90,->,237,91,->,237,93,->,237,94,->,237,106,->,237,107,->,237,108,->,237,178,->,237,245,->,238,84,->,238,87,->,238,88,->,238,89,->,238,91,->,238,94,->,238,106,->,238,108,->,238,109,->,238,123,->,238,179,->,238,186,->,239,67,->,239,90,->,239,92,->,239,94,->,239,102,->,239,103,->,239,105,->,239,106,->,239,109,->,239,124,->,239,125,->,239,186,->,240,68,->,240,85,->,240,89,->,240,94,->,240,103,->,240,104,->,240,121,->,240,122,->,241,122,->,241,125,->,241,180,->,241,181,->,242,70,->,242,71,->,242,87,->,242,97,->,242,112,->,242,113,->,242,114,->,242,122,->,242,125,->,242,180,->,242,210,->,242,211,->,243,77,->,243,85,->,243,86,->,243,88,->,243,116,->,243,118,->,243,119,->,243,120,->,243,121,->,243,123,->,243,125,->,243,196,->,243,201,->,243,209,->,243,210,->,243,212,->,243,232,->,244,73,->,244,74,->,244,75,->,244,76,->,244,77,->,244,80,->,244,88,->,244,89,->,244,118,->,244,123,->,244,125,->,244,207,->,244,208,->,244,209,->,244,212,->,244,233,->,244,234,->,244,238,->,244,242,->,245,70,->,245,71,->,245,81,->,245,89,->,245,90,->,245,180,->,245,188,->,245,191,->,245,206,->,245,207,->,245,212,->,245,231,->,245,232,->,246,69,->,246,70,->,246,72,->,246,179,->,246,189,->,246,192,->,246,193,->,246,194,->,246,195,->,246,199,->,246,206,->,246,221,->,246,223,->,246,224,->,246,227,->,246,228,->,246,229,->,246,230,->,246,232,->,247,188,->,247,189,->,247,190,->,247,200,->,247,213,->,247,224,->,247,225,->,247,228,->,248,69,->,248,178,->,248,179,->,248,192,->,248,197,->,248,218,->,248,225,->,248,228,->,249,71,->,249,178,->,249,189,->,249,192,->,249,198,->,249,206,->,249,215,->,249,216,->,249,217,->,249,227,->,249,228,->,250,68,->,250,69,->,250,71,->,250,124,->,250,125,->,250,177,->,250,178,->,250,206,->,250,211,->,250,212,->,250,216,->,251,125,->,251,126,->,251,128,->,251,190,->,251,191,->,251,198,->,251,209,->,251,212,->,251,213,->,252,71,->,252,124,->,252,127,->,252,128,->,252,129,->,252,175,->,252,177,->,252,178,->,252,189,->,252,190,->,252,197,->,252,200,->,252,201,->,252,202,->,252,203,->,252,207,->,252,209,->,252,211,->,252,222,->,253,74,->,253,126,->,253,128,->,253,129,->,253,191,->,253,197,->,253,198,->,253,207,->,253,210,->,254,126,->,254,127,->,254,190,->,254,191,->,254,207,->,255,117,->,255,178,->,255,190,->,255,207,->,256,118,->,256,178,->,256,190,->,257,100,->,257,117,->,257,118,->,257,159,->,257,178,->,257,207,->,258,156,->,258,158,->,258,159,->,258,178,->,258,181,->,258,207,->,259,72,->,259,154,->,259,155,->,259,157,->,259,158,->,259,179,->,259,180,->,259,182,->,259,204,->,259,207,->,260,155,->,260,156,->,260,162,->,260,181,->,260,205,->,260,208,->,261,87,->,261,88,->,261,89,->,261,181,->,261,221,->,262,87,->,262,90,->,262,169,->,262,170,->,262,181,->,262,221,->,263,91,->,263,92,->,263,172,->,263,173,->,264,92,->,264,175,->,265,89,->,265,93,->,265,176,->,265,182,->,265,200,->,265,202,->,266,91,->,266,182,->,266,197,->,267,178,->,267,179,->,267,180,->,267,223,->,268,97,->,268,181,->,269,97,->,269,182,->,269,199,->,270,94,->,270,98,->,270,182,->,270,205,->,271,214,->,272,94,->,272,99,->,272,183,->,272,184,->,272,193,->,272,194,->,273,99,->,273,194,->,273,195,->,273,196,->,273,216,->,273,280,->,274,183,->,274,194,->,274,195,->,274,197,->,274,221,->,275,183,->,275,185,->,275,222,->,275,226,->,275,227,->,276,182,->,276,183,->,276,196,->,276,197,->,276,208,->,276,227,->,276,259,->,277,180,->,277,181,->,277,182,->,277,195,->,277,196,->,277,255,->,278,83,->,278,87,->,278,179,->,278,181,->,278,194,->,278,196,->,278,197,->,278,202,->,278,203,->,278,210,->,278,225,->,279,180,->,279,184,->,279,185,->,279,205,->,279,228,->,280,180,->,280,183,->,280,193,->,280,205,->,280,207,->,280,260,->,281,83,->,281,86,->,281,87,->,281,180,->,281,181,->,281,183,->,281,185,->,282,85,->,282,86,->,282,181,->,282,208,->,282,218,->,282,260,->,283,74,->,283,75,->,283,81,->,283,82,->,283,105,->,283,106,->,283,182,->,283,192,->,283,208,->,283,260,->,283,262,->,284,72,->,284,73,->,284,81,->,285,76,->,285,77,->,285,78,->,285,80,->,285,106,->,285,107,->,285,271,->,286,81,->,286,82,->,286,108,->,286,110,->,286,126,->,286,208,->,286,277,->,287,73,->,287,86,->,287,95,->,287,121,->,287,122,->,287,124,->,287,126,->,287,127,->,287,181,->,287,205,->,288,96,->,288,110,->,288,120,->,288,121,->,288,206,->,288,273,->,288,275,->,289,74,->,289,94,->,289,95,->,289,128,->,289,191,->,289,226,->,290,76,->,290,95,->,290,96,->,290,115,->,290,116,->,290,117,->,290,128,->,290,191,->,290,206,->,291,96,->,291,116,->,291,119,->,291,120,->,291,121,->,291,122,->,291,130,->,291,191,->,291,206,->,291,214,->,291,264,->,292,92,->,292,96,->,292,116,->,292,117,->,292,119,->,292,120,->,292,122,->,292,132,->,292,133,->,292,134,->,292,135,->,292,136,->,292,191,->,292,206,->,292,244,->,292,272,->,293,96,->,293,118,->,293,120,->,293,121,->,293,122,->,293,205,->,293,206,->,293,232,->,293,243,->,293,244,->,293,267,->,293,279,->,294,89,->,294,90,->,294,230,->,295,90,->,295,118,->,295,205,->,296,90,->,296,136,->,296,204,->,296,205,->,297,91,->,297,92,->,297,93,->,297,94,->,297,117,->,297,118,->,297,120,->,297,204,->,297,231,->,298,93,->,298,121,->,298,135,->,298,136,->,298,204,->,298,213,->,298,221,->,299,120,->,299,134,->,299,135,->,299,202,->,299,203,->,299,222,->,300,124,->,300,132,->,300,133,->,300,134,->,300,202,->,300,218,->,300,219,->,300,223,->,300,224,->,301,131,->,301,132,->,301,191,->,301,197,->,301,198,->,301,199,->,301,200,->,301,201,->,301,202,->,301,228,->,302,120,->,302,124,->,302,130,->,302,131,->,302,191,->,302,194,->,302,196,->,302,197,->,303,130,->,303,191,->,303,195,->,303,196,->,303,226,->,303,229,->,304,121,->,304,122,->,304,185,->,304,191,->,304,196,->,305,120,->,305,129,->,305,191,->,305,194,->,305,195,->,305,196,->,305,226,->,306,128,->,306,129,->,306,236,->,307,120,->,307,195,->,308,129,->,308,194,->,308,195,->,308,212,->,308,216,->,309,121,->,309,128,->,309,194,->,310,128,->,310,193,->,310,236,->,311,127,->,311,128,->,313,218,->,313,239,->,313,240,->,313,243,->,313,244,->,314,122,->,314,126,->,314,127,->,314,237,->,315,98,->,315,139,->,315,217,->,316,89,->,316,97,->,316,98,->,316,99,->,316,123,->,316,126,->,316,127,->,316,139,->,317,66,->,317,67,->,317,89,->,317,90,->,317,97,->,317,99,->,317,124,->,317,126,->,317,201,->,317,202,->,317,206,->,318,57,->,318,70,->,318,99,->,318,125,->,318,201,->,318,204,->,319,71,->,319,87,->,319,97,->,319,99,->,319,127,->,319,201,->,319,204,->,319,206,->,319,219,->,319,222,->,319,227,->,319,244,->,320,57,->,320,74,->,320,124,->,320,201,->,320,202,->,320,203,->,320,204,->,320,214,->,321,55,->,321,56,->,321,73,->,321,74,->,321,89,->,321,90,->,321,124,->,321,201,->,321,202,->,321,243,->,322,55,->,322,71,->,322,74,->,322,75,->,322,89,->,322,90,->,322,123,->,322,124,->,322,126,->,323,53,->,323,54,->,323,55,->,323,73,->,323,121,->,323,138,->,323,222,->,323,234,->,324,53,->,324,71,->,324,73,->,324,75,->,324,121,->,324,138,->,324,139,->,324,232,->,324,235,->,325,52,->,325,72,->,325,75,->,325,76,->,325,122,->,325,126,->,326,52,->,326,72,->,326,74,->,326,75,->,326,126,->,326,136,->,327,52,->,327,53,->,327,74,->,327,126,->,327,138,->,328,53,->,328,72,->,328,73,->,328,75,->,328,138,->,328,265,->,329,53,->,329,73,->,329,125,->,329,127,->,329,135,->,329,221,->,330,52,->,330,73,->,330,251,->,331,52,->,331,74,->,331,127,->,331,134,->,331,270,->,332,52,->,332,135,->,333,52,->,333,77,->,333,126,->,333,134,->,333,251,->,334,135,->,335,52,->,335,78,->,336,78,->,336,97,->,336,134,->,336,218,->,337,75,->,337,76,->,337,77,->,337,78,->,337,133,->,337,134,->,337,211,->,337,258,->,337,263,->,338,53,->,338,54,->,338,74,->,338,75,->,338,76,->,338,77,->,338,79,->,338,80,->,338,117,->,338,118,->,338,133,->,338,134,->,339,68,->,339,73,->,339,76,->,339,118,->,339,119,->,339,133,->,339,258,->,340,55,->,340,68,->,340,72,->,340,73,->,340,74,->,340,75,->,340,76,->,340,81,->,340,118,->,340,132,->,340,133,->,340,271,->,341,68,->,341,69,->,341,70,->,341,73,->,341,76,->,341,77,->,341,79,->,341,80,->,341,116,->,341,118,->,341,131,->,341,132,->,341,137,->,342,55,->,342,67,->,342,71,->,342,72,->,342,74,->,342,75,->,342,76,->,342,116,->,342,118,->,342,131,->,342,137,->,343,55,->,343,66,->,343,67,->,343,69,->,343,70,->,343,72,->,343,73,->,343,79,->,343,100,->,343,117,->,343,118,->,343,130,->,343,131,->,343,138,->,343,193,->,344,66,->,344,67,->,344,69,->,344,70,->,344,117,->,344,129,->,344,130,->,344,193,->,345,65,->,345,66,->,345,68,->,345,71,->,345,102,->,345,103,->,345,128,->,345,129,->,345,138,->,346,63,->,346,68,->,346,69,->,346,73,->,346,102,->,346,127,->,346,128,->,347,64,->,347,69,->,347,71,->,347,72,->,347,73,->,347,74,->,347,126,->,347,127,->,348,69,->,348,70,->,348,71,->,348,72,->,348,73,->,348,74,->,348,105,->,348,124,->,348,125,->,348,126,->,349,69,->,349,102,->,349,138,->,349,190,->,350,62,->,350,63,->,350,69,->,350,74,->,350,102,->,350,123,->,350,190,->,351,64,->,351,67,->,351,71,->,351,102,->,351,123,->,352,58,->,352,61,->,352,65,->,352,66,->,352,67,->,352,70,->,352,71,->,352,72,->,352,108,->,352,122,->,352,123,->,352,181,->,353,61,->,353,64,->,353,65,->,353,70,->,353,72,->,353,73,->,353,121,->,353,122,->,353,138,->,354,66,->,354,67,->,354,68,->,354,69,->,354,71,->,354,73,->,354,74,->,354,108,->,354,117,->,354,118,->,354,119,->,354,120,->,354,121,->,355,66,->,355,72,->,355,73,->,355,104,->,355,106,->,355,107,->,355,117,->,356,106,->,356,138,->,356,177,->,357,101,->,357,106,->,357,137,->,358,101,->,358,102,->,358,139,->,359,101,->,359,102,->,359,118,->,360,102,->,360,120,->,360,139,->,360,179,->,361,120,->,361,139,->,362,139,->,363,180,->,363,184,->,364,120,->,364,139,->,366,140,->,368,187,->,369,132,->,369,134,->,369,171,->,370,129,->,370,133,->,370,134,->,370,170,->,371,187,->,372,132,->,372,133,->,372,188,->,373,178,->,374,125,->,375,118,->,375,119,->,375,167,->,376,119,->,377,119,->,377,125,->,377,188,->,377,189,->,378,119,->,379,133,->,379,138,->,379,166,->,379,189,->,380,121,->,380,131,->,380,152,->,380,160,->,380,162,->,380,182,->,381,117,->,381,122,->,381,137,->,381,140,->,381,152,->,381,153,->,381,158,->,382,140,->,382,185,->,383,126,->,383,127,->,385,173,->,385,187,->,386,139,->,386,140,->,387,124,->,387,125,->,388,125,->,388,186,->,389,125,->,390,125,->,390,139,->,390,158,->,390,176,->,391,128,->,391,170,->,392,129,->,392,171,->,392,186,->,393,126,->,393,129,->,393,159,->,395,183,->,396,166,->,396,167,->,397,128,->,397,159,->,397,166,->,398,132,->,398,150,->,398,151,->,398,155,->,398,159,->,398,161,->,398,182,->,399,129,->,399,133,->,399,151,->,399,178,->,400,128,->,400,129,->,400,170,->,401,128,->,401,133,->,401,137,->,401,147,->,401,157,->,402,127,->,402,128,->,402,138,->,402,157,->,403,128,->,404,129,->,404,135,->,404,157,->,405,128,->,405,129,->,405,132,->,405,137,->,406,128,->,407,127,->,407,128,->,408,126,->,408,127,->,408,128,->,408,139,->,408,149,->,409,131,->,409,147,->,410,104,->,410,106,->,410,123,->,410,124,->,410,125,->,410,126,->,410,131,->,410,150,->,411,28,->,411,104,->,411,106,->,411,123,->,411,126,->,411,127,->,411,130,->,411,132,->,411,139,->,411,147,->,412,31,->,412,124,->,412,126,->,412,131,->,412,132,->,412,147,->,413,29,->,413,31,->,413,129,->,413,130,->,413,138,->,413,139,->,413,140,->,414,128,->,414,138,->,414,140,->,415,99,->,415,141,->,416,143,->,417,134,->,417,137,->,417,141,->,418,94,->,418,96,->,418,97,->,418,131,->,418,132,->,419,134,->,419,136,->,419,137,->,419,156,->,420,95,->,420,134,->,420,135,->,420,138,->,420,149,->,421,132,->,421,135,->,421,141,->,422,133,->,422,134,->,422,143,->,423,151,->,425,152,->,426,133,->,428,134,->,429,136,->,429,147,->,430,139,->,430,148,->,430,151,->,432,142,->,433,116,->,433,139,->,434,69,->,434,72,->,434,112,->,434,139,->,435,73,->,435,74,->,435,112,->,435,113,->,435,130,->,435,139,->,436,73,->,436,74,->,436,75,->,436,113,->,437,79,->,437,133,->,437,135,->,437,136,->,438,66,->,438,85,->,439,70,->,439,71,->,439,82,->,439,125,->,439,141,->,440,113,->,440,145,->,441,126,->,441,127,->,441,131,->,442,114,->,442,121,->,442,125,->,
4,3654,,3,169,->,4,161,->,8,117,->,8,170,->,8,171,->,9,122,->,9,161,->,11,150,->,11,159,->,13,153,->,14,103,->,15,103,->,15,141,->,16,147,->,17,98,->,18,142,->,19,138,->,20,110,->,22,90,->,23,86,->,23,90,->,23,95,->,25,83,->,25,142,->,26,81,->,26,82,->,27,92,->,27,101,->,27,103,->,28,120,->,29,81,->,29,119,->,29,120,->,29,121,->,29,123,->,30,118,->,30,119,->,30,121,->,31,72,->,31,98,->,31,114,->,31,117,->,31,124,->,34,69,->,35,61,->,35,67,->,35,78,->,36,134,->,36,135,->,37,67,->,37,83,->,37,134,->,37,136,->,38,61,->,39,81,->,39,92,->,40,106,->,41,73,->,41,77,->,41,106,->,41,107,->,42,51,->,42,105,->,42,106,->,42,107,->,42,108,->,43,46,->,43,50,->,43,81,->,43,83,->,43,105,->,43,106,->,43,107,->,43,108,->,43,109,->,44,85,->,44,105,->,44,107,->,44,108,->,44,109,->,44,114,->,45,82,->,45,105,->,45,106,->,45,107,->,45,109,->,45,110,->,45,115,->,46,52,->,46,105,->,46,109,->,46,110,->,46,116,->,47,77,->,47,104,->,48,41,->,48,115,->,48,116,->,50,41,->,50,116,->,50,117,->,50,118,->,51,117,->,52,84,->,53,44,->,53,62,->,53,70,->,53,82,->,54,101,->,54,120,->,55,52,->,55,58,->,55,75,->,58,41,->,58,56,->,58,99,->,59,38,->,59,43,->,59,52,->,59,69,->,60,52,->,60,98,->,61,99,->,61,123,->,62,28,->,63,80,->,63,124,->,64,25,->,64,45,->,64,96,->,65,26,->,66,125,->,67,63,->,67,75,->,68,32,->,68,64,->,68,65,->,68,73,->,68,94,->,69,95,->,69,126,->,70,63,->,70,95,->,71,77,->,71,95,->,72,80,->,72,96,->,73,34,->,73,57,->,73,127,->,74,57,->,75,57,->,75,79,->,76,36,->,76,57,->,76,97,->,77,19,->,77,22,->,78,30,->,78,55,->,78,66,->,78,129,->,79,13,->,79,74,->,79,139,->,79,140,->,80,34,->,80,36,->,80,139,->,80,142,->,80,143,->,80,144,->,80,145,->,81,34,->,81,139,->,81,140,->,82,20,->,82,53,->,82,145,->,83,130,->,83,132,->,83,133,->,83,144,->,84,34,->,84,61,->,84,68,->,84,71,->,84,133,->,84,143,->,84,144,->,85,66,->,85,69,->,85,73,->,85,132,->,85,140,->,86,30,->,86,62,->,86,67,->,86,132,->,86,139,->,86,140,->,86,141,->,87,102,->,87,132,->,87,139,->,87,140,->,88,11,->,88,21,->,88,29,->,88,30,->,88,132,->,89,47,->,89,132,->,90,62,->,90,103,->,90,131,->,90,132,->,90,134,->,90,135,->,91,37,->,91,131,->,91,132,->,91,133,->,91,134,->,91,135,->,92,29,->,92,124,->,92,126,->,92,130,->,92,132,->,92,134,->,92,135,->,93,11,->,93,12,->,93,112,->,93,122,->,93,123,->,93,124,->,93,126,->,93,128,->,93,129,->,93,130,->,94,39,->,94,46,->,94,47,->,94,66,->,94,110,->,94,111,->,94,112,->,94,113,->,94,120,->,94,125,->,94,126,->,94,127,->,94,128,->,94,131,->,94,133,->,95,0,->,95,46,->,95,104,->,95,110,->,95,112,->,95,114,->,95,130,->,95,133,->,95,134,->,96,21,->,96,22,->,96,104,->,96,114,->,96,115,->,96,124,->,96,126,->,96,128,->,97,21,->,97,24,->,97,38,->,97,108,->,97,123,->,97,126,->,97,132,->,97,133,->,98,18,->,98,26,->,98,27,->,98,107,->,98,125,->,98,126,->,98,129,->,98,131,->,99,20,->,99,29,->,99,42,->,99,54,->,99,55,->,99,56,->,99,107,->,100,34,->,100,42,->,100,46,->,100,56,->,100,65,->,101,30,->,101,42,->,101,43,->,101,63,->,101,105,->,102,4,->,102,5,->,102,17,->,102,47,->,102,62,->,102,104,->,103,47,->,103,102,->,103,103,->,103,104,->,104,36,->,105,6,->,105,27,->,105,102,->,106,48,->,106,57,->,106,80,->,106,101,->,107,16,->,107,22,->,107,101,->,108,7,->,108,24,->,108,25,->,108,49,->,108,100,->,109,7,->,110,3,->,110,50,->,110,52,->,110,66,->,110,67,->,110,70,->,110,100,->,111,39,->,111,48,->,112,11,->,112,38,->,112,80,->,112,81,->,113,5,->,113,19,->,114,20,->,117,44,->,118,9,->,118,46,->,120,16,->,121,37,->,122,29,->,122,65,->,125,50,->,128,39,->,128,42,->,128,50,->,128,58,->,129,36,->,129,39,->,129,42,->,130,40,->,132,5,->,132,40,->,133,19,->,133,30,->,135,4,->,135,32,->,135,52,->,136,20,->,138,44,->,139,36,->,140,37,->,140,38,->,141,22,->,141,29,->,141,56,->,141,59,->,142,29,->,142,54,->,142,55,->,143,53,->,143,54,->,143,59,->,143,60,->,144,44,->,144,53,->,144,58,->,144,59,->,145,42,->,145,50,->,146,8,->,146,25,->,146,42,->,146,48,->,146,56,->,146,65,->,146,67,->,147,0,->,147,8,->,147,27,->,147,29,->,147,45,->,147,57,->,147,58,->,147,65,->,147,66,->,147,67,->,148,57,->,148,63,->,148,65,->,148,66,->,148,67,->,149,2,->,149,6,->,149,27,->,149,28,->,149,38,->,149,40,->,149,43,->,149,50,->,149,52,->,149,59,->,149,62,->,149,63,->,149,64,->,149,65,->,149,66,->,149,68,->,150,9,->,150,11,->,150,35,->,150,38,->,150,40,->,150,49,->,150,50,->,150,60,->,150,61,->,150,62,->,150,63,->,150,64,->,150,65,->,150,66,->,150,67,->,151,9,->,151,22,->,151,33,->,151,38,->,151,41,->,151,49,->,151,60,->,151,62,->,151,63,->,151,64,->,151,65,->,151,66,->,151,67,->,152,34,->,152,37,->,152,40,->,152,48,->,152,49,->,152,51,->,152,52,->,152,53,->,152,61,->,152,63,->,152,64,->,152,66,->,152,67,->,153,39,->,153,41,->,153,51,->,153,58,->,153,61,->,154,36,->,154,39,->,154,42,->,154,50,->,154,60,->,155,34,->,155,35,->,155,37,->,155,39,->,155,41,->,155,57,->,156,33,->,156,35,->,156,36,->,156,40,->,156,54,->,156,56,->,156,58,->,156,115,->,156,116,->,156,152,->,157,32,->,157,41,->,157,53,->,157,56,->,157,57,->,157,59,->,157,118,->,157,153,->,157,156,->,158,29,->,158,33,->,158,34,->,158,53,->,158,54,->,158,55,->,158,59,->,158,62,->,158,109,->,158,112,->,158,119,->,158,124,->,158,152,->,158,158,->,158,159,->,159,27,->,159,33,->,159,39,->,159,40,->,159,54,->,159,59,->,159,60,->,159,106,->,159,107,->,159,110,->,159,112,->,160,29,->,160,30,->,160,53,->,160,54,->,160,59,->,160,137,->,160,149,->,160,151,->,160,152,->,160,159,->,161,31,->,161,53,->,161,54,->,161,58,->,161,150,->,161,151,->,162,2,->,162,29,->,162,32,->,162,42,->,162,53,->,162,54,->,162,58,->,162,151,->,163,1,->,163,27,->,163,29,->,163,30,->,163,31,->,163,53,->,163,54,->,163,151,->,164,2,->,164,3,->,164,27,->,164,29,->,164,54,->,164,107,->,164,150,->,164,152,->,164,159,->,165,25,->,165,26,->,165,27,->,165,28,->,165,29,->,165,30,->,165,43,->,165,54,->,165,144,->,165,151,->,165,152,->,165,154,->,165,155,->,165,156,->,166,25,->,166,26,->,166,27,->,166,28,->,166,29,->,166,30,->,166,36,->,166,38,->,166,43,->,166,54,->,166,153,->,166,154,->,166,155,->,167,25,->,167,26,->,167,27,->,167,28,->,167,31,->,167,54,->,167,155,->,167,165,->,168,54,->,168,93,->,168,94,->,168,163,->,169,6,->,169,93,->,169,130,->,169,164,->,169,166,->,170,48,->,170,81,->,170,86,->,170,87,->,170,130,->,170,131,->,170,133,->,170,162,->,170,166,->,171,76,->,171,78,->,171,79,->,171,80,->,171,81,->,171,99,->,171,133,->,171,163,->,171,165,->,172,55,->,172,77,->,172,92,->,172,93,->,172,94,->,172,99,->,173,80,->,173,82,->,173,83,->,173,88,->,173,90,->,173,92,->,173,93,->,173,153,->,173,154,->,173,155,->,173,156,->,174,83,->,174,84,->,174,87,->,174,90,->,174,135,->,174,137,->,174,141,->,174,153,->,174,154,->,174,155,->,175,75,->,175,77,->,175,78,->,175,79,->,175,80,->,175,81,->,175,82,->,175,84,->,175,85,->,175,86,->,175,90,->,175,91,->,175,142,->,175,152,->,175,154,->,176,71,->,176,72,->,176,73,->,176,74,->,176,75,->,176,76,->,176,77,->,176,83,->,176,85,->,176,86,->,176,87,->,176,91,->,176,99,->,176,100,->,176,105,->,176,136,->,176,144,->,176,145,->,176,146,->,176,148,->,176,154,->,177,68,->,177,69,->,177,70,->,177,71,->,177,72,->,177,73,->,177,74,->,177,75,->,177,76,->,177,77,->,177,84,->,177,85,->,177,86,->,177,90,->,177,98,->,177,99,->,177,100,->,177,105,->,177,137,->,177,138,->,177,139,->,177,146,->,177,147,->,177,149,->,177,161,->,177,162,->,178,68,->,178,69,->,178,70,->,178,71,->,178,72,->,178,73,->,178,74,->,178,75,->,178,76,->,178,77,->,178,78,->,178,86,->,178,88,->,178,90,->,178,92,->,178,137,->,178,138,->,178,148,->,178,161,->,178,162,->,179,70,->,179,71,->,179,72,->,179,73,->,179,74,->,179,75,->,179,76,->,179,77,->,179,78,->,179,80,->,179,81,->,179,91,->,179,97,->,179,98,->,179,101,->,179,147,->,179,148,->,179,160,->,179,162,->,179,163,->,180,70,->,180,71,->,180,72,->,180,73,->,180,74,->,180,75,->,180,76,->,180,77,->,180,78,->,180,79,->,180,81,->,180,82,->,180,83,->,180,84,->,180,96,->,180,97,->,180,99,->,180,100,->,180,159,->,180,160,->,180,161,->,180,162,->,180,165,->,180,166,->,180,173,->,180,175,->,181,68,->,181,70,->,181,71,->,181,73,->,181,76,->,181,77,->,181,78,->,181,79,->,181,81,->,181,84,->,181,85,->,181,93,->,181,94,->,181,95,->,181,147,->,181,169,->,182,75,->,182,76,->,182,77,->,182,78,->,182,79,->,182,84,->,182,89,->,182,91,->,182,92,->,182,93,->,182,95,->,182,96,->,182,147,->,182,148,->,182,151,->,182,178,->,183,77,->,183,78,->,183,84,->,183,88,->,183,95,->,183,96,->,183,146,->,183,147,->,183,148,->,183,149,->,183,150,->,183,151,->,183,152,->,183,165,->,183,166,->,183,176,->,183,178,->,184,78,->,184,82,->,184,83,->,184,87,->,184,88,->,184,96,->,184,97,->,184,137,->,184,145,->,184,149,->,184,150,->,184,151,->,184,160,->,184,176,->,184,177,->,184,178,->,185,77,->,185,79,->,185,80,->,185,81,->,185,87,->,185,96,->,185,97,->,185,137,->,185,144,->,185,146,->,185,151,->,185,154,->,185,155,->,185,159,->,185,174,->,185,176,->,185,178,->,186,2,->,186,77,->,186,78,->,186,79,->,186,80,->,186,87,->,186,95,->,186,97,->,186,158,->,186,173,->,186,175,->,186,176,->,186,177,->,186,178,->,187,77,->,187,78,->,187,86,->,187,87,->,187,88,->,187,89,->,187,91,->,187,92,->,187,93,->,187,94,->,187,95,->,187,136,->,187,137,->,187,141,->,187,158,->,187,165,->,187,166,->,187,172,->,187,173,->,187,174,->,187,175,->,187,176,->,188,77,->,188,78,->,188,79,->,188,80,->,188,81,->,188,87,->,188,88,->,188,89,->,188,90,->,188,91,->,188,92,->,188,93,->,188,94,->,188,157,->,188,158,->,188,165,->,188,166,->,188,173,->,188,174,->,188,175,->,188,176,->,188,191,->,189,6,->,189,78,->,189,79,->,189,80,->,189,82,->,189,83,->,189,84,->,189,85,->,189,86,->,189,87,->,189,88,->,189,89,->,189,90,->,189,91,->,189,92,->,189,93,->,189,94,->,189,95,->,189,137,->,189,138,->,189,158,->,189,160,->,189,163,->,189,166,->,189,167,->,189,169,->,189,173,->,189,174,->,189,175,->,189,176,->,189,177,->,190,78,->,190,79,->,190,80,->,190,83,->,190,85,->,190,86,->,190,87,->,190,88,->,190,89,->,190,92,->,190,93,->,190,94,->,190,95,->,190,161,->,190,163,->,190,165,->,190,166,->,190,167,->,190,168,->,190,175,->,190,176,->,190,198,->,191,84,->,191,86,->,191,93,->,191,139,->,191,161,->,191,162,->,191,174,->,191,176,->,191,201,->,192,78,->,192,85,->,192,138,->,192,139,->,192,140,->,192,141,->,192,168,->,192,174,->,192,185,->,192,200,->,192,201,->,192,203,->,192,204,->,193,139,->,193,140,->,193,141,->,193,162,->,193,186,->,193,194,->,193,201,->,193,203,->,193,207,->,193,209,->,194,138,->,194,139,->,194,140,->,194,141,->,194,142,->,194,144,->,194,189,->,194,190,->,194,192,->,194,195,->,194,200,->,194,201,->,194,202,->,194,203,->,194,207,->,194,210,->,195,84,->,195,85,->,195,86,->,195,88,->,195,90,->,195,124,->,195,136,->,195,137,->,195,138,->,195,139,->,195,140,->,195,141,->,195,142,->,195,143,->,195,144,->,195,145,->,195,146,->,195,162,->,195,170,->,195,172,->,195,198,->,195,199,->,195,203,->,195,207,->,196,3,->,196,84,->,196,85,->,196,126,->,196,128,->,196,135,->,196,136,->,196,137,->,196,138,->,196,139,->,196,140,->,196,141,->,196,142,->,196,143,->,196,144,->,196,145,->,196,146,->,196,160,->,196,161,->,196,162,->,196,164,->,196,166,->,196,167,->,196,168,->,196,171,->,196,172,->,196,173,->,196,194,->,196,195,->,196,196,->,196,202,->,196,203,->,196,207,->,197,5,->,197,83,->,197,84,->,197,126,->,197,127,->,197,128,->,197,129,->,197,134,->,197,135,->,197,136,->,197,137,->,197,138,->,197,139,->,197,140,->,197,141,->,197,142,->,197,143,->,197,144,->,197,145,->,197,146,->,197,147,->,197,148,->,197,159,->,197,161,->,197,162,->,197,163,->,197,164,->,197,166,->,197,168,->,197,192,->,197,202,->,197,206,->,197,207,->,197,208,->,198,127,->,198,128,->,198,129,->,198,134,->,198,135,->,198,136,->,198,137,->,198,138,->,198,139,->,198,140,->,198,141,->,198,142,->,198,143,->,198,145,->,198,146,->,198,147,->,198,159,->,198,162,->,198,164,->,198,190,->,198,191,->,198,192,->,198,193,->,198,194,->,198,203,->,198,204,->,198,205,->,198,206,->,198,207,->,198,208,->,198,210,->,198,213,->,198,214,->,199,79,->,199,82,->,199,118,->,199,120,->,199,121,->,199,122,->,199,124,->,199,126,->,199,127,->,199,128,->,199,129,->,199,134,->,199,135,->,199,136,->,199,137,->,199,138,->,199,139,->,199,140,->,199,141,->,199,142,->,199,143,->,199,144,->,199,146,->,199,147,->,199,149,->,199,150,->,199,151,->,199,155,->,199,159,->,199,160,->,199,162,->,199,164,->,199,165,->,199,166,->,199,189,->,199,191,->,199,192,->,199,193,->,199,194,->,199,195,->,199,204,->,199,205,->,199,206,->,199,207,->,199,208,->,199,209,->,199,211,->,199,213,->,199,214,->,199,215,->,200,79,->,200,80,->,200,81,->,200,111,->,200,112,->,200,117,->,200,119,->,200,121,->,200,122,->,200,123,->,200,124,->,200,126,->,200,127,->,200,129,->,200,134,->,200,135,->,200,136,->,200,137,->,200,138,->,200,139,->,200,140,->,200,142,->,200,143,->,200,144,->,200,145,->,200,147,->,200,148,->,200,149,->,200,151,->,200,157,->,200,159,->,200,160,->,200,161,->,200,162,->,200,163,->,200,164,->,200,165,->,200,166,->,200,187,->,200,188,->,200,189,->,200,190,->,200,191,->,200,192,->,200,193,->,200,194,->,200,205,->,200,206,->,200,207,->,200,208,->,200,209,->,200,210,->,200,211,->,200,212,->,200,213,->,200,214,->,200,215,->,201,10,->,201,79,->,201,81,->,201,110,->,201,111,->,201,112,->,201,117,->,201,118,->,201,119,->,201,120,->,201,121,->,201,122,->,201,127,->,201,128,->,201,134,->,201,135,->,201,136,->,201,137,->,201,138,->,201,139,->,201,141,->,201,143,->,201,144,->,201,145,->,201,146,->,201,147,->,201,148,->,201,149,->,201,150,->,201,151,->,201,152,->,201,154,->,201,158,->,201,159,->,201,160,->,201,161,->,201,162,->,201,163,->,201,187,->,201,191,->,201,192,->,201,206,->,201,207,->,201,208,->,201,209,->,201,210,->,201,211,->,201,212,->,201,213,->,201,214,->,202,78,->,202,79,->,202,110,->,202,111,->,202,112,->,202,114,->,202,116,->,202,117,->,202,123,->,202,124,->,202,126,->,202,127,->,202,128,->,202,129,->,202,131,->,202,133,->,202,134,->,202,135,->,202,136,->,202,137,->,202,138,->,202,139,->,202,142,->,202,143,->,202,144,->,202,147,->,202,148,->,202,149,->,202,150,->,202,152,->,202,153,->,202,154,->,202,158,->,202,159,->,202,160,->,202,161,->,202,162,->,202,187,->,202,206,->,202,207,->,202,208,->,202,209,->,202,210,->,202,211,->,202,213,->,203,79,->,203,82,->,203,109,->,203,110,->,203,111,->,203,112,->,203,113,->,203,114,->,203,115,->,203,116,->,203,117,->,203,125,->,203,126,->,203,128,->,203,131,->,203,133,->,203,134,->,203,135,->,203,136,->,203,137,->,203,143,->,203,145,->,203,147,->,203,148,->,203,154,->,203,155,->,203,159,->,203,160,->,203,161,->,203,162,->,203,170,->,203,206,->,203,207,->,203,208,->,203,209,->,203,210,->,204,79,->,204,81,->,204,82,->,204,105,->,204,106,->,204,107,->,204,108,->,204,109,->,204,110,->,204,111,->,204,112,->,204,114,->,204,115,->,204,116,->,204,117,->,204,123,->,204,125,->,204,126,->,204,128,->,204,130,->,204,131,->,204,132,->,204,133,->,204,134,->,204,135,->,204,137,->,204,144,->,204,146,->,204,147,->,204,148,->,204,155,->,204,156,->,204,157,->,204,158,->,204,159,->,204,160,->,204,161,->,204,171,->,204,206,->,204,207,->,204,209,->,204,211,->,204,231,->,204,232,->,205,77,->,205,79,->,205,80,->,205,86,->,205,87,->,205,103,->,205,105,->,205,106,->,205,108,->,205,109,->,205,110,->,205,111,->,205,113,->,205,115,->,205,116,->,205,117,->,205,119,->,205,121,->,205,122,->,205,123,->,205,124,->,205,125,->,205,127,->,205,129,->,205,130,->,205,131,->,205,132,->,205,133,->,205,134,->,205,135,->,205,136,->,205,144,->,205,147,->,205,148,->,205,149,->,205,154,->,205,155,->,205,156,->,205,157,->,205,158,->,205,159,->,205,160,->,205,161,->,205,162,->,205,191,->,205,204,->,205,205,->,205,206,->,205,207,->,205,212,->,205,224,->,205,225,->,205,226,->,206,78,->,206,79,->,206,103,->,206,108,->,206,109,->,206,110,->,206,111,->,206,112,->,206,114,->,206,115,->,206,116,->,206,117,->,206,118,->,206,119,->,206,120,->,206,121,->,206,122,->,206,123,->,206,125,->,206,126,->,206,127,->,206,128,->,206,129,->,206,130,->,206,131,->,206,132,->,206,133,->,206,135,->,206,136,->,206,145,->,206,146,->,206,150,->,206,154,->,206,155,->,206,156,->,206,157,->,206,158,->,206,159,->,206,160,->,206,161,->,206,190,->,206,191,->,206,200,->,206,201,->,206,202,->,206,203,->,206,205,->,206,206,->,206,207,->,206,208,->,206,212,->,206,213,->,206,214,->,206,218,->,206,225,->,206,232,->,206,233,->,207,10,->,207,11,->,207,18,->,207,76,->,207,77,->,207,79,->,207,88,->,207,102,->,207,103,->,207,106,->,207,108,->,207,109,->,207,110,->,207,111,->,207,113,->,207,116,->,207,117,->,207,118,->,207,119,->,207,120,->,207,121,->,207,122,->,207,123,->,207,129,->,207,130,->,207,131,->,207,134,->,207,145,->,207,152,->,207,153,->,207,154,->,207,156,->,207,157,->,207,158,->,207,159,->,207,160,->,207,161,->,207,162,->,207,190,->,207,191,->,207,192,->,207,201,->,207,202,->,207,206,->,207,208,->,207,209,->,207,211,->,207,213,->,207,225,->,207,234,->,207,237,->,208,13,->,208,75,->,208,77,->,208,78,->,208,106,->,208,107,->,208,114,->,208,119,->,208,120,->,208,122,->,208,130,->,208,143,->,208,151,->,208,152,->,208,153,->,208,154,->,208,155,->,208,156,->,208,157,->,208,158,->,208,159,->,208,160,->,208,161,->,208,179,->,208,190,->,208,191,->,208,192,->,208,193,->,208,201,->,208,202,->,208,203,->,208,207,->,208,209,->,208,210,->,208,211,->,208,212,->,208,213,->,208,217,->,208,220,->,208,224,->,208,237,->,209,75,->,209,86,->,209,106,->,209,107,->,209,120,->,209,129,->,209,130,->,209,141,->,209,142,->,209,150,->,209,151,->,209,152,->,209,153,->,209,156,->,209,158,->,209,159,->,209,160,->,209,161,->,209,189,->,209,190,->,209,191,->,209,192,->,209,201,->,209,202,->,209,203,->,209,204,->,209,205,->,209,210,->,209,211,->,209,212,->,209,216,->,209,217,->,209,219,->,209,222,->,209,223,->,209,235,->,209,236,->,210,9,->,210,76,->,210,85,->,210,101,->,210,105,->,210,106,->,210,142,->,210,143,->,210,161,->,210,189,->,210,190,->,210,191,->,210,192,->,210,201,->,210,202,->,210,203,->,210,204,->,210,210,->,210,211,->,210,212,->,210,213,->,210,216,->,210,217,->,210,221,->,210,223,->,210,235,->,210,236,->,210,237,->,211,74,->,211,77,->,211,83,->,211,101,->,211,104,->,211,105,->,211,106,->,211,127,->,211,130,->,211,140,->,211,142,->,211,143,->,211,188,->,211,189,->,211,201,->,211,202,->,211,203,->,211,211,->,211,212,->,211,213,->,211,216,->,211,217,->,212,75,->,212,76,->,212,77,->,212,78,->,212,79,->,212,81,->,212,99,->,212,101,->,212,102,->,212,105,->,212,106,->,212,107,->,212,126,->,212,127,->,212,178,->,212,179,->,212,188,->,212,202,->,212,203,->,212,213,->,212,218,->,212,235,->,213,76,->,213,78,->,213,79,->,213,82,->,213,99,->,213,100,->,213,103,->,213,106,->,213,107,->,213,108,->,213,109,->,213,110,->,213,111,->,213,112,->,213,114,->,213,116,->,213,117,->,213,125,->,213,126,->,213,135,->,213,178,->,213,179,->,213,183,->,213,184,->,213,186,->,213,187,->,213,202,->,213,203,->,213,204,->,213,206,->,213,218,->,213,234,->,214,1,->,214,74,->,214,79,->,214,80,->,214,99,->,214,101,->,214,104,->,214,106,->,214,107,->,214,108,->,214,109,->,214,110,->,214,111,->,214,112,->,214,115,->,214,116,->,214,134,->,214,183,->,214,184,->,214,203,->,214,204,->,214,205,->,214,206,->,214,207,->,214,214,->,214,233,->,214,234,->,215,2,->,215,72,->,215,79,->,215,100,->,215,101,->,215,102,->,215,104,->,215,105,->,215,107,->,215,108,->,215,109,->,215,113,->,215,114,->,215,115,->,215,116,->,215,182,->,215,183,->,215,203,->,215,205,->,215,206,->,215,220,->,215,232,->,216,77,->,216,78,->,216,100,->,216,101,->,216,102,->,216,103,->,216,105,->,216,106,->,216,107,->,216,108,->,216,109,->,216,110,->,216,114,->,216,116,->,216,117,->,216,182,->,216,183,->,216,203,->,216,206,->,216,218,->,216,233,->,216,234,->,216,241,->,217,98,->,217,99,->,217,100,->,217,101,->,217,102,->,217,103,->,217,104,->,217,105,->,217,106,->,217,107,->,217,109,->,217,113,->,217,114,->,217,116,->,217,117,->,217,183,->,217,184,->,217,233,->,217,241,->,217,242,->,218,8,->,218,13,->,218,100,->,218,101,->,218,102,->,218,103,->,218,104,->,218,105,->,218,108,->,218,110,->,218,111,->,218,113,->,218,114,->,218,115,->,218,116,->,218,181,->,218,183,->,218,184,->,218,186,->,218,187,->,218,188,->,218,192,->,218,193,->,218,201,->,218,204,->,218,233,->,218,240,->,218,242,->,218,243,->,219,69,->,219,100,->,219,101,->,219,102,->,219,104,->,219,105,->,219,106,->,219,109,->,219,111,->,219,116,->,219,120,->,219,129,->,219,182,->,219,184,->,219,185,->,219,195,->,219,196,->,219,197,->,219,198,->,219,199,->,219,200,->,219,201,->,219,202,->,219,228,->,219,230,->,219,231,->,219,239,->,219,240,->,219,243,->,220,9,->,220,12,->,220,69,->,220,101,->,220,102,->,220,103,->,220,107,->,220,108,->,220,109,->,220,110,->,220,111,->,220,117,->,220,119,->,220,120,->,220,121,->,220,123,->,220,124,->,220,126,->,220,182,->,220,184,->,220,194,->,220,195,->,220,196,->,220,197,->,220,198,->,220,199,->,220,200,->,220,201,->,220,202,->,220,204,->,220,239,->,221,102,->,221,103,->,221,104,->,221,106,->,221,108,->,221,109,->,221,110,->,221,111,->,221,118,->,221,119,->,221,120,->,221,121,->,221,122,->,221,123,->,221,124,->,221,125,->,221,126,->,221,127,->,221,128,->,221,182,->,221,183,->,221,193,->,221,194,->,221,195,->,221,196,->,221,197,->,221,198,->,221,199,->,221,200,->,221,201,->,221,202,->,221,203,->,221,206,->,221,219,->,221,220,->,221,238,->,222,68,->,222,80,->,222,81,->,222,100,->,222,104,->,222,105,->,222,106,->,222,107,->,222,110,->,222,119,->,222,124,->,222,125,->,222,126,->,222,178,->,222,181,->,222,182,->,222,201,->,222,202,->,222,203,->,223,4,->,223,6,->,223,67,->,223,79,->,223,80,->,223,96,->,223,105,->,223,107,->,223,108,->,223,109,->,223,119,->,223,120,->,223,121,->,223,122,->,223,123,->,223,124,->,223,125,->,223,127,->,223,178,->,223,179,->,223,181,->,223,182,->,223,188,->,223,202,->,223,203,->,223,223,->,223,237,->,223,246,->,224,4,->,224,79,->,224,80,->,224,81,->,224,82,->,224,83,->,224,84,->,224,95,->,224,96,->,224,97,->,224,99,->,224,103,->,224,109,->,224,111,->,224,119,->,224,120,->,224,121,->,224,122,->,224,123,->,224,124,->,224,125,->,224,178,->,224,183,->,224,202,->,224,226,->,225,67,->,225,77,->,225,78,->,225,80,->,225,81,->,225,82,->,225,83,->,225,84,->,225,89,->,225,95,->,225,96,->,225,97,->,225,102,->,225,104,->,225,109,->,225,110,->,225,118,->,225,119,->,225,120,->,225,121,->,225,122,->,225,123,->,225,124,->,225,125,->,225,126,->,225,178,->,225,236,->,225,245,->,225,246,->,226,67,->,226,68,->,226,69,->,226,75,->,226,76,->,226,80,->,226,82,->,226,83,->,226,84,->,226,85,->,226,94,->,226,95,->,226,96,->,226,97,->,226,99,->,226,101,->,226,109,->,226,111,->,226,112,->,226,113,->,226,114,->,226,116,->,226,118,->,226,119,->,226,120,->,226,121,->,226,122,->,226,123,->,226,125,->,226,178,->,226,206,->,226,233,->,227,66,->,227,68,->,227,71,->,227,73,->,227,74,->,227,75,->,227,76,->,227,78,->,227,79,->,227,83,->,227,85,->,227,94,->,227,95,->,227,96,->,227,97,->,227,102,->,227,103,->,227,109,->,227,114,->,227,116,->,227,118,->,227,119,->,227,120,->,227,121,->,227,122,->,227,123,->,227,124,->,227,186,->,227,189,->,227,190,->,227,200,->,227,201,->,227,203,->,227,204,->,227,234,->,228,65,->,228,67,->,228,73,->,228,74,->,228,75,->,228,76,->,228,77,->,228,79,->,228,84,->,228,96,->,228,97,->,228,98,->,228,99,->,228,100,->,228,101,->,228,102,->,228,103,->,228,105,->,228,106,->,228,108,->,228,109,->,228,111,->,228,112,->,228,113,->,228,114,->,228,120,->,228,121,->,228,122,->,228,123,->,228,124,->,228,125,->,228,179,->,228,187,->,228,191,->,228,192,->,228,199,->,228,200,->,228,201,->,228,202,->,228,204,->,228,205,->,228,206,->,229,65,->,229,68,->,229,73,->,229,76,->,229,77,->,229,78,->,229,85,->,229,87,->,229,96,->,229,97,->,229,98,->,229,99,->,229,100,->,229,101,->,229,103,->,229,104,->,229,109,->,229,110,->,229,111,->,229,114,->,229,121,->,229,122,->,229,123,->,229,124,->,229,183,->,229,191,->,229,199,->,229,200,->,229,201,->,229,202,->,229,205,->,229,206,->,229,207,->,229,209,->,229,243,->,230,68,->,230,76,->,230,77,->,230,84,->,230,86,->,230,96,->,230,97,->,230,98,->,230,99,->,230,101,->,230,107,->,230,109,->,230,110,->,230,114,->,230,115,->,230,122,->,230,123,->,230,124,->,230,179,->,230,201,->,230,206,->,230,207,->,230,208,->,230,209,->,230,210,->,230,243,->,230,244,->,230,245,->,231,77,->,231,82,->,231,86,->,231,87,->,231,92,->,231,93,->,231,94,->,231,95,->,231,97,->,231,98,->,231,108,->,231,110,->,231,114,->,231,115,->,231,116,->,231,118,->,231,124,->,231,180,->,231,192,->,231,208,->,231,209,->,231,243,->,231,244,->,231,245,->,231,246,->,232,66,->,232,67,->,232,77,->,232,81,->,232,87,->,232,93,->,232,94,->,232,95,->,232,114,->,232,115,->,232,116,->,232,117,->,232,121,->,232,122,->,232,124,->,232,179,->,232,180,->,232,182,->,232,183,->,232,209,->,232,210,->,232,244,->,232,245,->,233,66,->,233,67,->,233,77,->,233,78,->,233,81,->,233,82,->,233,83,->,233,87,->,233,88,->,233,89,->,233,90,->,233,93,->,233,94,->,233,108,->,233,115,->,233,117,->,233,118,->,233,122,->,233,123,->,233,124,->,233,179,->,233,180,->,233,181,->,233,183,->,233,184,->,233,185,->,233,204,->,233,205,->,233,209,->,233,244,->,233,245,->,234,77,->,234,78,->,234,79,->,234,80,->,234,81,->,234,82,->,234,83,->,234,84,->,234,87,->,234,88,->,234,89,->,234,90,->,234,91,->,234,92,->,234,93,->,234,94,->,234,95,->,234,109,->,234,113,->,234,120,->,234,122,->,234,124,->,234,178,->,234,179,->,234,181,->,234,182,->,234,183,->,234,184,->,234,185,->,234,204,->,234,207,->,234,208,->,234,209,->,235,78,->,235,79,->,235,80,->,235,81,->,235,82,->,235,83,->,235,85,->,235,86,->,235,87,->,235,88,->,235,89,->,235,90,->,235,91,->,235,92,->,235,93,->,235,94,->,235,95,->,235,104,->,235,105,->,235,106,->,235,107,->,235,110,->,235,111,->,235,112,->,235,114,->,235,115,->,235,116,->,235,118,->,235,124,->,235,179,->,235,181,->,235,182,->,235,183,->,235,184,->,235,185,->,235,186,->,235,193,->,235,203,->,236,78,->,236,79,->,236,80,->,236,81,->,236,82,->,236,89,->,236,91,->,236,93,->,236,104,->,236,105,->,236,108,->,236,109,->,236,111,->,236,116,->,236,117,->,236,123,->,236,124,->,236,179,->,236,185,->,236,186,->,236,194,->,236,195,->,236,202,->,236,203,->,236,244,->,237,80,->,237,81,->,237,82,->,237,92,->,237,103,->,237,104,->,237,105,->,237,109,->,237,110,->,237,111,->,237,112,->,237,122,->,237,123,->,237,124,->,237,179,->,237,186,->,237,193,->,237,195,->,237,196,->,237,197,->,237,198,->,237,201,->,237,202,->,237,203,->,237,204,->,237,244,->,238,67,->,238,82,->,238,83,->,238,86,->,238,92,->,238,93,->,238,104,->,238,105,->,238,110,->,238,111,->,238,112,->,238,113,->,238,122,->,238,124,->,238,180,->,238,181,->,238,192,->,238,193,->,238,194,->,238,195,->,238,196,->,238,197,->,238,198,->,238,199,->,238,200,->,238,201,->,238,202,->,238,203,->,238,232,->,238,245,->,239,84,->,239,93,->,239,110,->,239,120,->,239,121,->,239,122,->,239,123,->,239,177,->,239,178,->,239,179,->,239,191,->,239,192,->,239,193,->,239,194,->,239,195,->,239,196,->,239,197,->,239,198,->,239,199,->,239,200,->,239,201,->,239,202,->,239,203,->,239,204,->,239,205,->,239,246,->,240,84,->,240,111,->,240,120,->,240,123,->,240,124,->,240,125,->,240,177,->,240,178,->,240,186,->,240,191,->,240,192,->,240,195,->,240,196,->,240,200,->,240,201,->,240,202,->,240,203,->,240,204,->,240,206,->,240,246,->,241,69,->,241,74,->,241,85,->,241,111,->,241,112,->,241,113,->,241,114,->,241,115,->,241,123,->,241,124,->,241,177,->,241,178,->,241,186,->,241,191,->,241,192,->,241,194,->,241,195,->,241,200,->,241,201,->,241,204,->,241,206,->,241,211,->,241,212,->,241,232,->,241,233,->,242,72,->,242,73,->,242,74,->,242,75,->,242,76,->,242,85,->,242,86,->,242,115,->,242,117,->,242,119,->,242,121,->,242,123,->,242,124,->,242,177,->,242,178,->,242,186,->,242,187,->,242,191,->,242,192,->,242,200,->,242,201,->,242,202,->,242,205,->,242,206,->,242,207,->,242,212,->,242,213,->,242,232,->,242,233,->,243,73,->,243,74,->,243,75,->,243,76,->,243,78,->,243,87,->,243,117,->,243,122,->,243,124,->,243,187,->,243,190,->,243,205,->,243,207,->,243,213,->,243,231,->,243,233,->,243,234,->,244,79,->,244,84,->,244,179,->,244,188,->,244,189,->,244,190,->,244,196,->,244,200,->,244,201,->,244,206,->,244,213,->,244,231,->,244,240,->,245,179,->,245,189,->,245,190,->,245,192,->,245,193,->,245,194,->,245,195,->,245,199,->,245,200,->,245,201,->,245,213,->,245,220,->,245,224,->,245,225,->,245,226,->,245,227,->,245,230,->,246,71,->,246,190,->,246,191,->,246,198,->,246,200,->,246,201,->,246,205,->,246,213,->,246,219,->,246,226,->,247,70,->,247,72,->,247,191,->,247,192,->,247,199,->,247,201,->,247,202,->,247,205,->,247,218,->,247,219,->,247,227,->,248,73,->,248,189,->,248,190,->,248,191,->,248,198,->,248,199,->,248,200,->,248,201,->,248,202,->,248,205,->,248,214,->,248,217,->,248,224,->,249,69,->,249,72,->,249,172,->,249,191,->,249,199,->,249,200,->,249,201,->,249,202,->,249,203,->,250,70,->,250,189,->,250,191,->,250,192,->,250,199,->,250,201,->,250,203,->,250,210,->,251,68,->,251,69,->,251,70,->,251,124,->,251,176,->,251,177,->,251,189,->,251,199,->,251,200,->,251,201,->,251,202,->,251,203,->,251,204,->,251,205,->,251,206,->,251,207,->,251,211,->,252,69,->,252,125,->,252,176,->,252,198,->,252,199,->,252,204,->,252,206,->,253,68,->,253,125,->,253,175,->,253,176,->,253,177,->,253,190,->,253,199,->,253,205,->,253,206,->,254,68,->,254,174,->,254,175,->,254,176,->,254,177,->,254,206,->,255,75,->,255,173,->,255,174,->,255,175,->,255,176,->,255,177,->,256,75,->,256,117,->,256,172,->,256,173,->,256,174,->,256,175,->,256,176,->,256,177,->,257,73,->,257,171,->,257,172,->,257,173,->,257,174,->,257,175,->,257,176,->,257,177,->,258,73,->,258,157,->,258,174,->,258,175,->,258,176,->,258,177,->,258,208,->,259,156,->,259,161,->,259,176,->,259,177,->,259,178,->,259,208,->,260,68,->,260,163,->,260,178,->,260,179,->,260,180,->,261,166,->,261,167,->,261,180,->,262,88,->,262,89,->,262,171,->,262,172,->,262,173,->,262,174,->,263,87,->,263,88,->,263,89,->,263,90,->,263,174,->,263,175,->,263,176,->,264,89,->,264,90,->,264,91,->,265,90,->,265,91,->,265,92,->,265,177,->,266,92,->,266,93,->,266,177,->,267,181,->,267,182,->,268,182,->,269,95,->,269,96,->,269,183,->,269,196,->,269,218,->,270,96,->,270,97,->,270,183,->,271,95,->,271,96,->,271,98,->,271,183,->,272,96,->,272,97,->,272,98,->,272,221,->,273,98,->,273,183,->,273,184,->,274,184,->,274,196,->,275,184,->,275,195,->,275,196,->,275,197,->,275,224,->,275,255,->,275,256,->,275,257,->,276,184,->,276,185,->,276,195,->,277,183,->,277,184,->,277,185,->,277,216,->,278,182,->,278,183,->,278,184,->,278,185,->,278,195,->,278,257,->,278,260,->,279,179,->,279,182,->,279,183,->,279,197,->,279,198,->,279,200,->,279,259,->,280,179,->,280,184,->,281,179,->,281,182,->,281,184,->,281,193,->,281,207,->,282,83,->,282,182,->,282,183,->,282,193,->,283,84,->,283,85,->,283,89,->,283,183,->,283,184,->,283,261,->,283,265,->,284,74,->,284,75,->,284,76,->,284,77,->,284,80,->,284,82,->,284,83,->,284,84,->,284,89,->,284,105,->,284,106,->,284,107,->,284,267,->,284,268,->,285,81,->,285,82,->,285,86,->,285,87,->,285,108,->,285,192,->,285,205,->,285,270,->,286,109,->,286,192,->,286,206,->,286,207,->,286,214,->,286,230,->,287,84,->,287,109,->,287,125,->,287,206,->,287,274,->,287,276,->,288,122,->,288,125,->,288,127,->,288,205,->,288,261,->,288,272,->,289,119,->,289,120,->,289,122,->,289,127,->,289,205,->,289,206,->,290,94,->,290,119,->,290,120,->,290,127,->,290,204,->,290,205,->,290,212,->,290,263,->,291,93,->,291,94,->,291,95,->,291,117,->,291,118,->,291,127,->,291,128,->,291,129,->,291,203,->,291,204,->,291,205,->,291,272,->,292,91,->,292,95,->,292,118,->,292,127,->,292,128,->,292,130,->,292,131,->,292,204,->,292,205,->,292,215,->,293,92,->,293,94,->,293,95,->,293,119,->,293,123,->,293,127,->,293,128,->,293,132,->,293,133,->,293,134,->,293,135,->,293,136,->,293,191,->,293,203,->,293,204,->,294,91,->,294,93,->,294,118,->,294,119,->,294,120,->,294,121,->,294,122,->,294,125,->,294,127,->,294,133,->,294,134,->,294,135,->,294,136,->,294,191,->,294,200,->,294,204,->,294,205,->,295,91,->,295,93,->,295,119,->,295,120,->,295,121,->,295,122,->,295,123,->,295,124,->,295,127,->,295,134,->,295,135,->,295,136,->,295,191,->,295,198,->,295,199,->,295,200,->,295,204,->,296,91,->,296,92,->,296,93,->,296,118,->,296,119,->,296,120,->,296,121,->,296,122,->,296,123,->,296,126,->,296,127,->,296,134,->,296,135,->,296,198,->,296,199,->,296,201,->,297,119,->,297,121,->,297,122,->,297,123,->,297,124,->,297,125,->,297,126,->,297,127,->,297,135,->,297,136,->,297,137,->,297,191,->,297,197,->,297,198,->,297,199,->,297,200,->,297,201,->,298,118,->,298,120,->,298,122,->,298,123,->,298,124,->,298,125,->,298,126,->,298,127,->,298,137,->,298,191,->,298,196,->,298,197,->,298,198,->,298,199,->,298,200,->,298,201,->,298,202,->,298,203,->,299,121,->,299,124,->,299,125,->,299,126,->,299,127,->,299,132,->,299,191,->,299,192,->,299,195,->,299,196,->,299,197,->,299,198,->,299,199,->,299,200,->,299,201,->,299,204,->,300,121,->,300,122,->,300,123,->,300,125,->,300,126,->,300,127,->,300,128,->,300,129,->,300,131,->,300,191,->,300,192,->,300,193,->,300,194,->,300,195,->,300,196,->,300,197,->,300,198,->,300,199,->,300,200,->,300,201,->,300,216,->,301,121,->,301,122,->,301,123,->,301,125,->,301,129,->,301,130,->,301,192,->,301,193,->,301,194,->,301,195,->,301,196,->,302,121,->,302,125,->,302,129,->,302,192,->,302,193,->,302,195,->,302,232,->,303,122,->,303,123,->,303,124,->,303,129,->,303,192,->,303,193,->,303,194,->,303,225,->,303,236,->,304,120,->,304,123,->,304,128,->,304,129,->,304,192,->,304,193,->,304,194,->,304,195,->,304,242,->,305,121,->,305,122,->,305,123,->,305,192,->,305,193,->,306,120,->,306,193,->,306,194,->,306,223,->,306,231,->,306,239,->,307,128,->,307,191,->,307,193,->,307,194,->,307,236,->,308,127,->,308,128,->,308,191,->,309,127,->,309,191,->,309,192,->,309,237,->,310,121,->,310,127,->,311,121,->,311,122,->,311,240,->,311,241,->,312,122,->,312,126,->,312,127,->,313,122,->,313,123,->,313,124,->,313,126,->,313,127,->,313,202,->,313,203,->,313,204,->,313,230,->,314,123,->,314,125,->,315,124,->,315,125,->,315,126,->,316,124,->,316,125,->,316,201,->,316,202,->,316,212,->,316,243,->,317,98,->,317,125,->,318,59,->,318,98,->,318,126,->,318,203,->,318,206,->,318,207,->,318,212,->,318,213,->,319,125,->,319,126,->,319,202,->,319,213,->,320,56,->,320,71,->,320,125,->,320,126,->,320,206,->,321,71,->,321,125,->,321,228,->,322,125,->,323,70,->,323,71,->,323,74,->,323,122,->,323,126,->,324,54,->,324,72,->,324,74,->,324,123,->,324,124,->,324,125,->,324,126,->,324,223,->,325,53,->,325,73,->,325,74,->,325,138,->,326,53,->,326,71,->,326,124,->,326,125,->,326,137,->,326,138,->,327,71,->,327,72,->,327,123,->,327,124,->,327,125,->,327,137,->,327,227,->,328,71,->,328,125,->,328,126,->,329,72,->,329,126,->,330,53,->,330,72,->,330,74,->,330,126,->,330,249,->,331,53,->,331,71,->,331,73,->,331,75,->,331,126,->,331,219,->,332,53,->,332,72,->,332,73,->,332,74,->,332,75,->,332,76,->,333,53,->,333,54,->,333,72,->,333,74,->,333,75,->,333,76,->,334,53,->,334,72,->,334,73,->,334,74,->,334,75,->,334,76,->,334,77,->,334,96,->,335,53,->,335,72,->,335,73,->,335,74,->,335,75,->,335,76,->,335,77,->,335,96,->,336,53,->,336,74,->,336,75,->,336,76,->,336,77,->,336,258,->,337,54,->,337,55,->,337,73,->,337,74,->,338,73,->,338,258,->,339,69,->,339,71,->,339,72,->,339,77,->,339,78,->,339,79,->,339,80,->,339,81,->,339,117,->,339,134,->,339,268,->,340,56,->,340,69,->,340,70,->,340,71,->,340,77,->,340,78,->,340,79,->,340,80,->,340,117,->,340,134,->,340,135,->,341,67,->,341,71,->,341,74,->,341,75,->,341,78,->,341,117,->,341,133,->,341,134,->,342,79,->,342,117,->,342,132,->,342,133,->,344,65,->,344,71,->,344,131,->,344,137,->,344,195,->,345,64,->,345,70,->,345,72,->,345,137,->,346,70,->,346,72,->,346,103,->,347,70,->,347,102,->,347,103,->,347,104,->,348,102,->,348,103,->,348,104,->,348,137,->,349,56,->,349,70,->,349,71,->,349,73,->,349,103,->,349,104,->,349,105,->,349,125,->,350,68,->,350,71,->,350,72,->,350,73,->,350,103,->,350,104,->,350,105,->,350,106,->,350,124,->,350,125,->,351,57,->,351,68,->,351,69,->,351,72,->,351,103,->,351,104,->,351,105,->,351,106,->,351,107,->,352,68,->,352,69,->,352,73,->,352,103,->,352,104,->,352,105,->,352,106,->,352,107,->,353,60,->,353,66,->,353,68,->,353,69,->,353,103,->,353,107,->,353,108,->,354,59,->,354,65,->,354,105,->,354,106,->,354,107,->,354,122,->,354,138,->,355,105,->,355,109,->,355,118,->,355,119,->,355,120,->,355,121,->,355,138,->,355,184,->,356,118,->,356,119,->,356,120,->,357,118,->,357,119,->,357,120,->,357,121,->,358,119,->,358,120,->,358,138,->,359,120,->,359,138,->,362,120,->,363,139,->,363,183,->,364,138,->,364,187,->,365,120,->,365,139,->,365,140,->,365,172,->,367,140,->,368,177,->,369,129,->,369,133,->,369,135,->,369,139,->,369,140,->,369,141,->,369,142,->,370,137,->,370,138,->,370,174,->,370,175,->,371,124,->,371,126,->,371,133,->,372,119,->,372,124,->,372,125,->,372,134,->,372,135,->,374,119,->,374,173,->,375,124,->,376,182,->,378,125,->,378,166,->,379,119,->,379,130,->,380,122,->,380,151,->,381,123,->,381,139,->,381,175,->,382,125,->,382,126,->,382,160,->,382,171,->,382,179,->,383,173,->,384,163,->,384,179,->,385,157,->,386,187,->,387,164,->,387,187,->,387,188,->,388,126,->,388,168,->,389,126,->,389,127,->,389,148,->,389,158,->,389,173,->,390,126,->,390,127,->,390,160,->,390,164,->,390,166,->,390,168,->,390,186,->,391,126,->,391,127,->,392,127,->,392,128,->,392,163,->,393,127,->,393,128,->,394,127,->,394,128,->,394,129,->,394,164,->,394,172,->,395,127,->,395,129,->,395,162,->,395,181,->,396,128,->,396,129,->,396,130,->,396,151,->,396,168,->,396,175,->,396,182,->,396,183,->,397,130,->,397,131,->,397,160,->,397,163,->,397,169,->,398,129,->,398,130,->,398,131,->,398,164,->,398,169,->,399,130,->,399,132,->,399,174,->,400,130,->,400,131,->,400,132,->,400,133,->,400,143,->,400,176,->,401,129,->,401,130,->,401,131,->,402,129,->,402,130,->,402,131,->,402,132,->,402,133,->,403,129,->,403,130,->,403,132,->,403,138,->,404,130,->,404,131,->,405,130,->,405,131,->,405,136,->,405,145,->,406,130,->,406,132,->,406,134,->,406,136,->,406,145,->,406,146,->,407,129,->,407,130,->,407,131,->,407,132,->,407,133,->,407,135,->,407,138,->,407,146,->,408,129,->,408,131,->,408,132,->,408,133,->,408,136,->,408,138,->,409,126,->,409,127,->,409,128,->,409,129,->,409,130,->,409,132,->,409,133,->,409,138,->,409,139,->,410,127,->,410,128,->,410,130,->,410,133,->,410,139,->,410,149,->,411,26,->,411,124,->,411,125,->,411,129,->,411,131,->,411,146,->,412,30,->,412,127,->,412,128,->,412,129,->,412,130,->,413,32,->,413,127,->,413,142,->,414,130,->,414,131,->,414,139,->,414,142,->,414,151,->,415,130,->,415,142,->,415,146,->,416,131,->,416,132,->,416,133,->,416,142,->,417,131,->,417,132,->,417,133,->,417,136,->,418,95,->,418,134,->,418,136,->,418,137,->,418,153,->,419,95,->,419,96,->,419,135,->,420,96,->,420,136,->,420,150,->,421,140,->,421,150,->,422,135,->,422,140,->,422,150,->,425,146,->,426,134,->,427,146,->,428,141,->,429,111,->,430,141,->,430,146,->,431,145,->,434,136,->,435,71,->,437,68,->,437,74,->,437,146,->,438,74,->,438,80,->,438,115,->,438,123,->,438,137,->,439,115,->,439,117,->,440,144,->,441,105,->,441,116,->,441,120,->,441,132,->,442,116,->,443,117,->,443,118,->,443,123,->,443,125,->,446,136,->,
5,2241,,2,163,->,3,175,->,4,156,->,4,159,->,6,150,->,6,160,->,7,122,->,7,169,->,8,120,->,9,123,->,9,141,->,10,118,->,13,106,->,13,142,->,15,109,->,18,98,->,18,103,->,20,102,->,21,100,->,22,91,->,22,103,->,25,104,->,26,96,->,26,101,->,30,85,->,30,117,->,31,67,->,31,118,->,32,95,->,33,85,->,33,96,->,33,98,->,34,80,->,34,86,->,34,95,->,34,98,->,35,98,->,36,67,->,38,81,->,38,82,->,41,52,->,41,53,->,42,52,->,42,54,->,44,72,->,44,106,->,44,113,->,45,74,->,45,108,->,45,114,->,46,106,->,46,107,->,46,108,->,46,111,->,46,115,->,47,60,->,47,105,->,47,107,->,48,66,->,48,80,->,48,93,->,48,104,->,49,74,->,49,103,->,49,115,->,49,116,->,50,74,->,50,103,->,50,114,->,51,103,->,51,115,->,52,61,->,52,102,->,52,103,->,52,118,->,53,43,->,53,46,->,53,102,->,54,39,->,54,47,->,54,52,->,54,70,->,55,38,->,55,56,->,55,63,->,55,101,->,56,51,->,56,80,->,58,50,->,59,41,->,59,51,->,59,99,->,59,122,->,60,43,->,60,53,->,61,43,->,61,59,->,63,82,->,64,82,->,65,58,->,65,82,->,65,96,->,65,97,->,66,97,->,68,27,->,68,59,->,68,97,->,69,27,->,71,27,->,71,96,->,71,97,->,72,37,->,72,55,->,72,56,->,73,38,->,73,55,->,74,31,->,74,96,->,75,38,->,75,68,->,75,75,->,76,25,->,76,128,->,77,70,->,78,32,->,78,67,->,79,30,->,79,51,->,79,58,->,79,103,->,80,29,->,80,33,->,80,66,->,80,69,->,80,103,->,80,130,->,80,140,->,80,141,->,81,60,->,81,141,->,81,142,->,81,143,->,81,145,->,82,14,->,82,130,->,82,131,->,82,141,->,82,142,->,82,144,->,83,29,->,83,64,->,83,77,->,83,100,->,83,131,->,83,140,->,83,141,->,83,143,->,84,40,->,84,101,->,84,131,->,84,140,->,84,141,->,85,131,->,85,141,->,86,64,->,86,131,->,87,34,->,87,65,->,87,66,->,87,131,->,88,13,->,88,131,->,89,131,->,90,129,->,90,130,->,91,129,->,91,130,->,92,36,->,92,113,->,92,122,->,92,123,->,92,125,->,92,128,->,92,129,->,93,6,->,93,110,->,93,111,->,93,113,->,93,120,->,93,121,->,93,125,->,94,21,->,94,27,->,94,35,->,94,104,->,94,114,->,94,115,->,95,36,->,95,51,->,95,109,->,95,113,->,95,132,->,96,33,->,96,108,->,96,109,->,96,113,->,96,125,->,96,127,->,96,129,->,96,130,->,96,132,->,96,133,->,97,19,->,97,41,->,97,49,->,97,50,->,97,58,->,97,104,->,97,127,->,97,129,->,98,35,->,98,59,->,98,105,->,98,124,->,99,22,->,99,37,->,99,45,->,99,106,->,100,7,->,100,38,->,100,39,->,100,62,->,100,104,->,100,105,->,101,13,->,101,23,->,101,41,->,101,104,->,102,11,->,102,12,->,102,43,->,102,55,->,103,13,->,103,40,->,104,13,->,104,34,->,104,35,->,104,61,->,106,1,->,106,6,->,107,80,->,108,22,->,108,30,->,108,80,->,108,81,->,109,9,->,109,44,->,109,65,->,109,81,->,110,47,->,111,38,->,111,66,->,111,72,->,112,58,->,113,38,->,114,8,->,114,37,->,116,12,->,117,13,->,117,14,->,118,13,->,118,16,->,118,17,->,119,18,->,119,50,->,121,14,->,122,15,->,124,8,->,124,37,->,124,51,->,125,1,->,125,16,->,125,17,->,127,13,->,128,8,->,128,29,->,130,6,->,130,35,->,130,54,->,130,55,->,130,58,->,131,29,->,131,50,->,132,3,->,132,35,->,135,10,->,135,37,->,135,51,->,136,37,->,137,11,->,138,41,->,138,42,->,139,11,->,141,43,->,141,44,->,141,45,->,141,57,->,142,32,->,142,33,->,143,4,->,143,24,->,144,54,->,144,56,->,144,57,->,145,51,->,145,52,->,145,55,->,145,57,->,146,5,->,146,6,->,146,7,->,146,22,->,146,57,->,147,1,->,147,9,->,147,47,->,147,48,->,147,52,->,147,56,->,148,0,->,148,1,->,148,43,->,148,45,->,148,47,->,148,48,->,148,50,->,148,51,->,148,52,->,148,53,->,148,54,->,148,62,->,148,64,->,149,42,->,149,45,->,149,48,->,149,49,->,149,51,->,149,53,->,149,55,->,150,2,->,150,41,->,150,42,->,150,47,->,150,48,->,150,51,->,150,55,->,150,57,->,151,40,->,151,47,->,151,51,->,151,52,->,151,53,->,151,55,->,151,56,->,151,57,->,151,58,->,151,59,->,152,7,->,152,46,->,152,47,->,152,54,->,152,55,->,152,56,->,152,58,->,152,59,->,152,60,->,153,7,->,153,38,->,153,44,->,153,47,->,153,52,->,153,53,->,153,54,->,153,56,->,153,59,->,154,43,->,154,45,->,154,48,->,154,49,->,154,56,->,154,57,->,154,155,->,155,6,->,155,36,->,155,38,->,155,40,->,155,44,->,155,48,->,155,58,->,155,151,->,155,152,->,156,39,->,156,42,->,156,55,->,156,57,->,156,129,->,156,151,->,156,153,->,156,155,->,156,156,->,157,40,->,157,52,->,157,58,->,157,113,->,157,114,->,157,116,->,157,117,->,157,127,->,157,128,->,157,131,->,157,150,->,157,154,->,157,157,->,158,30,->,158,31,->,158,41,->,158,56,->,158,57,->,158,58,->,158,113,->,158,114,->,158,118,->,158,120,->,158,151,->,159,31,->,159,41,->,159,52,->,159,53,->,159,55,->,159,58,->,159,108,->,159,109,->,159,111,->,159,124,->,159,125,->,159,126,->,159,131,->,159,132,->,159,152,->,159,158,->,160,32,->,160,40,->,160,41,->,160,55,->,160,56,->,160,57,->,160,58,->,160,106,->,160,107,->,160,109,->,160,122,->,160,123,->,160,124,->,160,138,->,161,30,->,161,32,->,161,41,->,161,55,->,161,56,->,161,57,->,161,105,->,161,106,->,161,123,->,161,152,->,162,1,->,162,30,->,162,31,->,162,55,->,162,56,->,162,57,->,162,108,->,162,152,->,162,153,->,163,0,->,163,107,->,163,108,->,163,152,->,163,153,->,164,26,->,164,28,->,164,151,->,164,153,->,164,154,->,165,99,->,165,153,->,166,53,->,166,144,->,167,37,->,167,53,->,167,97,->,167,98,->,167,142,->,168,95,->,168,133,->,169,54,->,169,90,->,169,92,->,169,94,->,169,132,->,170,55,->,170,89,->,170,90,->,170,99,->,170,100,->,170,101,->,170,132,->,170,163,->,170,165,->,171,5,->,171,49,->,171,54,->,171,55,->,171,77,->,171,82,->,171,83,->,171,84,->,171,85,->,171,86,->,171,87,->,171,97,->,171,98,->,171,100,->,171,101,->,171,130,->,171,131,->,172,78,->,172,86,->,172,90,->,172,91,->,172,100,->,172,101,->,172,131,->,172,133,->,172,134,->,173,51,->,173,54,->,173,86,->,173,89,->,173,100,->,174,52,->,174,85,->,174,86,->,174,88,->,174,89,->,174,100,->,174,101,->,174,138,->,174,139,->,174,140,->,175,87,->,175,88,->,175,89,->,175,100,->,175,101,->,175,136,->,175,137,->,175,138,->,176,78,->,176,81,->,176,82,->,176,88,->,176,90,->,176,101,->,176,102,->,176,103,->,176,104,->,176,106,->,176,107,->,176,135,->,176,137,->,176,138,->,176,139,->,176,140,->,176,142,->,176,143,->,177,78,->,177,79,->,177,83,->,177,87,->,177,88,->,177,89,->,177,101,->,177,102,->,177,103,->,177,104,->,177,106,->,177,107,->,177,108,->,177,141,->,177,144,->,177,145,->,177,148,->,177,150,->,178,0,->,178,87,->,178,89,->,178,101,->,178,102,->,178,104,->,178,136,->,178,144,->,178,145,->,178,146,->,178,147,->,178,149,->,179,79,->,179,82,->,179,83,->,179,84,->,179,85,->,179,86,->,179,87,->,179,90,->,179,137,->,179,138,->,179,146,->,179,161,->,180,80,->,180,86,->,180,87,->,180,88,->,180,89,->,180,90,->,180,93,->,180,98,->,180,137,->,180,138,->,180,146,->,180,167,->,180,174,->,181,72,->,181,74,->,181,75,->,181,80,->,181,87,->,181,89,->,181,90,->,181,91,->,181,92,->,181,96,->,181,97,->,181,165,->,181,166,->,181,167,->,181,168,->,181,170,->,181,171,->,181,173,->,181,175,->,181,176,->,182,85,->,182,88,->,182,94,->,182,97,->,182,98,->,182,137,->,182,164,->,182,165,->,182,166,->,182,167,->,182,168,->,182,169,->,182,170,->,182,172,->,182,176,->,182,177,->,183,85,->,183,87,->,183,97,->,183,137,->,183,138,->,183,145,->,183,163,->,183,164,->,183,169,->,183,170,->,183,174,->,183,175,->,183,177,->,184,109,->,184,138,->,184,146,->,184,147,->,184,148,->,184,161,->,184,164,->,184,165,->,184,175,->,185,78,->,185,82,->,185,83,->,185,85,->,185,86,->,185,136,->,185,138,->,185,139,->,185,140,->,185,150,->,185,152,->,185,156,->,185,164,->,185,165,->,185,171,->,185,177,->,186,81,->,186,82,->,186,136,->,186,137,->,186,138,->,186,140,->,186,141,->,186,142,->,186,143,->,186,152,->,186,153,->,186,154,->,186,155,->,186,156,->,186,157,->,186,164,->,186,165,->,186,172,->,186,174,->,187,2,->,187,79,->,187,80,->,187,81,->,187,82,->,187,83,->,187,84,->,187,85,->,187,96,->,187,97,->,187,138,->,187,140,->,187,142,->,187,157,->,187,159,->,187,164,->,187,188,->,187,190,->,188,82,->,188,83,->,188,84,->,188,85,->,188,86,->,188,95,->,188,96,->,188,135,->,188,136,->,188,137,->,188,139,->,188,140,->,188,141,->,188,162,->,188,163,->,188,167,->,188,168,->,188,172,->,188,186,->,188,189,->,189,81,->,189,96,->,189,135,->,189,140,->,189,141,->,189,159,->,189,162,->,189,168,->,189,185,->,189,191,->,190,1,->,190,136,->,190,137,->,190,139,->,190,140,->,190,158,->,190,162,->,190,164,->,190,174,->,190,185,->,191,138,->,191,141,->,191,145,->,191,159,->,191,163,->,191,164,->,191,166,->,191,167,->,191,168,->,191,173,->,191,185,->,191,198,->,191,202,->,191,203,->,192,142,->,192,143,->,192,159,->,192,161,->,192,162,->,192,167,->,192,169,->,192,186,->,192,196,->,193,130,->,193,138,->,193,143,->,193,144,->,193,161,->,193,170,->,193,187,->,193,188,->,193,193,->,193,195,->,193,202,->,193,204,->,194,116,->,194,124,->,194,129,->,194,137,->,194,145,->,194,146,->,194,160,->,194,161,->,194,162,->,194,167,->,194,169,->,194,170,->,194,191,->,194,193,->,195,0,->,195,4,->,195,5,->,195,6,->,195,7,->,195,8,->,195,9,->,195,123,->,195,126,->,195,127,->,195,129,->,195,135,->,195,147,->,195,160,->,195,161,->,195,164,->,195,167,->,195,168,->,195,201,->,195,202,->,196,14,->,196,86,->,196,87,->,196,121,->,196,122,->,196,123,->,196,124,->,196,129,->,196,130,->,196,131,->,196,133,->,196,147,->,196,159,->,196,163,->,196,169,->,196,170,->,196,197,->,196,198,->,196,199,->,196,200,->,196,201,->,197,85,->,197,86,->,197,87,->,197,118,->,197,120,->,197,121,->,197,122,->,197,123,->,197,124,->,197,125,->,197,130,->,197,131,->,197,132,->,197,133,->,197,156,->,197,158,->,197,170,->,197,193,->,197,200,->,197,203,->,198,112,->,198,120,->,198,121,->,198,122,->,198,123,->,198,125,->,198,126,->,198,130,->,198,131,->,198,132,->,198,133,->,198,148,->,198,155,->,198,156,->,198,157,->,198,158,->,198,163,->,198,195,->,198,202,->,199,99,->,199,111,->,199,112,->,199,119,->,199,123,->,199,125,->,199,130,->,199,131,->,199,132,->,199,133,->,199,148,->,199,156,->,199,157,->,199,158,->,199,161,->,200,11,->,200,82,->,200,98,->,200,110,->,200,115,->,200,118,->,200,120,->,200,130,->,200,131,->,200,132,->,200,133,->,200,150,->,200,156,->,200,158,->,200,195,->,200,204,->,201,82,->,201,83,->,201,114,->,201,123,->,201,125,->,201,130,->,201,131,->,201,132,->,201,133,->,201,205,->,202,82,->,202,109,->,202,113,->,202,118,->,202,119,->,202,120,->,202,121,->,202,130,->,202,132,->,203,83,->,203,84,->,203,85,->,203,118,->,203,119,->,203,121,->,203,122,->,203,127,->,203,129,->,203,130,->,203,132,->,203,227,->,204,12,->,204,80,->,204,83,->,204,84,->,204,85,->,204,86,->,204,87,->,204,118,->,204,119,->,204,121,->,204,122,->,204,127,->,204,129,->,204,191,->,204,192,->,204,204,->,204,205,->,204,210,->,204,226,->,204,227,->,204,230,->,205,78,->,205,88,->,205,104,->,205,107,->,205,118,->,205,120,->,205,126,->,205,128,->,205,192,->,205,202,->,205,203,->,205,209,->,205,211,->,206,89,->,206,102,->,206,105,->,206,107,->,206,148,->,206,149,->,206,192,->,206,193,->,206,195,->,206,198,->,206,199,->,206,209,->,206,210,->,206,211,->,206,226,->,207,14,->,207,78,->,207,147,->,207,148,->,207,149,->,207,150,->,207,151,->,207,155,->,207,193,->,207,194,->,207,199,->,207,200,->,207,210,->,207,212,->,207,226,->,207,233,->,207,235,->,208,76,->,208,101,->,208,149,->,208,200,->,208,219,->,208,234,->,208,235,->,208,236,->,209,101,->,209,143,->,209,144,->,209,200,->,209,218,->,209,220,->,209,224,->,209,234,->,210,6,->,210,8,->,210,18,->,210,99,->,210,100,->,210,144,->,210,145,->,210,218,->,210,219,->,210,220,->,210,222,->,211,2,->,211,99,->,211,100,->,211,190,->,211,191,->,211,200,->,211,214,->,211,215,->,211,218,->,211,219,->,211,221,->,211,235,->,212,83,->,212,189,->,212,190,->,212,201,->,212,214,->,212,215,->,212,216,->,212,217,->,212,219,->,212,220,->,213,75,->,213,77,->,213,98,->,213,188,->,213,189,->,213,201,->,213,214,->,213,215,->,213,217,->,213,219,->,213,220,->,213,233,->,214,3,->,214,77,->,214,78,->,214,97,->,214,100,->,214,113,->,214,202,->,214,208,->,214,215,->,214,217,->,214,218,->,215,73,->,215,77,->,215,78,->,215,80,->,215,98,->,215,99,->,215,106,->,215,184,->,215,185,->,215,202,->,215,204,->,215,208,->,215,217,->,215,219,->,215,233,->,216,5,->,216,71,->,216,72,->,216,75,->,216,76,->,216,79,->,216,80,->,216,98,->,216,99,->,216,115,->,216,184,->,216,185,->,216,204,->,216,205,->,216,210,->,216,230,->,216,231,->,216,232,->,217,73,->,217,75,->,217,76,->,217,79,->,217,80,->,217,108,->,217,110,->,217,115,->,217,182,->,217,185,->,217,186,->,217,189,->,217,190,->,217,192,->,217,201,->,217,203,->,217,204,->,217,206,->,217,211,->,217,232,->,218,0,->,218,70,->,218,73,->,218,74,->,218,79,->,218,98,->,218,99,->,218,182,->,218,185,->,218,200,->,218,203,->,218,212,->,218,224,->,218,231,->,218,232,->,218,241,->,219,70,->,219,80,->,219,183,->,219,203,->,219,204,->,219,205,->,219,206,->,219,227,->,219,241,->,219,242,->,220,74,->,220,79,->,220,80,->,220,99,->,220,100,->,220,112,->,220,116,->,220,183,->,220,203,->,220,205,->,220,206,->,220,240,->,220,241,->,220,243,->,221,69,->,221,79,->,221,81,->,221,101,->,221,116,->,221,117,->,221,218,->,221,239,->,221,240,->,221,241,->,221,244,->,222,79,->,222,82,->,222,96,->,222,97,->,222,98,->,222,109,->,222,111,->,222,117,->,222,118,->,222,120,->,222,121,->,222,122,->,222,123,->,222,239,->,222,240,->,222,245,->,223,76,->,223,77,->,223,78,->,223,81,->,223,82,->,223,83,->,223,84,->,223,95,->,223,97,->,223,98,->,223,104,->,223,106,->,223,110,->,223,111,->,223,113,->,223,117,->,223,118,->,223,224,->,223,245,->,224,68,->,224,69,->,224,74,->,224,75,->,224,76,->,224,77,->,224,78,->,224,101,->,224,104,->,224,105,->,224,107,->,224,108,->,224,110,->,224,113,->,224,115,->,224,117,->,224,118,->,224,126,->,224,128,->,224,225,->,224,237,->,224,243,->,224,244,->,224,246,->,225,68,->,225,69,->,225,70,->,225,72,->,225,73,->,225,74,->,225,75,->,225,76,->,225,79,->,225,85,->,225,94,->,225,98,->,225,99,->,225,101,->,225,103,->,225,105,->,225,106,->,225,107,->,225,108,->,225,111,->,225,112,->,225,113,->,225,114,->,225,115,->,225,117,->,225,227,->,225,229,->,225,230,->,225,237,->,226,70,->,226,72,->,226,73,->,226,74,->,226,77,->,226,78,->,226,79,->,226,92,->,226,93,->,226,98,->,226,100,->,226,102,->,226,103,->,226,104,->,226,105,->,226,107,->,226,110,->,226,115,->,226,117,->,226,232,->,226,234,->,226,235,->,226,236,->,227,69,->,227,70,->,227,72,->,227,77,->,227,80,->,227,86,->,227,93,->,227,98,->,227,99,->,227,104,->,227,105,->,227,106,->,227,107,->,227,108,->,227,111,->,227,112,->,227,113,->,227,115,->,227,117,->,227,184,->,227,208,->,227,233,->,228,66,->,228,69,->,228,70,->,228,72,->,228,78,->,228,86,->,228,87,->,228,88,->,228,92,->,228,104,->,228,110,->,228,115,->,228,119,->,228,186,->,228,188,->,228,189,->,228,190,->,228,207,->,228,208,->,228,209,->,228,210,->,229,66,->,229,67,->,229,69,->,229,72,->,229,74,->,229,75,->,229,86,->,229,88,->,229,89,->,229,90,->,229,91,->,229,92,->,229,115,->,229,116,->,229,119,->,229,120,->,229,184,->,229,188,->,229,189,->,229,190,->,229,208,->,229,210,->,229,211,->,229,212,->,229,213,->,229,215,->,229,217,->,230,66,->,230,67,->,230,69,->,230,73,->,230,74,->,230,75,->,230,85,->,230,87,->,230,88,->,230,90,->,230,91,->,230,92,->,230,93,->,230,116,->,230,120,->,230,183,->,230,184,->,230,211,->,230,212,->,230,214,->,230,215,->,230,216,->,230,217,->,231,66,->,231,67,->,231,68,->,231,69,->,231,74,->,231,76,->,231,84,->,231,89,->,231,90,->,231,91,->,231,117,->,231,120,->,231,184,->,231,188,->,231,189,->,231,210,->,231,211,->,231,213,->,231,214,->,231,215,->,231,216,->,231,217,->,232,68,->,232,69,->,232,76,->,232,82,->,232,83,->,232,86,->,232,88,->,232,184,->,232,188,->,232,189,->,232,192,->,232,211,->,232,213,->,232,214,->,232,215,->,232,216,->,232,243,->,233,68,->,233,69,->,233,84,->,233,85,->,233,86,->,233,114,->,233,116,->,233,119,->,233,121,->,233,182,->,233,186,->,233,192,->,233,210,->,233,215,->,233,216,->,234,67,->,234,68,->,234,85,->,234,86,->,234,114,->,234,115,->,234,117,->,234,118,->,234,119,->,234,123,->,234,180,->,234,186,->,234,192,->,234,205,->,234,206,->,234,210,->,234,243,->,234,244,->,235,67,->,235,68,->,235,76,->,235,77,->,235,119,->,235,122,->,235,123,->,235,192,->,235,204,->,235,205,->,235,206,->,235,207,->,235,208,->,235,209,->,235,244,->,236,67,->,236,77,->,236,112,->,236,113,->,236,114,->,236,115,->,236,119,->,236,120,->,236,121,->,236,193,->,236,204,->,236,205,->,237,67,->,237,78,->,237,79,->,237,113,->,237,114,->,237,116,->,237,117,->,237,118,->,237,120,->,237,121,->,237,180,->,238,114,->,238,115,->,238,117,->,238,119,->,238,120,->,238,191,->,238,204,->,238,205,->,238,244,->,239,68,->,239,73,->,239,74,->,239,111,->,239,114,->,239,116,->,239,117,->,239,119,->,239,206,->,239,231,->,239,232,->,239,245,->,240,69,->,240,71,->,240,73,->,240,74,->,240,83,->,240,110,->,240,113,->,240,116,->,240,117,->,240,118,->,240,119,->,240,180,->,240,190,->,240,193,->,240,194,->,240,197,->,240,198,->,240,199,->,240,205,->,240,232,->,240,233,->,240,245,->,241,70,->,241,71,->,241,72,->,241,73,->,241,75,->,241,76,->,241,83,->,241,117,->,241,119,->,241,120,->,241,187,->,241,189,->,241,193,->,241,197,->,241,199,->,241,202,->,241,203,->,241,205,->,241,207,->,241,208,->,241,209,->,241,210,->,241,213,->,241,245,->,242,77,->,242,78,->,242,79,->,242,116,->,242,120,->,242,176,->,242,188,->,242,189,->,242,190,->,242,193,->,242,194,->,242,195,->,242,196,->,242,197,->,242,199,->,242,203,->,242,204,->,242,208,->,242,209,->,242,214,->,242,234,->,243,79,->,243,177,->,243,188,->,243,189,->,243,191,->,243,192,->,243,193,->,243,194,->,243,198,->,243,199,->,243,200,->,243,202,->,243,206,->,243,208,->,243,214,->,243,235,->,243,236,->,244,82,->,244,83,->,244,191,->,244,192,->,244,193,->,244,197,->,244,198,->,244,199,->,244,202,->,244,205,->,244,214,->,244,223,->,244,224,->,244,225,->,244,226,->,244,230,->,245,196,->,245,197,->,245,198,->,245,202,->,245,205,->,245,214,->,245,215,->,245,219,->,245,221,->,245,222,->,245,223,->,245,228,->,245,229,->,246,174,->,246,196,->,246,197,->,246,202,->,246,214,->,246,215,->,246,218,->,247,69,->,247,71,->,247,173,->,247,178,->,247,197,->,247,198,->,247,214,->,247,215,->,247,226,->,248,70,->,248,71,->,248,72,->,248,173,->,248,177,->,248,203,->,248,215,->,248,216,->,249,70,->,249,177,->,249,204,->,249,205,->,250,171,->,250,172,->,250,176,->,250,190,->,250,200,->,250,202,->,250,204,->,250,205,->,251,171,->,251,172,->,252,205,->,253,69,->,253,71,->,253,73,->,253,174,->,257,74,->,257,160,->,258,72,->,258,160,->,258,161,->,258,172,->,258,173,->,259,174,->,259,175,->,261,179,->,262,175,->,262,176,->,262,177,->,263,177,->,264,176,->,264,177,->,264,180,->,264,181,->,266,178,->,266,179,->,267,221,->,270,95,->,271,97,->,272,210,->,272,223,->,273,214,->,275,258,->,276,258,->,277,256,->,278,259,->,279,194,->,279,195,->,279,196,->,279,202,->,279,204,->,279,258,->,279,260,->,280,196,->,280,197,->,280,198,->,280,204,->,280,206,->,280,219,->,280,259,->,281,205,->,282,204,->,282,205,->,282,206,->,282,207,->,283,83,->,283,193,->,283,207,->,283,264,->,284,85,->,284,86,->,284,193,->,284,205,->,284,206,->,284,207,->,284,227,->,285,83,->,285,85,->,285,206,->,285,207,->,285,260,->,286,76,->,286,84,->,286,85,->,286,86,->,286,193,->,286,205,->,286,260,->,286,271,->,287,85,->,287,123,->,287,192,->,287,204,->,287,272,->,288,76,->,288,77,->,288,123,->,288,126,->,288,192,->,288,204,->,289,77,->,289,121,->,289,123,->,289,125,->,289,126,->,289,192,->,289,203,->,289,204,->,289,262,->,289,263,->,290,121,->,290,123,->,290,125,->,290,126,->,290,192,->,290,203,->,290,264,->,290,272,->,291,125,->,291,200,->,291,201,->,291,202,->,292,93,->,292,94,->,292,123,->,292,125,->,292,129,->,292,203,->,292,243,->,293,91,->,293,125,->,293,130,->,293,197,->,293,198,->,293,199,->,293,200,->,293,201,->,293,202,->,293,231,->,293,245,->,293,268,->,294,92,->,294,123,->,294,124,->,294,126,->,294,128,->,294,130,->,294,132,->,294,197,->,294,198,->,294,199,->,295,92,->,295,125,->,295,126,->,295,128,->,295,133,->,295,196,->,295,197,->,296,124,->,296,125,->,296,128,->,296,191,->,296,195,->,296,196,->,296,197,->,296,200,->,296,203,->,296,236,->,297,131,->,297,133,->,297,134,->,297,194,->,297,195,->,297,196,->,297,202,->,297,203,->,298,128,->,298,132,->,298,133,->,298,134,->,298,192,->,298,193,->,298,194,->,298,195,->,298,242,->,299,122,->,299,123,->,299,133,->,299,193,->,299,194,->,299,212,->,299,233,->,300,130,->,300,232,->,301,126,->,301,127,->,301,128,->,301,214,->,302,122,->,302,123,->,302,126,->,302,127,->,302,128,->,302,225,->,302,234,->,303,125,->,303,126,->,303,127,->,303,128,->,303,209,->,303,237,->,304,124,->,304,125,->,304,127,->,305,124,->,305,127,->,305,128,->,305,227,->,305,240,->,306,121,->,306,122,->,306,123,->,306,126,->,306,127,->,306,191,->,306,192,->,306,226,->,306,228,->,307,121,->,307,122,->,307,123,->,307,127,->,307,192,->,308,121,->,308,126,->,308,193,->,309,125,->,309,126,->,309,193,->,310,125,->,311,123,->,311,125,->,311,126,->,312,124,->,312,125,->,312,210,->,312,235,->,312,244,->,313,125,->,313,210,->,314,124,->,314,203,->,314,226,->,314,227,->,315,202,->,315,203,->,315,205,->,315,239,->,315,241,->,316,203,->,316,234,->,317,203,->,317,204,->,318,60,->,318,62,->,318,66,->,318,69,->,319,229,->,320,223,->,320,228,->,320,230,->,321,57,->,321,126,->,321,218,->,322,56,->,323,56,->,323,57,->,323,123,->,323,124,->,323,125,->,324,55,->,324,122,->,325,54,->,325,123,->,325,124,->,325,125,->,325,246,->,326,54,->,326,123,->,326,213,->,327,54,->,327,70,->,327,223,->,328,54,->,329,54,->,329,71,->,330,54,->,330,71,->,331,54,->,331,72,->,331,250,->,331,265,->,332,54,->,332,71,->,333,73,->,333,221,->,334,54,->,334,55,->,335,54,->,335,55,->,336,71,->,336,73,->,337,56,->,337,72,->,338,55,->,338,56,->,338,72,->,339,70,->,340,67,->,341,56,->,341,135,->,341,136,->,341,272,->,342,134,->,342,135,->,342,136,->,343,132,->,343,133,->,343,134,->,343,135,->,343,137,->,344,132,->,344,134,->,345,130,->,345,131,->,346,129,->,346,137,->,347,128,->,347,129,->,348,56,->,348,62,->,348,127,->,348,128,->,349,126,->,349,127,->,350,60,->,350,61,->,350,70,->,350,179,->,350,187,->,351,59,->,351,70,->,351,73,->,351,124,->,351,125,->,352,59,->,352,60,->,352,74,->,352,124,->,352,138,->,353,67,->,353,74,->,353,104,->,353,105,->,353,106,->,353,123,->,353,124,->,354,104,->,354,109,->,354,123,->,354,124,->,355,122,->,356,121,->,356,122,->,356,179,->,358,121,->,358,122,->,359,121,->,360,121,->,360,138,->,360,174,->,362,138,->,362,176,->,362,179,->,362,189,->,363,182,->,364,170,->,366,120,->,366,173,->,366,181,->,366,185,->,367,138,->,367,172,->,368,132,->,368,133,->,368,174,->,369,125,->,369,127,->,369,130,->,369,136,->,369,137,->,370,124,->,370,125,->,370,127,->,370,128,->,370,139,->,371,125,->,371,127,->,371,175,->,373,119,->,373,124,->,374,183,->,375,174,->,376,142,->,376,176,->,376,189,->,378,182,->,379,125,->,379,156,->,380,132,->,380,156,->,381,142,->,381,163,->,381,181,->,382,158,->,383,134,->,383,158,->,385,182,->,387,148,->,387,158,->,387,159,->,388,159,->,388,188,->,389,160,->,389,185,->,389,186,->,389,187,->,390,165,->,391,160,->,392,160,->,395,128,->,395,168,->,395,184,->,397,129,->,397,155,->,399,131,->,401,132,->,401,171,->,403,131,->,403,133,->,403,134,->,404,132,->,404,133,->,404,134,->,405,133,->,405,134,->,405,135,->,406,129,->,406,131,->,406,133,->,406,135,->,406,137,->,406,138,->,407,134,->,407,136,->,407,137,->,408,130,->,408,134,->,408,135,->,408,137,->,409,134,->,409,137,->,410,129,->,410,134,->,410,137,->,410,147,->,411,27,->,411,128,->,411,133,->,411,134,->,411,137,->,412,27,->,412,133,->,412,134,->,412,138,->,412,139,->,413,131,->,413,133,->,414,132,->,414,133,->,414,137,->,414,150,->,415,131,->,415,132,->,415,133,->,416,134,->,416,135,->,416,150,->,417,135,->,418,149,->,419,149,->,420,137,->,420,151,->,422,141,->,422,142,->,422,151,->,423,144,->,424,151,->,424,154,->,427,111,->,427,138,->,428,138,->,429,110,->,429,145,->,429,146,->,430,144,->,430,145,->,430,153,->,431,143,->,431,144,->,434,70,->,436,71,->,436,85,->,436,112,->,436,119,->,438,103,->,439,94,->,440,88,->,440,89,->,440,114,->,441,114,->,441,130,->,441,138,->,441,143,->,442,123,->,442,131,->,442,137,->,443,124,->,443,138,->,444,118,->,444,121,->,446,131,->,
6,1704,,2,160,->,2,165,->,2,169,->,3,166,->,4,163,->,4,165,->,5,158,->,5,160,->,5,171,->,6,151,->,6,161,->,7,168,->,9,155,->,9,159,->,12,144,->,16,113,->,16,141,->,17,97,->,17,105,->,18,140,->,21,91,->,21,143,->,23,96,->,24,96,->,25,96,->,27,82,->,27,96,->,28,96,->,30,83,->,30,95,->,30,96,->,31,80,->,31,83,->,31,94,->,31,95,->,31,116,->,32,78,->,32,81,->,34,87,->,35,82,->,35,86,->,35,87,->,35,91,->,36,61,->,37,79,->,38,55,->,39,69,->,39,80,->,40,80,->,44,66,->,44,74,->,45,111,->,45,113,->,46,44,->,46,73,->,47,94,->,47,106,->,47,108,->,47,110,->,47,115,->,48,92,->,48,105,->,48,107,->,49,104,->,49,114,->,50,62,->,50,67,->,50,115,->,51,116,->,52,54,->,52,68,->,52,69,->,52,82,->,52,89,->,52,116,->,52,117,->,52,119,->,53,71,->,53,103,->,54,87,->,55,74,->,56,49,->,56,59,->,56,101,->,57,121,->,58,48,->,59,40,->,59,42,->,59,49,->,59,78,->,60,48,->,60,83,->,60,99,->,62,80,->,62,82,->,63,68,->,63,81,->,63,97,->,63,98,->,64,36,->,64,62,->,64,83,->,64,97,->,64,98,->,65,84,->,67,97,->,69,31,->,69,59,->,69,96,->,70,26,->,70,27,->,70,29,->,70,126,->,71,84,->,72,38,->,72,83,->,73,96,->,74,66,->,75,55,->,75,76,->,77,43,->,79,23,->,79,49,->,79,60,->,79,73,->,79,129,->,80,60,->,80,75,->,81,64,->,81,103,->,81,130,->,81,144,->,82,13,->,82,129,->,82,143,->,83,24,->,83,42,->,83,65,->,83,129,->,83,142,->,84,49,->,84,129,->,84,130,->,84,132,->,84,142,->,85,15,->,85,129,->,85,130,->,86,129,->,86,130,->,87,23,->,87,27,->,87,28,->,87,78,->,87,130,->,88,78,->,88,130,->,89,26,->,89,28,->,89,77,->,89,130,->,90,66,->,90,126,->,91,111,->,91,113,->,91,125,->,91,126,->,91,128,->,92,110,->,92,111,->,92,112,->,92,127,->,93,41,->,93,57,->,93,104,->,93,114,->,93,115,->,93,119,->,93,127,->,94,38,->,94,59,->,94,116,->,95,11,->,95,22,->,95,30,->,95,54,->,95,115,->,95,131,->,96,106,->,96,131,->,97,78,->,97,105,->,97,106,->,97,125,->,97,128,->,97,130,->,97,131,->,98,12,->,98,19,->,98,104,->,98,106,->,99,21,->,99,104,->,99,105,->,100,8,->,100,16,->,101,9,->,101,14,->,101,34,->,102,10,->,102,36,->,103,14,->,103,37,->,103,38,->,103,66,->,104,39,->,105,14,->,105,42,->,105,43,->,107,79,->,108,23,->,108,72,->,109,69,->,109,80,->,110,8,->,110,9,->,110,81,->,111,5,->,112,23,->,113,22,->,114,5,->,114,58,->,116,16,->,118,12,->,118,15,->,118,51,->,118,61,->,119,12,->,120,41,->,121,11,->,121,38,->,121,40,->,122,28,->,122,33,->,122,62,->,122,69,->,124,14,->,124,59,->,125,32,->,125,47,->,127,47,->,128,1,->,128,33,->,129,29,->,129,30,->,130,28,->,130,29,->,130,38,->,131,62,->,133,50,->,135,13,->,137,14,->,140,10,->,141,58,->,142,56,->,142,57,->,142,58,->,142,59,->,143,56,->,143,58,->,144,55,->,145,53,->,145,54,->,145,56,->,146,49,->,146,50,->,146,51,->,146,52,->,146,53,->,146,54,->,146,55,->,147,49,->,147,50,->,147,51,->,147,53,->,147,54,->,147,55,->,148,46,->,148,49,->,148,55,->,148,56,->,149,1,->,149,44,->,149,46,->,149,47,->,149,54,->,149,56,->,149,57,->,150,43,->,150,44,->,150,45,->,150,46,->,150,52,->,150,53,->,150,54,->,150,56,->,150,58,->,151,42,->,151,43,->,151,44,->,151,45,->,151,46,->,151,54,->,152,0,->,152,1,->,152,2,->,152,6,->,152,39,->,152,41,->,152,42,->,152,43,->,152,44,->,152,45,->,152,57,->,153,6,->,153,40,->,153,42,->,153,43,->,153,45,->,153,46,->,153,55,->,153,57,->,154,41,->,154,44,->,154,46,->,154,47,->,154,51,->,154,52,->,154,53,->,154,54,->,154,55,->,154,58,->,154,153,->,154,154,->,155,42,->,155,43,->,155,47,->,155,50,->,155,51,->,155,52,->,155,54,->,155,55,->,155,56,->,155,153,->,155,154,->,155,155,->,155,156,->,156,41,->,156,44,->,156,45,->,156,50,->,156,52,->,156,53,->,157,115,->,157,152,->,157,155,->,158,32,->,158,52,->,158,116,->,158,126,->,158,127,->,158,131,->,158,153,->,158,156,->,158,157,->,159,56,->,159,57,->,159,113,->,159,114,->,159,117,->,159,118,->,159,120,->,159,121,->,159,122,->,159,127,->,159,153,->,160,42,->,160,52,->,160,108,->,160,112,->,160,119,->,160,120,->,160,140,->,160,153,->,161,42,->,161,104,->,161,107,->,161,108,->,161,120,->,161,121,->,161,122,->,161,139,->,161,153,->,162,43,->,162,105,->,162,120,->,162,121,->,162,122,->,163,43,->,163,104,->,163,154,->,163,155,->,164,43,->,164,53,->,164,108,->,164,155,->,164,156,->,164,157,->,165,44,->,165,53,->,165,106,->,165,107,->,165,119,->,165,143,->,166,44,->,166,98,->,166,99,->,166,105,->,166,106,->,166,142,->,167,103,->,167,104,->,167,105,->,167,131,->,167,134,->,168,4,->,168,47,->,168,96,->,168,101,->,168,102,->,168,103,->,168,130,->,168,132,->,169,97,->,169,101,->,169,102,->,169,128,->,169,129,->,169,131,->,170,54,->,170,91,->,170,92,->,170,93,->,170,95,->,170,96,->,170,98,->,170,129,->,170,164,->,171,88,->,171,90,->,171,91,->,171,92,->,171,93,->,171,94,->,171,95,->,171,96,->,171,128,->,171,129,->,171,132,->,172,50,->,172,52,->,172,53,->,172,54,->,172,79,->,172,80,->,172,81,->,172,82,->,172,83,->,172,85,->,172,87,->,172,88,->,172,89,->,172,102,->,172,130,->,173,53,->,173,84,->,173,85,->,173,87,->,173,101,->,173,102,->,173,106,->,173,107,->,173,133,->,173,134,->,174,3,->,174,102,->,174,106,->,174,134,->,175,102,->,175,103,->,175,104,->,175,106,->,175,107,->,175,135,->,175,140,->,175,141,->,176,79,->,176,80,->,176,89,->,176,108,->,176,141,->,177,2,->,177,81,->,177,135,->,177,136,->,177,140,->,177,142,->,177,143,->,178,79,->,178,80,->,178,81,->,178,83,->,178,84,->,178,85,->,178,103,->,178,105,->,178,139,->,178,143,->,179,88,->,179,89,->,179,102,->,180,85,->,181,86,->,181,88,->,181,98,->,181,99,->,181,137,->,181,138,->,181,146,->,181,174,->,182,86,->,182,87,->,182,109,->,182,110,->,182,111,->,182,138,->,182,146,->,182,171,->,182,173,->,182,174,->,182,175,->,183,86,->,183,109,->,183,110,->,183,139,->,183,167,->,183,168,->,183,171,->,183,173,->,184,84,->,184,85,->,184,86,->,184,108,->,184,110,->,184,139,->,184,162,->,184,163,->,184,170,->,184,171,->,184,172,->,184,173,->,184,174,->,185,107,->,185,108,->,185,109,->,185,142,->,185,145,->,185,149,->,185,162,->,185,172,->,185,173,->,185,175,->,186,83,->,186,84,->,186,85,->,186,86,->,186,139,->,186,145,->,186,159,->,186,160,->,186,162,->,186,166,->,186,171,->,187,98,->,187,139,->,187,144,->,187,155,->,187,156,->,187,160,->,188,4,->,188,97,->,188,98,->,188,99,->,188,100,->,188,120,->,188,121,->,188,134,->,188,156,->,188,159,->,188,160,->,188,161,->,188,171,->,188,187,->,188,190,->,189,0,->,189,97,->,189,99,->,189,100,->,189,134,->,189,136,->,189,139,->,189,142,->,189,157,->,189,161,->,189,171,->,189,186,->,189,190,->,189,196,->,190,134,->,190,138,->,190,141,->,190,144,->,190,145,->,190,147,->,190,160,->,190,170,->,190,172,->,190,173,->,190,186,->,190,191,->,191,94,->,191,140,->,191,142,->,191,144,->,191,146,->,191,147,->,191,165,->,191,186,->,191,191,->,192,5,->,192,94,->,192,131,->,192,137,->,192,144,->,192,145,->,192,158,->,192,160,->,192,163,->,192,164,->,192,165,->,192,166,->,192,172,->,192,191,->,192,192,->,192,193,->,192,194,->,192,195,->,192,202,->,193,2,->,193,123,->,193,145,->,193,158,->,193,160,->,193,163,->,193,167,->,193,168,->,193,169,->,193,191,->,193,192,->,194,11,->,194,125,->,194,128,->,194,130,->,194,132,->,194,163,->,194,165,->,194,166,->,194,168,->,194,171,->,195,13,->,195,92,->,195,117,->,195,119,->,195,120,->,195,121,->,195,122,->,195,128,->,195,130,->,195,131,->,195,132,->,195,134,->,195,148,->,195,163,->,195,169,->,195,200,->,196,88,->,196,89,->,196,90,->,196,119,->,196,120,->,196,125,->,196,127,->,196,132,->,196,134,->,196,155,->,196,156,->,196,157,->,196,158,->,197,88,->,197,112,->,197,113,->,197,116,->,197,119,->,197,149,->,197,154,->,197,155,->,197,157,->,197,194,->,197,195,->,197,196,->,197,198,->,197,199,->,197,201,->,198,5,->,198,83,->,198,84,->,198,99,->,198,111,->,198,116,->,198,117,->,198,119,->,198,124,->,198,149,->,198,150,->,198,152,->,198,161,->,198,196,->,198,201,->,199,83,->,199,110,->,199,113,->,199,115,->,199,116,->,199,117,->,199,163,->,199,196,->,199,202,->,199,203,->,200,83,->,200,97,->,200,113,->,200,114,->,201,96,->,201,97,->,201,98,->,201,113,->,201,116,->,201,193,->,201,194,->,201,204,->,202,14,->,202,83,->,202,84,->,202,85,->,202,96,->,202,97,->,202,108,->,202,115,->,202,192,->,202,204,->,202,205,->,203,87,->,203,95,->,203,107,->,203,108,->,203,120,->,203,191,->,203,192,->,203,204,->,203,205,->,204,88,->,204,104,->,204,120,->,204,194,->,204,203,->,204,208,->,205,89,->,205,90,->,205,193,->,205,194,->,205,196,->,205,201,->,205,208,->,205,210,->,206,0,->,206,101,->,206,194,->,206,196,->,206,197,->,206,227,->,207,0,->,207,4,->,207,100,->,207,101,->,207,195,->,207,232,->,208,15,->,208,100,->,208,148,->,208,150,->,208,199,->,208,225,->,208,232,->,208,233,->,209,87,->,209,100,->,209,145,->,209,148,->,209,149,->,209,193,->,209,233,->,210,148,->,210,200,->,210,224,->,210,233,->,210,234,->,211,12,->,211,220,->,211,222,->,211,223,->,211,234,->,212,98,->,212,197,->,212,200,->,212,221,->,212,222,->,212,223,->,212,224,->,212,231,->,212,233,->,212,234,->,213,200,->,213,216,->,213,222,->,213,226,->,214,75,->,214,76,->,214,98,->,214,185,->,214,186,->,214,188,->,214,200,->,214,201,->,214,216,->,214,220,->,214,221,->,214,230,->,214,232,->,215,5,->,215,74,->,215,75,->,215,76,->,215,81,->,215,201,->,215,209,->,215,216,->,215,218,->,215,221,->,215,229,->,215,230,->,216,74,->,216,81,->,216,201,->,216,202,->,216,207,->,216,219,->,216,226,->,216,227,->,216,228,->,217,71,->,217,72,->,217,74,->,217,77,->,217,78,->,217,81,->,217,96,->,217,187,->,217,188,->,217,191,->,217,193,->,217,200,->,217,202,->,217,205,->,217,208,->,217,221,->,217,228,->,217,229,->,217,230,->,217,231,->,218,69,->,218,71,->,218,72,->,218,75,->,218,76,->,218,77,->,218,78,->,218,80,->,218,81,->,218,194,->,218,195,->,218,196,->,218,197,->,218,198,->,218,199,->,218,202,->,218,205,->,218,206,->,218,230,->,219,10,->,219,72,->,219,73,->,219,74,->,219,75,->,219,79,->,219,81,->,219,99,->,219,112,->,219,113,->,219,114,->,219,115,->,219,213,->,219,229,->,220,68,->,220,71,->,220,72,->,220,73,->,220,81,->,220,113,->,220,242,->,221,71,->,221,73,->,221,74,->,221,80,->,221,82,->,221,112,->,221,113,->,221,115,->,221,207,->,221,242,->,222,69,->,222,71,->,222,72,->,222,73,->,222,74,->,222,101,->,222,113,->,222,127,->,222,207,->,222,241,->,222,242,->,223,7,->,223,10,->,223,68,->,223,69,->,223,70,->,223,71,->,223,72,->,223,73,->,223,74,->,223,75,->,223,99,->,223,100,->,223,102,->,223,126,->,223,238,->,223,241,->,223,242,->,223,243,->,224,70,->,224,71,->,224,72,->,224,98,->,224,100,->,224,102,->,224,106,->,224,112,->,224,224,->,224,238,->,224,242,->,224,245,->,225,0,->,225,71,->,225,91,->,225,92,->,225,100,->,225,116,->,225,224,->,225,225,->,225,226,->,225,228,->,225,242,->,225,243,->,226,71,->,226,86,->,226,87,->,226,89,->,226,91,->,226,106,->,226,108,->,226,207,->,226,223,->,226,224,->,226,225,->,226,230,->,226,231,->,226,243,->,227,88,->,227,89,->,227,92,->,227,100,->,227,101,->,227,110,->,227,185,->,227,207,->,227,209,->,227,223,->,227,224,->,227,225,->,227,232,->,227,235,->,228,71,->,228,116,->,228,117,->,228,118,->,228,184,->,228,211,->,228,223,->,228,224,->,229,70,->,229,71,->,229,118,->,229,186,->,229,187,->,229,214,->,229,216,->,229,223,->,229,224,->,230,70,->,230,71,->,230,72,->,230,117,->,230,118,->,230,119,->,230,187,->,230,188,->,230,189,->,230,190,->,230,191,->,230,213,->,230,218,->,230,219,->,230,220,->,230,221,->,230,222,->,230,223,->,230,224,->,231,0,->,231,70,->,231,75,->,231,83,->,231,85,->,231,119,->,231,185,->,231,187,->,231,190,->,231,191,->,231,212,->,231,218,->,231,219,->,231,220,->,231,221,->,231,222,->,231,223,->,231,242,->,232,70,->,232,75,->,232,84,->,232,85,->,232,185,->,232,187,->,232,190,->,232,191,->,232,212,->,232,217,->,232,218,->,232,221,->,233,70,->,233,75,->,233,76,->,233,187,->,233,188,->,233,189,->,233,190,->,233,191,->,233,212,->,233,213,->,233,214,->,233,217,->,234,69,->,234,70,->,234,71,->,234,75,->,234,76,->,234,116,->,234,121,->,234,187,->,234,188,->,234,191,->,234,211,->,234,214,->,234,215,->,235,69,->,235,120,->,235,121,->,235,180,->,235,187,->,235,188,->,235,189,->,235,210,->,236,68,->,236,71,->,236,76,->,236,122,->,236,187,->,236,191,->,236,206,->,236,207,->,236,208,->,236,209,->,236,210,->,236,233,->,237,68,->,237,71,->,237,73,->,237,74,->,237,115,->,237,119,->,237,190,->,237,191,->,237,194,->,237,205,->,237,206,->,237,207,->,237,233,->,238,68,->,238,69,->,238,73,->,238,74,->,238,80,->,238,116,->,238,118,->,238,121,->,238,187,->,238,206,->,238,207,->,238,208,->,238,209,->,238,210,->,238,230,->,238,231,->,239,69,->,239,70,->,239,75,->,239,76,->,239,82,->,239,83,->,239,112,->,239,113,->,239,115,->,239,118,->,239,187,->,239,190,->,239,207,->,239,208,->,239,210,->,239,211,->,239,230,->,239,233,->,239,243,->,239,244,->,240,70,->,240,72,->,240,75,->,240,76,->,240,112,->,240,114,->,240,115,->,240,179,->,240,187,->,240,189,->,240,207,->,240,208,->,240,209,->,240,210,->,240,211,->,240,231,->,240,244,->,241,77,->,241,78,->,241,84,->,241,116,->,241,118,->,241,179,->,241,190,->,241,196,->,241,198,->,241,214,->,242,83,->,242,84,->,242,179,->,242,198,->,243,80,->,243,81,->,243,83,->,243,84,->,243,176,->,243,178,->,243,197,->,243,203,->,243,204,->,243,221,->,243,228,->,244,81,->,244,175,->,244,177,->,244,194,->,244,195,->,244,203,->,244,204,->,244,219,->,244,220,->,244,221,->,244,222,->,244,227,->,244,228,->,244,229,->,244,237,->,244,241,->,245,175,->,245,203,->,245,204,->,245,218,->,246,175,->,246,203,->,246,204,->,246,217,->,247,203,->,247,216,->,247,217,->,248,204,->,248,226,->,248,227,->,249,173,->,249,190,->,250,174,->,251,170,->,251,173,->,251,175,->,251,231,->,252,68,->,252,70,->,252,170,->,252,173,->,252,174,->,253,70,->,253,169,->,254,75,->,254,173,->,255,68,->,255,166,->,256,67,->,256,171,->,258,67,->,258,171,->,259,67,->,259,71,->,259,162,->,259,173,->,260,69,->,260,70,->,260,165,->,260,170,->,260,175,->,261,168,->,261,170,->,261,171,->,261,172,->,261,174,->,261,175,->,262,179,->,262,180,->,263,181,->,264,178,->,264,179,->,265,178,->,265,180,->,266,181,->,272,214,->,272,220,->,273,224,->,276,215,->,276,256,->,276,257,->,277,215,->,277,259,->,278,214,->,278,223,->,279,203,->,279,214,->,279,224,->,280,194,->,280,199,->,280,200,->,280,202,->,281,194,->,281,196,->,281,197,->,281,198,->,281,199,->,281,204,->,281,214,->,282,87,->,282,194,->,282,196,->,282,197,->,282,198,->,283,86,->,283,87,->,283,88,->,283,204,->,283,205,->,283,206,->,283,263,->,284,87,->,284,88,->,284,194,->,284,204,->,284,260,->,284,266,->,285,73,->,285,193,->,285,194,->,285,195,->,285,197,->,285,204,->,285,213,->,285,269,->,286,73,->,286,75,->,286,83,->,286,194,->,286,196,->,286,197,->,286,204,->,286,270,->,287,193,->,287,194,->,287,195,->,287,196,->,287,197,->,287,222,->,287,271,->,288,74,->,288,124,->,288,193,->,288,194,->,288,195,->,288,196,->,288,197,->,288,203,->,288,263,->,289,75,->,289,76,->,289,124,->,289,193,->,289,196,->,289,197,->,289,202,->,289,212,->,289,264,->,290,122,->,290,195,->,290,196,->,290,197,->,290,198,->,290,201,->,290,202,->,291,123,->,291,124,->,291,126,->,291,192,->,291,193,->,291,194,->,291,195,->,291,196,->,291,197,->,291,198,->,291,265,->,292,124,->,292,126,->,292,192,->,292,193,->,292,194,->,292,197,->,292,198,->,292,199,->,292,200,->,292,201,->,292,202,->,292,213,->,292,214,->,292,227,->,293,93,->,293,126,->,293,192,->,293,193,->,293,196,->,293,221,->,294,129,->,294,131,->,294,192,->,294,193,->,294,194,->,294,195,->,294,196,->,294,202,->,294,203,->,294,220,->,295,129,->,295,130,->,295,132,->,295,192,->,295,193,->,295,194,->,295,195,->,295,201,->,295,202,->,295,203,->,296,129,->,296,130,->,296,132,->,296,133,->,296,192,->,296,193,->,296,194,->,296,202,->,296,214,->,297,128,->,297,130,->,297,132,->,297,192,->,297,193,->,297,235,->,298,130,->,298,216,->,299,128,->,299,129,->,299,238,->,300,234,->,304,126,->,304,225,->,304,234,->,305,125,->,305,126,->,305,221,->,306,124,->,306,125,->,307,124,->,307,125,->,307,126,->,308,122,->,308,123,->,308,124,->,308,125,->,308,192,->,309,122,->,309,123,->,309,124,->,309,223,->,310,122,->,310,123,->,310,124,->,310,126,->,310,214,->,311,124,->,312,123,->,313,219,->,314,202,->,317,205,->,317,234,->,318,61,->,318,63,->,318,64,->,318,65,->,318,67,->,318,68,->,318,226,->,318,234,->,318,235,->,319,58,->,319,69,->,319,70,->,319,205,->,320,227,->,320,229,->,320,239,->,321,70,->,321,229,->,322,57,->,323,227,->,324,56,->,324,70,->,324,230,->,324,239,->,325,55,->,325,56,->,325,70,->,325,71,->,326,69,->,326,70,->,327,69,->,327,270,->,328,69,->,328,70,->,329,70,->,330,70,->,331,249,->,332,221,->,333,55,->,333,71,->,334,70,->,335,56,->,335,71,->,335,253,->,336,54,->,336,55,->,336,56,->,336,72,->,337,53,->,337,57,->,337,68,->,337,69,->,338,68,->,338,69,->,338,71,->,341,66,->,342,56,->,342,58,->,342,66,->,343,56,->,344,133,->,345,56,->,345,63,->,345,132,->,345,134,->,345,136,->,346,62,->,346,130,->,346,187,->,347,137,->,349,61,->,349,62,->,349,185,->,350,57,->,350,126,->,352,125,->,353,137,->,353,178,->,353,179,->,353,183,->,355,123,->,356,124,->,356,137,->,356,187,->,357,122,->,357,123,->,357,179,->,358,182,->,358,187,->,359,122,->,361,121,->,361,138,->,362,171,->,362,187,->,363,185,->,366,139,->,367,137,->,367,179,->,367,187,->,368,130,->,368,131,->,368,135,->,368,136,->,368,137,->,368,138,->,368,141,->,369,126,->,369,138,->,369,186,->,370,119,->,370,126,->,371,119,->,371,173,->,371,178,->,372,177,->,374,124,->,374,174,->,378,172,->,378,187,->,379,120,->,379,163,->,379,184,->,379,187,->,380,125,->,381,124,->,381,125,->,381,159,->,382,133,->,382,164,->,382,167,->,383,159,->,383,163,->,385,164,->,386,182,->,388,182,->,388,185,->,390,163,->,390,187,->,392,182,->,393,150,->,394,181,->,397,168,->,398,179,->,400,165,->,400,166,->,405,149,->,409,135,->,409,136,->,409,156,->,410,135,->,410,136,->,410,138,->,411,29,->,411,136,->,411,138,->,412,29,->,412,135,->,413,30,->,413,132,->,413,134,->,413,136,->,413,137,->,414,136,->,415,135,->,415,136,->,421,138,->,421,139,->,424,134,->,425,134,->,426,146,->,427,134,->,427,135,->,428,139,->,429,137,->,430,143,->,430,147,->,431,111,->,433,133,->,436,87,->,437,69,->,438,89,->,439,78,->,439,79,->,439,90,->,439,91,->,440,78,->,440,122,->,441,122,->,441,144,->,442,113,->,444,130,->,445,121,->,445,127,->,445,128,->,
7,1163,,2,171,->,3,160,->,4,171,->,5,153,->,5,155,->,6,158,->,6,162,->,8,122,->,9,118,->,10,139,->,10,140,->,10,141,->,12,122,->,12,143,->,13,156,->,16,143,->,19,143,->,20,143,->,20,144,->,21,96,->,21,144,->,22,98,->,24,95,->,25,95,->,25,106,->,26,95,->,27,137,->,28,104,->,30,82,->,30,84,->,30,89,->,30,101,->,30,136,->,31,92,->,31,100,->,31,138,->,32,86,->,33,78,->,38,76,->,39,74,->,39,78,->,39,83,->,41,59,->,43,66,->,45,112,->,46,81,->,46,112,->,46,114,->,47,81,->,47,109,->,47,112,->,47,114,->,48,108,->,48,109,->,48,113,->,48,114,->,49,62,->,51,114,->,52,114,->,52,115,->,53,58,->,53,63,->,53,80,->,53,114,->,53,115,->,53,116,->,53,117,->,56,43,->,57,51,->,57,100,->,58,77,->,59,67,->,59,100,->,60,77,->,60,82,->,60,100,->,60,122,->,61,47,->,61,73,->,62,97,->,62,123,->,63,65,->,63,69,->,63,74,->,63,99,->,64,26,->,64,37,->,64,124,->,66,52,->,67,73,->,67,125,->,68,75,->,68,98,->,69,26,->,69,28,->,70,35,->,71,35,->,72,65,->,72,97,->,72,127,->,73,97,->,74,48,->,75,97,->,77,25,->,78,52,->,79,104,->,81,54,->,81,99,->,81,129,->,82,25,->,82,66,->,82,100,->,84,12,->,84,29,->,85,26,->,85,29,->,85,128,->,86,51,->,87,75,->,87,129,->,88,24,->,88,31,->,88,129,->,89,23,->,89,116,->,89,127,->,90,26,->,90,48,->,90,125,->,90,127,->,90,128,->,91,13,->,91,31,->,91,52,->,91,112,->,91,114,->,91,123,->,91,124,->,91,127,->,92,114,->,92,116,->,92,118,->,92,119,->,92,120,->,92,121,->,93,37,->,93,116,->,93,118,->,94,19,->,94,22,->,94,109,->,95,49,->,95,105,->,95,108,->,96,9,->,96,50,->,96,60,->,96,107,->,97,52,->,97,63,->,97,107,->,99,66,->,99,67,->,100,15,->,100,67,->,101,15,->,101,16,->,103,26,->,103,44,->,104,26,->,105,26,->,107,20,->,107,69,->,108,69,->,108,79,->,109,26,->,109,79,->,110,6,->,110,10,->,111,80,->,113,30,->,113,42,->,113,45,->,113,48,->,114,18,->,114,54,->,115,21,->,115,38,->,115,55,->,116,68,->,117,55,->,118,55,->,119,20,->,119,37,->,120,4,->,120,12,->,120,13,->,120,45,->,121,15,->,124,29,->,127,31,->,127,33,->,127,57,->,128,12,->,128,32,->,129,60,->,132,1,->,133,53,->,134,11,->,134,55,->,135,54,->,138,7,->,138,43,->,143,55,->,143,57,->,145,22,->,148,3,->,149,20,->,150,21,->,155,45,->,155,46,->,155,49,->,155,53,->,156,0,->,156,43,->,156,46,->,156,47,->,156,49,->,156,51,->,156,154,->,157,42,->,157,43,->,157,45,->,157,49,->,157,129,->,157,130,->,158,42,->,158,115,->,158,117,->,158,128,->,158,130,->,158,132,->,158,154,->,158,155,->,159,115,->,159,116,->,159,128,->,159,130,->,159,154,->,160,5,->,160,51,->,160,110,->,160,111,->,160,114,->,160,118,->,160,121,->,160,158,->,161,52,->,161,109,->,161,110,->,161,118,->,161,119,->,161,124,->,161,154,->,162,103,->,162,104,->,162,107,->,162,109,->,162,119,->,162,123,->,162,140,->,162,159,->,163,109,->,163,119,->,163,120,->,163,121,->,163,122,->,163,156,->,163,159,->,164,102,->,164,103,->,164,109,->,164,110,->,164,119,->,164,120,->,164,121,->,165,100,->,165,108,->,165,109,->,165,121,->,166,45,->,166,104,->,166,107,->,166,108,->,166,114,->,166,116,->,166,135,->,166,143,->,167,45,->,167,99,->,167,100,->,167,101,->,167,108,->,167,115,->,167,116,->,167,132,->,167,133,->,168,53,->,168,97,->,168,98,->,168,99,->,168,100,->,168,104,->,168,106,->,168,107,->,168,129,->,168,131,->,169,5,->,169,48,->,169,96,->,169,99,->,169,100,->,169,103,->,170,4,->,170,6,->,170,94,->,170,97,->,170,102,->,170,103,->,170,107,->,171,50,->,171,52,->,171,53,->,171,89,->,171,102,->,171,103,->,171,106,->,171,107,->,172,4,->,172,103,->,172,106,->,172,108,->,172,132,->,173,4,->,173,103,->,173,104,->,173,108,->,174,103,->,174,104,->,174,107,->,175,105,->,175,139,->,177,82,->,178,1,->,178,82,->,178,106,->,178,107,->,178,140,->,178,141,->,178,142,->,179,2,->,179,136,->,179,144,->,179,145,->,180,2,->,180,136,->,180,147,->,181,2,->,181,100,->,181,145,->,181,172,->,182,99,->,182,139,->,182,145,->,183,98,->,183,111,->,183,140,->,183,144,->,183,172,->,184,98,->,184,136,->,184,142,->,184,143,->,184,144,->,184,166,->,184,169,->,185,84,->,185,98,->,185,141,->,185,148,->,185,160,->,185,163,->,185,166,->,186,98,->,186,99,->,186,106,->,186,108,->,186,120,->,186,121,->,186,135,->,186,144,->,186,146,->,186,151,->,186,161,->,186,163,->,187,99,->,187,114,->,187,116,->,187,121,->,187,135,->,187,143,->,187,151,->,187,152,->,187,153,->,187,154,->,187,162,->,187,163,->,187,167,->,187,171,->,188,2,->,188,5,->,188,122,->,188,138,->,188,142,->,188,143,->,188,144,->,188,169,->,188,188,->,189,2,->,189,98,->,189,143,->,189,148,->,189,172,->,189,187,->,189,189,->,189,192,->,190,96,->,190,99,->,190,100,->,190,131,->,190,142,->,190,143,->,190,146,->,190,148,->,190,171,->,190,190,->,190,192,->,190,197,->,191,95,->,191,100,->,191,136,->,191,137,->,191,143,->,191,169,->,191,187,->,191,197,->,192,9,->,192,136,->,192,146,->,192,147,->,192,154,->,192,156,->,192,187,->,193,125,->,193,126,->,193,129,->,193,135,->,193,136,->,193,137,->,193,146,->,193,147,->,193,159,->,193,164,->,193,165,->,193,173,->,193,189,->,194,93,->,194,114,->,194,115,->,194,121,->,194,122,->,194,123,->,194,126,->,194,127,->,194,131,->,194,136,->,194,147,->,194,158,->,194,159,->,194,164,->,194,172,->,194,173,->,195,114,->,195,115,->,195,116,->,195,118,->,195,125,->,195,155,->,195,156,->,195,158,->,195,159,->,195,165,->,195,166,->,195,173,->,196,113,->,196,115,->,196,116,->,196,117,->,196,118,->,196,148,->,196,153,->,196,154,->,196,165,->,197,10,->,197,89,->,197,111,->,197,115,->,197,117,->,197,151,->,197,153,->,197,197,->,198,10,->,198,110,->,198,113,->,198,114,->,198,115,->,198,118,->,198,151,->,198,198,->,198,200,->,199,84,->,199,98,->,199,100,->,199,197,->,200,99,->,200,109,->,200,116,->,200,196,->,200,203,->,201,1,->,201,2,->,201,11,->,201,109,->,201,115,->,201,203,->,202,2,->,202,8,->,202,10,->,202,11,->,202,86,->,202,95,->,202,98,->,202,193,->,203,86,->,203,97,->,203,98,->,203,99,->,203,106,->,203,193,->,203,203,->,204,89,->,204,90,->,204,94,->,204,101,->,204,103,->,204,201,->,204,202,->,204,228,->,204,229,->,205,91,->,205,92,->,205,197,->,205,198,->,205,199,->,205,200,->,205,227,->,205,228,->,205,230,->,205,231,->,205,232,->,206,90,->,206,100,->,206,228,->,206,230,->,206,231,->,207,6,->,207,89,->,207,196,->,207,197,->,207,198,->,207,227,->,207,228,->,207,230,->,207,231,->,208,3,->,208,144,->,208,147,->,208,194,->,208,195,->,208,196,->,208,197,->,208,198,->,208,226,->,208,227,->,208,230,->,209,147,->,209,194,->,209,195,->,209,196,->,209,199,->,209,225,->,209,232,->,210,86,->,210,146,->,210,147,->,210,193,->,210,194,->,210,195,->,210,199,->,211,7,->,211,98,->,211,193,->,211,194,->,211,198,->,211,199,->,211,224,->,211,231,->,211,233,->,212,97,->,212,193,->,212,198,->,212,199,->,212,227,->,212,230,->,213,16,->,213,97,->,213,190,->,213,199,->,213,221,->,213,223,->,213,224,->,213,225,->,213,227,->,214,8,->,214,82,->,214,187,->,214,189,->,214,222,->,214,224,->,214,225,->,214,226,->,214,227,->,214,228,->,214,231,->,215,1,->,215,97,->,215,200,->,215,207,->,215,222,->,215,224,->,215,225,->,215,226,->,215,227,->,215,228,->,215,231,->,216,73,->,216,187,->,216,200,->,216,208,->,216,220,->,216,221,->,216,223,->,216,229,->,217,0,->,217,97,->,217,207,->,218,207,->,218,225,->,219,71,->,219,77,->,219,78,->,219,98,->,220,70,->,220,75,->,220,77,->,220,98,->,220,114,->,220,115,->,220,207,->,221,70,->,221,72,->,221,75,->,221,76,->,221,78,->,221,95,->,221,97,->,221,98,->,221,100,->,221,114,->,221,243,->,222,70,->,222,75,->,222,76,->,222,77,->,222,78,->,222,83,->,222,94,->,222,95,->,222,112,->,222,115,->,222,116,->,222,221,->,222,243,->,223,94,->,223,101,->,223,112,->,223,115,->,223,116,->,223,207,->,223,239,->,223,240,->,223,244,->,224,73,->,224,91,->,224,93,->,224,94,->,224,116,->,224,223,->,225,86,->,225,87,->,225,90,->,225,93,->,225,207,->,225,223,->,226,88,->,226,208,->,226,226,->,226,227,->,226,228,->,226,229,->,227,87,->,227,90,->,227,222,->,227,226,->,227,227,->,227,231,->,227,242,->,228,89,->,228,90,->,228,91,->,228,185,->,228,212,->,228,215,->,228,220,->,228,222,->,228,225,->,228,233,->,229,117,->,229,185,->,229,218,->,229,220,->,229,221,->,229,222,->,229,225,->,229,242,->,230,185,->,230,186,->,230,242,->,231,71,->,231,72,->,231,73,->,231,186,->,231,224,->,232,71,->,232,72,->,232,73,->,232,74,->,232,186,->,232,219,->,233,71,->,233,72,->,233,73,->,233,74,->,233,211,->,233,218,->,233,243,->,234,72,->,234,73,->,234,74,->,234,189,->,234,190,->,234,212,->,234,213,->,234,216,->,235,71,->,235,72,->,235,73,->,235,75,->,235,191,->,235,215,->,235,243,->,236,69,->,236,72,->,236,73,->,236,188,->,236,189,->,236,190,->,236,214,->,236,243,->,237,70,->,237,72,->,237,75,->,237,77,->,237,187,->,237,188,->,237,189,->,237,208,->,237,209,->,237,210,->,237,211,->,237,230,->,237,232,->,237,242,->,237,243,->,238,70,->,238,75,->,238,78,->,238,81,->,238,189,->,238,190,->,238,211,->,238,212,->,238,233,->,238,243,->,239,72,->,239,81,->,239,188,->,239,189,->,239,209,->,240,77,->,240,82,->,240,188,->,240,212,->,240,213,->,240,243,->,241,188,->,241,231,->,242,80,->,242,81,->,242,118,->,242,219,->,242,230,->,242,231,->,243,82,->,243,215,->,243,219,->,243,220,->,243,222,->,243,223,->,243,224,->,243,226,->,243,227,->,243,230,->,244,176,->,244,178,->,244,215,->,244,216,->,244,218,->,245,176,->,245,177,->,245,216,->,246,176,->,246,178,->,246,216,->,247,174,->,247,175,->,247,176,->,247,204,->,248,174,->,248,175,->,249,174,->,249,176,->,250,173,->,252,169,->,252,172,->,253,72,->,253,168,->,253,170,->,253,171,->,253,172,->,253,173,->,254,74,->,254,168,->,254,170,->,254,171,->,255,164,->,255,172,->,256,165,->,256,170,->,259,68,->,260,168,->,260,169,->,260,177,->,260,222,->,261,169,->,261,173,->,261,176,->,261,177,->,261,178,->,263,178,->,263,179,->,263,180,->,265,179,->,265,181,->,266,180,->,275,209,->,277,258,->,278,258,->,279,201,->,280,195,->,280,201,->,280,203,->,281,195,->,281,201,->,282,199,->,283,194,->,283,195,->,283,196,->,283,197,->,283,198,->,283,199,->,283,203,->,284,195,->,284,196,->,284,197,->,284,201,->,284,202,->,284,203,->,284,214,->,284,226,->,284,261,->,284,262,->,284,263,->,284,264,->,285,74,->,285,84,->,285,196,->,285,203,->,285,268,->,286,74,->,286,195,->,286,198,->,286,200,->,286,202,->,286,203,->,286,229,->,287,77,->,287,201,->,287,202,->,287,203,->,287,224,->,287,261,->,288,75,->,288,199,->,288,201,->,288,202,->,288,220,->,288,229,->,288,262,->,288,265,->,289,194,->,289,195,->,289,199,->,289,201,->,289,228,->,289,265,->,289,271,->,290,124,->,290,193,->,290,194,->,290,199,->,290,200,->,290,265,->,291,199,->,291,266,->,292,195,->,292,196,->,292,228,->,293,124,->,293,129,->,293,131,->,293,194,->,293,195,->,293,213,->,293,225,->,294,201,->,294,234,->,295,131,->,295,224,->,296,131,->,297,129,->,297,237,->,298,129,->,298,131,->,299,130,->,299,131,->,301,211,->,302,239,->,307,224,->,312,220,->,312,223,->,314,239,->,315,225,->,315,235,->,319,59,->,320,70,->,320,242,->,321,58,->,322,68,->,322,70,->,322,245,->,323,69,->,323,216,->,324,69,->,325,69,->,325,237,->,326,225,->,330,225,->,330,274,->,331,55,->,332,70,->,334,56,->,334,71,->,334,219,->,334,253,->,335,215,->,336,57,->,337,58,->,337,67,->,337,71,->,337,214,->,338,58,->,338,60,->,338,70,->,339,57,->,339,66,->,339,67,->,340,57,->,341,57,->,343,136,->,344,135,->,344,136,->,345,135,->,345,189,->,346,56,->,346,131,->,347,56,->,347,62,->,347,130,->,347,132,->,347,136,->,347,191,->,348,129,->,349,60,->,349,128,->,350,127,->,350,189,->,351,58,->,351,60,->,351,126,->,351,137,->,352,137,->,353,125,->,354,137,->,355,124,->,355,137,->,356,123,->,358,137,->,358,176,->,358,186,->,359,178,->,360,178,->,361,171,->,361,184,->,363,138,->,364,179,->,365,182,->,365,185,->,365,187,->,367,130,->,367,136,->,368,126,->,368,134,->,368,139,->,369,124,->,371,120,->,372,182,->,373,120,->,376,124,->,376,181,->,377,120,->,378,121,->,379,121,->,379,122,->,379,180,->,380,123,->,380,124,->,380,164,->,383,180,->,384,188,->,385,161,->,385,186,->,387,167,->,389,181,->,390,169,->,390,182,->,392,155,->,393,168,->,393,171,->,393,172,->,394,154,->,395,161,->,399,156,->,401,151,->,409,149,->,411,149,->,412,28,->,412,136,->,413,135,->,414,135,->,415,134,->,416,136,->,416,137,->,421,137,->,422,136,->,424,145,->,427,136,->,428,136,->,429,141,->,429,142,->,430,111,->,432,113,->,432,114,->,435,68,->,436,68,->,436,69,->,436,70,->,436,121,->,437,70,->,437,99,->,438,99,->,439,88,->,439,118,->,440,133,->,440,138,->,440,139,->,440,140,->,445,117,->,445,118,->,445,132,->,445,136,->,445,138,->,446,132,->,
8,1015,,3,170,->,4,160,->,4,164,->,4,166,->,4,169,->,5,170,->,9,121,->,9,148,->,10,146,->,10,149,->,11,142,->,11,147,->,11,148,->,11,155,->,11,156,->,12,156,->,12,157,->,14,142,->,14,145,->,15,101,->,15,144,->,16,101,->,19,96,->,19,145,->,21,95,->,22,95,->,22,102,->,26,100,->,26,102,->,27,77,->,28,93,->,28,106,->,28,136,->,30,94,->,32,69,->,33,137,->,37,59,->,37,72,->,37,80,->,37,88,->,39,55,->,40,71,->,42,75,->,42,81,->,43,80,->,44,77,->,45,80,->,45,81,->,46,80,->,46,113,->,47,113,->,48,106,->,48,111,->,48,112,->,49,113,->,50,45,->,50,82,->,50,104,->,50,113,->,51,104,->,51,113,->,52,78,->,53,118,->,53,119,->,54,102,->,54,116,->,55,120,->,56,75,->,56,115,->,57,76,->,57,101,->,58,76,->,58,84,->,59,56,->,59,77,->,60,46,->,62,56,->,62,58,->,63,28,->,63,73,->,63,83,->,63,123,->,65,42,->,65,59,->,65,98,->,65,124,->,66,98,->,67,64,->,67,98,->,67,124,->,69,24,->,69,75,->,70,28,->,70,78,->,71,126,->,73,81,->,74,23,->,74,97,->,74,127,->,75,20,->,75,22,->,75,48,->,76,78,->,78,21,->,78,103,->,78,104,->,79,65,->,79,98,->,80,104,->,80,129,->,81,37,->,81,102,->,81,104,->,82,37,->,82,63,->,82,64,->,82,75,->,82,102,->,83,23,->,83,37,->,83,102,->,84,11,->,84,30,->,84,35,->,84,120,->,85,9,->,85,10,->,85,11,->,85,24,->,85,38,->,86,39,->,87,30,->,87,39,->,87,128,->,88,18,->,88,22,->,88,39,->,88,47,->,88,103,->,88,128,->,89,103,->,89,124,->,89,128,->,89,129,->,90,112,->,90,116,->,90,123,->,90,124,->,91,15,->,91,32,->,91,117,->,91,118,->,91,119,->,91,120,->,91,121,->,91,122,->,92,33,->,92,104,->,92,115,->,92,117,->,93,117,->,94,23,->,94,56,->,94,105,->,95,106,->,95,107,->,96,105,->,103,32,->,103,33,->,103,55,->,104,44,->,106,8,->,106,68,->,107,23,->,107,55,->,108,6,->,108,10,->,109,78,->,110,80,->,111,21,->,111,22,->,111,62,->,111,81,->,112,49,->,112,52,->,112,64,->,113,29,->,114,6,->,114,53,->,117,11,->,118,11,->,118,14,->,119,11,->,120,18,->,121,12,->,121,56,->,122,7,->,122,34,->,122,57,->,122,58,->,123,59,->,125,44,->,125,45,->,127,12,->,127,15,->,129,13,->,129,28,->,130,13,->,130,30,->,130,31,->,130,37,->,131,14,->,132,14,->,134,0,->,134,6,->,135,25,->,141,20,->,145,32,->,148,6,->,149,7,->,149,9,->,151,1,->,156,48,->,157,44,->,157,46,->,157,47,->,157,48,->,157,50,->,157,51,->,158,43,->,158,50,->,158,51,->,158,129,->,159,42,->,159,43,->,159,50,->,159,51,->,159,119,->,159,129,->,159,157,->,160,43,->,160,113,->,160,115,->,160,116,->,160,117,->,160,125,->,160,126,->,160,132,->,160,154,->,160,156,->,161,2,->,161,10,->,161,43,->,161,115,->,161,116,->,161,117,->,161,134,->,161,159,->,162,52,->,162,106,->,162,114,->,162,118,->,162,154,->,162,158,->,163,44,->,163,52,->,163,103,->,163,105,->,163,106,->,163,110,->,163,116,->,163,157,->,163,158,->,164,44,->,164,52,->,164,104,->,164,106,->,164,117,->,164,122,->,165,45,->,165,51,->,165,101,->,165,102,->,165,103,->,165,105,->,165,110,->,165,115,->,165,116,->,165,118,->,166,52,->,166,100,->,166,101,->,166,109,->,166,111,->,166,113,->,166,115,->,166,117,->,166,118,->,166,119,->,166,134,->,166,136,->,166,137,->,166,138,->,167,46,->,167,102,->,167,106,->,167,107,->,167,111,->,167,114,->,167,130,->,168,1,->,168,105,->,168,108,->,169,52,->,169,53,->,169,95,->,169,98,->,169,104,->,169,105,->,169,106,->,169,108,->,170,49,->,170,52,->,170,53,->,170,104,->,170,108,->,170,128,->,171,1,->,171,2,->,171,7,->,171,51,->,171,104,->,171,108,->,172,51,->,172,104,->,172,105,->,172,107,->,172,128,->,172,129,->,173,105,->,173,131,->,173,132,->,174,108,->,174,133,->,175,108,->,175,134,->,176,134,->,177,80,->,177,134,->,178,3,->,178,108,->,178,109,->,178,135,->,179,103,->,179,104,->,179,139,->,179,140,->,179,141,->,179,143,->,180,101,->,180,139,->,180,143,->,180,144,->,180,145,->,181,101,->,181,112,->,182,100,->,182,144,->,183,99,->,183,107,->,183,108,->,184,1,->,184,3,->,184,99,->,184,111,->,184,140,->,184,167,->,184,168,->,185,99,->,185,106,->,185,135,->,185,143,->,185,147,->,185,167,->,186,100,->,186,107,->,186,109,->,186,119,->,186,147,->,186,150,->,187,1,->,187,100,->,187,101,->,187,102,->,187,107,->,187,108,->,187,120,->,187,122,->,187,133,->,187,134,->,187,145,->,187,146,->,187,147,->,187,161,->,187,168,->,188,1,->,188,101,->,188,116,->,188,133,->,188,147,->,188,155,->,188,170,->,189,4,->,189,121,->,189,130,->,189,133,->,189,144,->,189,145,->,189,147,->,189,149,->,189,155,->,189,156,->,189,170,->,189,188,->,189,195,->,190,97,->,190,98,->,190,101,->,190,130,->,190,135,->,190,149,->,190,169,->,191,115,->,191,131,->,191,132,->,191,148,->,191,149,->,191,157,->,191,170,->,191,172,->,191,188,->,191,192,->,191,193,->,192,95,->,192,115,->,192,123,->,192,124,->,192,127,->,192,128,->,192,130,->,192,133,->,192,134,->,192,148,->,192,149,->,192,150,->,192,157,->,192,170,->,192,173,->,193,94,->,193,119,->,193,121,->,193,122,->,193,124,->,193,127,->,193,128,->,193,131,->,193,132,->,193,134,->,193,149,->,193,150,->,193,155,->,193,156,->,193,166,->,193,172,->,193,190,->,194,113,->,194,120,->,194,133,->,194,134,->,194,135,->,194,148,->,194,149,->,194,154,->,194,155,->,194,156,->,194,157,->,195,111,->,195,133,->,195,150,->,195,154,->,196,16,->,196,91,->,196,111,->,196,114,->,196,149,->,197,17,->,197,90,->,197,110,->,197,114,->,197,150,->,197,152,->,198,7,->,198,85,->,198,86,->,198,87,->,198,88,->,198,89,->,198,100,->,198,197,->,198,199,->,199,85,->,199,109,->,199,114,->,199,198,->,199,201,->,200,84,->,200,96,->,200,100,->,200,202,->,201,12,->,201,84,->,201,85,->,201,95,->,201,99,->,201,100,->,201,108,->,201,195,->,202,87,->,202,99,->,202,107,->,202,194,->,202,195,->,202,203,->,203,1,->,203,2,->,203,14,->,203,88,->,203,89,->,203,96,->,203,104,->,203,105,->,203,200,->,203,201,->,204,91,->,204,92,->,204,93,->,204,95,->,204,97,->,204,102,->,204,199,->,204,200,->,205,93,->,205,100,->,205,101,->,205,102,->,205,195,->,205,229,->,206,12,->,206,229,->,207,146,->,207,229,->,208,8,->,208,88,->,208,99,->,208,228,->,208,231,->,209,99,->,209,146,->,209,198,->,209,226,->,209,227,->,210,98,->,210,196,->,210,197,->,210,198,->,210,226,->,210,231,->,210,232,->,211,85,->,211,97,->,211,192,->,211,195,->,211,196,->,211,197,->,211,225,->,211,226,->,211,227,->,211,228,->,211,229,->,211,232,->,212,191,->,212,225,->,212,229,->,212,232,->,213,228,->,213,229,->,213,230,->,213,232,->,214,7,->,214,199,->,214,223,->,214,229,->,215,96,->,215,186,->,215,199,->,215,223,->,216,1,->,216,96,->,216,97,->,216,186,->,216,188,->,216,189,->,216,192,->,216,209,->,216,224,->,216,225,->,217,195,->,217,210,->,217,222,->,217,224,->,217,227,->,218,97,->,218,208,->,218,227,->,218,228,->,219,97,->,219,207,->,220,76,->,220,78,->,220,96,->,220,97,->,220,208,->,220,214,->,221,77,->,221,96,->,221,99,->,221,208,->,221,214,->,221,217,->,222,99,->,222,114,->,222,208,->,222,214,->,222,220,->,222,244,->,223,85,->,223,91,->,223,93,->,223,114,->,223,215,->,223,222,->,224,85,->,224,86,->,224,88,->,224,89,->,224,90,->,224,92,->,224,114,->,224,207,->,224,215,->,224,216,->,225,88,->,225,215,->,225,221,->,225,222,->,226,90,->,226,220,->,226,221,->,226,222,->,226,242,->,227,91,->,227,215,->,227,221,->,227,228,->,227,229,->,227,230,->,228,5,->,228,214,->,228,216,->,228,217,->,228,219,->,228,221,->,228,227,->,228,232,->,228,234,->,229,3,->,229,219,->,230,225,->,231,241,->,232,220,->,232,222,->,232,223,->,232,224,->,232,225,->,232,242,->,233,220,->,233,221,->,233,235,->,233,242,->,234,242,->,235,70,->,235,74,->,235,190,->,235,211,->,235,212,->,235,213,->,235,214,->,235,233,->,235,234,->,236,70,->,236,74,->,236,75,->,236,192,->,236,211,->,236,213,->,236,232,->,236,242,->,237,69,->,237,76,->,237,192,->,237,212,->,237,213,->,237,240,->,238,71,->,238,72,->,238,76,->,238,188,->,238,213,->,239,71,->,239,77,->,239,79,->,239,80,->,239,212,->,239,213,->,239,214,->,239,242,->,240,81,->,240,214,->,240,230,->,241,79,->,241,81,->,241,82,->,242,82,->,242,215,->,242,218,->,242,220,->,243,216,->,243,218,->,243,229,->,244,217,->,244,239,->,245,178,->,245,217,->,246,177,->,247,177,->,248,176,->,249,175,->,250,175,->,252,171,->,253,167,->,254,69,->,254,166,->,254,167,->,254,169,->,255,74,->,255,165,->,255,167,->,255,170,->,255,171,->,256,73,->,256,74,->,256,162,->,256,164,->,256,166,->,256,169,->,257,67,->,257,72,->,257,170,->,259,170,->,259,171,->,259,172,->,259,228,->,260,166,->,260,167,->,260,171,->,260,172,->,260,173,->,260,174,->,260,176,->,262,178,->,275,210,->,277,257,->,278,229,->,281,200,->,281,202,->,281,203,->,282,195,->,282,200,->,282,202,->,282,203,->,284,198,->,284,199,->,284,200,->,284,265,->,285,75,->,285,198,->,285,200,->,285,201,->,285,202,->,286,199,->,286,213,->,286,261,->,287,75,->,287,76,->,287,198,->,287,199,->,287,200,->,287,214,->,287,262,->,287,263,->,288,200,->,288,264,->,288,271,->,289,198,->,289,266,->,290,266,->,291,269,->,292,222,->,292,266,->,292,267,->,293,269,->,300,211,->,301,240,->,302,211,->,304,213,->,306,221,->,309,229,->,310,229,->,313,215,->,314,217,->,316,205,->,317,238,->,318,217,->,318,240,->,319,64,->,319,68,->,319,211,->,320,58,->,320,68,->,320,69,->,321,59,->,321,60,->,321,69,->,321,217,->,321,242,->,321,245,->,322,58,->,322,59,->,322,64,->,322,65,->,322,69,->,322,211,->,322,241,->,323,58,->,323,65,->,323,67,->,323,68,->,323,233,->,324,57,->,324,66,->,324,67,->,325,66,->,325,67,->,325,228,->,326,68,->,327,222,->,328,231,->,330,68,->,330,69,->,331,64,->,331,70,->,331,224,->,333,56,->,333,57,->,333,70,->,333,222,->,333,223,->,333,278,->,335,70,->,336,59,->,336,66,->,336,70,->,336,219,->,337,70,->,338,57,->,338,66,->,338,67,->,338,269,->,339,65,->,340,59,->,340,66,->,341,58,->,342,57,->,342,65,->,343,65,->,344,56,->,345,57,->,345,133,->,346,132,->,346,133,->,346,134,->,346,135,->,346,136,->,346,192,->,347,131,->,347,133,->,347,135,->,348,61,->,348,130,->,348,131,->,348,135,->,349,57,->,349,58,->,349,129,->,349,130,->,349,137,->,350,58,->,350,128,->,350,129,->,351,127,->,351,128,->,352,126,->,352,127,->,352,185,->,354,125,->,358,123,->,359,137,->,360,122,->,363,181,->,364,180,->,364,181,->,365,137,->,366,138,->,366,167,->,366,168,->,367,120,->,367,131,->,367,134,->,367,139,->,368,120,->,368,125,->,368,128,->,368,129,->,368,140,->,369,128,->,370,120,->,372,120,->,374,176,->,375,123,->,375,143,->,375,149,->,377,124,->,377,138,->,377,139,->,378,120,->,378,162,->,379,123,->,379,124,->,379,135,->,379,165,->,382,150,->,383,144,->,383,166,->,385,189,->,386,158,->,387,153,->,388,155,->,389,154,->,389,167,->,390,174,->,391,144,->,391,153,->,391,157,->,391,167,->,393,156,->,393,173,->,394,165,->,394,173,->,397,154,->,397,175,->,398,154,->,399,147,->,405,144,->,405,151,->,406,151,->,411,135,->,412,137,->,414,134,->,421,136,->,424,144,->,425,145,->,433,112,->,433,118,->,434,113,->,436,99,->,436,100,->,437,118,->,438,139,->,439,106,->,439,146,->,441,104,->,441,134,->,444,133,->,446,126,->,446,130,->,
9,833,,2,157,->,4,173,->,9,119,->,9,149,->,9,150,->,10,120,->,10,121,->,11,110,->,11,118,->,11,119,->,12,142,->,14,107,->,15,102,->,16,99,->,16,107,->,17,140,->,19,146,->,22,94,->,24,103,->,24,104,->,26,80,->,29,76,->,32,68,->,33,65,->,33,66,->,33,67,->,33,76,->,34,74,->,35,76,->,35,77,->,36,79,->,40,55,->,41,70,->,41,71,->,41,79,->,46,82,->,47,44,->,47,111,->,49,75,->,49,86,->,49,89,->,49,92,->,49,105,->,49,106,->,49,112,->,50,66,->,50,105,->,51,70,->,51,92,->,52,91,->,52,113,->,53,83,->,54,41,->,54,46,->,54,80,->,54,114,->,54,115,->,55,114,->,55,115,->,55,116,->,55,117,->,56,47,->,56,120,->,57,49,->,57,52,->,57,59,->,58,100,->,58,101,->,58,102,->,58,121,->,59,60,->,59,68,->,59,101,->,60,37,->,60,47,->,60,78,->,60,79,->,60,80,->,60,85,->,60,86,->,60,101,->,61,56,->,61,79,->,61,100,->,62,81,->,63,57,->,64,58,->,64,59,->,64,63,->,64,68,->,65,38,->,65,60,->,65,71,->,65,76,->,65,83,->,65,99,->,66,25,->,66,124,->,68,22,->,70,82,->,71,34,->,71,49,->,72,45,->,73,35,->,74,35,->,75,34,->,75,102,->,76,34,->,77,102,->,77,103,->,77,104,->,78,102,->,78,105,->,79,102,->,79,105,->,81,25,->,81,105,->,81,110,->,82,103,->,82,104,->,83,27,->,83,101,->,83,103,->,83,120,->,83,121,->,84,38,->,84,43,->,84,52,->,84,103,->,84,121,->,85,75,->,85,103,->,85,119,->,85,121,->,86,33,->,86,102,->,86,128,->,87,21,->,87,48,->,87,51,->,87,127,->,88,116,->,88,126,->,88,127,->,89,25,->,89,114,->,89,125,->,89,126,->,90,25,->,90,113,->,90,114,->,90,115,->,91,64,->,91,116,->,93,24,->,93,109,->,94,108,->,96,77,->,98,21,->,98,77,->,99,63,->,100,13,->,100,14,->,101,21,->,101,31,->,102,33,->,102,35,->,103,16,->,103,35,->,105,17,->,106,9,->,112,13,->,113,27,->,115,33,->,118,21,->,118,56,->,120,43,->,120,66,->,121,13,->,121,65,->,122,39,->,122,40,->,123,38,->,123,40,->,124,42,->,125,18,->,125,35,->,125,58,->,126,49,->,130,48,->,132,28,->,133,15,->,135,16,->,137,49,->,138,3,->,138,48,->,143,21,->,158,44,->,158,45,->,158,47,->,158,49,->,159,44,->,159,49,->,159,155,->,159,156,->,160,127,->,160,131,->,160,155,->,160,157,->,161,111,->,161,114,->,161,125,->,161,126,->,161,133,->,161,138,->,161,155,->,161,158,->,162,110,->,162,113,->,162,115,->,162,116,->,162,117,->,162,124,->,162,156,->,162,157,->,163,117,->,163,118,->,163,123,->,164,101,->,164,105,->,164,115,->,164,116,->,164,118,->,164,123,->,165,52,->,165,113,->,165,114,->,165,117,->,165,120,->,166,46,->,166,102,->,166,110,->,166,133,->,166,141,->,167,47,->,167,109,->,167,110,->,168,48,->,168,49,->,168,52,->,168,109,->,168,110,->,168,114,->,168,115,->,168,116,->,168,128,->,169,49,->,169,50,->,169,51,->,169,107,->,169,109,->,169,127,->,170,105,->,170,106,->,170,109,->,171,105,->,172,6,->,173,52,->,173,130,->,174,105,->,174,132,->,175,132,->,175,133,->,176,133,->,177,109,->,177,133,->,179,105,->,179,106,->,179,142,->,180,107,->,180,109,->,180,111,->,181,109,->,181,110,->,181,111,->,181,139,->,181,140,->,181,144,->,182,2,->,182,108,->,182,112,->,182,140,->,183,143,->,184,107,->,184,119,->,184,141,->,185,110,->,185,111,->,185,112,->,185,120,->,185,121,->,185,161,->,185,169,->,185,170,->,186,103,->,186,105,->,186,110,->,186,111,->,186,115,->,186,122,->,186,148,->,186,149,->,186,167,->,186,168,->,186,170,->,187,103,->,187,104,->,187,105,->,187,106,->,187,109,->,187,110,->,187,117,->,187,118,->,187,119,->,188,0,->,188,102,->,188,103,->,188,114,->,188,115,->,188,119,->,188,123,->,188,130,->,188,132,->,188,145,->,188,146,->,188,148,->,188,149,->,188,150,->,188,151,->,188,152,->,188,154,->,189,101,->,189,114,->,189,116,->,189,122,->,189,123,->,189,129,->,189,132,->,189,146,->,189,150,->,189,151,->,189,152,->,190,3,->,190,113,->,190,132,->,190,133,->,190,150,->,190,151,->,190,152,->,190,156,->,190,187,->,190,188,->,190,189,->,190,193,->,190,194,->,190,195,->,191,3,->,191,96,->,191,99,->,191,101,->,191,102,->,191,123,->,191,129,->,191,133,->,191,134,->,191,135,->,191,150,->,191,151,->,191,156,->,191,171,->,191,189,->,191,190,->,191,194,->,191,195,->,192,0,->,192,101,->,192,119,->,192,121,->,192,122,->,192,125,->,192,129,->,192,132,->,192,135,->,192,155,->,192,188,->,192,189,->,192,190,->,193,112,->,193,114,->,193,118,->,193,133,->,193,148,->,193,154,->,193,157,->,193,171,->,194,94,->,194,112,->,194,117,->,194,118,->,194,119,->,194,150,->,194,151,->,194,152,->,194,153,->,195,15,->,195,102,->,195,112,->,195,113,->,195,151,->,195,152,->,195,153,->,195,157,->,196,8,->,196,110,->,196,150,->,196,152,->,197,18,->,197,99,->,198,1,->,198,98,->,198,101,->,198,109,->,199,2,->,199,18,->,199,97,->,199,199,->,199,200,->,200,7,->,200,101,->,200,108,->,200,197,->,200,198,->,200,200,->,200,201,->,201,101,->,201,106,->,201,196,->,202,9,->,202,88,->,202,100,->,202,106,->,202,196,->,203,90,->,203,92,->,203,93,->,203,94,->,203,100,->,203,102,->,203,103,->,203,194,->,203,202,->,204,96,->,204,98,->,204,100,->,204,193,->,204,195,->,204,198,->,205,1,->,205,96,->,206,8,->,206,10,->,206,99,->,207,99,->,208,98,->,208,146,->,208,229,->,209,98,->,209,197,->,209,228,->,209,229,->,209,230,->,209,231,->,210,225,->,210,227,->,210,228,->,210,229,->,210,230,->,212,15,->,212,84,->,212,192,->,212,194,->,212,196,->,212,226,->,213,83,->,213,96,->,213,231,->,214,12,->,214,96,->,214,190,->,214,191,->,215,0,->,215,82,->,215,187,->,215,188,->,215,190,->,215,198,->,216,82,->,216,190,->,216,191,->,216,222,->,217,194,->,217,196,->,217,197,->,217,198,->,217,199,->,217,223,->,217,225,->,217,226,->,218,82,->,218,96,->,218,211,->,218,226,->,218,229,->,219,76,->,219,95,->,219,96,->,219,208,->,219,212,->,220,82,->,220,83,->,220,93,->,220,95,->,220,213,->,221,83,->,221,94,->,221,213,->,221,215,->,222,84,->,222,90,->,222,93,->,222,216,->,222,217,->,222,218,->,223,86,->,223,89,->,223,90,->,223,208,->,223,216,->,223,219,->,223,220,->,223,221,->,224,87,->,224,208,->,224,214,->,224,217,->,224,218,->,224,219,->,224,220,->,224,221,->,224,222,->,224,239,->,225,208,->,225,214,->,225,216,->,225,217,->,225,218,->,225,238,->,225,239,->,227,210,->,227,214,->,227,216,->,227,217,->,227,218,->,227,220,->,228,213,->,228,218,->,228,226,->,228,230,->,228,231,->,228,235,->,228,242,->,231,225,->,232,226,->,232,227,->,232,235,->,232,241,->,233,219,->,233,223,->,233,224,->,233,236,->,233,237,->,233,238,->,234,228,->,234,231,->,234,232,->,234,233,->,234,234,->,234,235,->,234,238,->,235,232,->,235,236,->,235,237,->,235,242,->,236,212,->,236,231,->,236,234,->,237,229,->,237,231,->,237,238,->,237,241,->,238,77,->,238,79,->,238,214,->,238,229,->,238,241,->,238,242,->,239,78,->,239,216,->,240,78,->,240,79,->,240,215,->,240,216,->,241,80,->,241,215,->,241,230,->,242,216,->,242,217,->,242,221,->,242,222,->,243,217,->,243,225,->,243,239,->,243,241,->,254,72,->,254,73,->,254,172,->,255,69,->,255,71,->,255,72,->,255,73,->,255,168,->,255,169,->,256,69,->,256,163,->,256,167,->,256,168,->,257,161,->,257,162,->,257,163,->,257,164,->,258,68,->,258,69,->,258,162,->,258,163,->,258,170,->,259,69,->,259,70,->,259,163,->,259,168,->,260,164,->,262,226,->,282,201,->,283,200,->,283,201,->,283,227,->,285,261,->,285,262,->,285,265,->,286,263,->,286,264,->,287,74,->,287,265,->,287,266,->,287,269,->,287,270,->,288,198,->,288,270,->,291,270,->,291,271,->,292,268,->,292,270,->,300,222,->,302,240,->,303,208,->,304,230,->,305,238,->,306,234,->,309,219,->,310,230,->,313,213,->,313,234,->,315,216,->,315,234,->,316,204,->,318,205,->,319,60,->,319,61,->,319,67,->,319,225,->,320,59,->,320,60,->,320,65,->,320,66,->,320,225,->,321,64,->,321,65,->,321,67,->,321,68,->,322,66,->,322,67,->,322,225,->,322,244,->,323,66,->,323,223,->,324,58,->,324,65,->,324,68,->,325,65,->,325,68,->,325,227,->,325,229,->,326,66,->,326,67,->,328,68,->,328,224,->,329,68,->,329,69,->,330,63,->,330,222,->,332,55,->,332,250,->,332,251,->,333,224,->,334,266,->,335,57,->,335,65,->,335,69,->,335,221,->,336,58,->,336,62,->,336,67,->,336,69,->,337,60,->,337,61,->,337,66,->,338,61,->,340,58,->,341,65,->,344,57,->,344,64,->,345,62,->,347,57,->,347,59,->,348,57,->,348,58,->,348,132,->,348,136,->,350,137,->,351,129,->,352,128,->,352,172,->,353,126,->,355,125,->,356,125,->,357,124,->,358,184,->,359,123,->,362,121,->,363,186,->,364,173,->,364,177,->,365,138,->,366,131,->,366,137,->,367,129,->,367,132,->,367,133,->,368,127,->,369,177,->,370,176,->,372,123,->,374,120,->,374,123,->,376,183,->,377,123,->,378,122,->,378,123,->,378,124,->,378,144,->,379,134,->,379,140,->,380,142,->,382,142,->,382,159,->,383,171,->,383,174,->,383,177,->,384,168,->,386,161,->,387,161,->,389,176,->,391,183,->,393,157,->,393,164,->,396,158,->,398,146,->,399,146,->,400,167,->,401,141,->,401,163,->,402,145,->,403,150,->,409,152,->,409,157,->,410,157,->,414,148,->,423,135,->,423,142,->,424,152,->,427,139,->,429,140,->,433,114,->,434,114,->,435,151,->,437,71,->,437,134,->,438,95,->,439,136,->,441,140,->,441,141,->,442,107,->,445,131,->,445,139,->,
10,711,,3,156,->,5,151,->,6,147,->,7,158,->,10,144,->,11,117,->,11,138,->,13,117,->,23,93,->,23,98,->,24,105,->,25,85,->,25,89,->,26,137,->,28,76,->,28,77,->,29,84,->,29,93,->,29,98,->,29,104,->,33,75,->,34,75,->,39,72,->,42,80,->,45,73,->,45,76,->,45,79,->,46,69,->,47,42,->,48,110,->,49,40,->,49,107,->,49,109,->,49,110,->,49,111,->,50,109,->,50,111,->,51,40,->,51,41,->,51,82,->,51,87,->,51,112,->,52,58,->,52,71,->,52,77,->,53,85,->,54,51,->,54,81,->,54,83,->,54,84,->,54,113,->,54,117,->,54,119,->,55,85,->,55,102,->,55,119,->,56,37,->,56,39,->,56,81,->,56,102,->,56,114,->,56,116,->,57,53,->,57,61,->,57,72,->,57,95,->,57,102,->,57,114,->,57,115,->,57,120,->,58,37,->,58,55,->,58,67,->,58,114,->,59,33,->,59,59,->,59,72,->,59,102,->,60,36,->,60,49,->,61,32,->,61,55,->,61,122,->,62,48,->,63,46,->,64,99,->,64,100,->,65,25,->,66,34,->,66,81,->,67,23,->,67,37,->,67,99,->,68,36,->,68,125,->,69,36,->,69,81,->,74,69,->,74,103,->,75,64,->,75,103,->,75,104,->,76,103,->,76,104,->,77,14,->,77,105,->,77,128,->,78,26,->,78,78,->,78,98,->,78,109,->,79,107,->,79,109,->,80,99,->,80,102,->,80,108,->,80,109,->,81,100,->,82,65,->,82,120,->,82,122,->,83,55,->,84,15,->,84,16,->,84,72,->,85,45,->,86,28,->,86,47,->,86,48,->,86,117,->,86,118,->,87,116,->,87,117,->,87,118,->,87,119,->,88,115,->,88,117,->,88,124,->,89,112,->,89,113,->,89,115,->,89,117,->,89,123,->,90,53,->,90,111,->,90,117,->,90,118,->,90,119,->,90,120,->,90,122,->,91,23,->,91,55,->,91,115,->,93,105,->,94,26,->,94,64,->,95,29,->,95,41,->,95,60,->,101,61,->,102,20,->,102,34,->,105,10,->,105,18,->,106,13,->,106,17,->,110,24,->,114,14,->,115,32,->,117,63,->,118,66,->,119,1,->,123,52,->,125,54,->,130,61,->,136,49,->,138,24,->,139,45,->,151,6,->,158,46,->,158,48,->,160,128,->,160,130,->,161,44,->,161,51,->,161,113,->,161,156,->,162,44,->,162,51,->,162,112,->,162,133,->,162,155,->,163,51,->,163,111,->,163,112,->,163,115,->,163,124,->,164,45,->,164,111,->,164,112,->,165,46,->,165,104,->,165,111,->,165,112,->,165,122,->,165,123,->,165,133,->,166,112,->,166,120,->,166,132,->,166,139,->,166,140,->,167,49,->,167,50,->,167,52,->,167,112,->,167,113,->,167,129,->,168,113,->,170,51,->,170,127,->,171,8,->,174,5,->,174,131,->,176,109,->,176,132,->,178,110,->,178,134,->,179,107,->,179,108,->,179,109,->,179,110,->,180,3,->,180,102,->,180,110,->,180,140,->,181,108,->,181,136,->,181,142,->,181,143,->,182,143,->,183,141,->,183,142,->,185,100,->,185,118,->,185,119,->,186,101,->,186,102,->,186,104,->,186,114,->,186,116,->,186,117,->,186,118,->,186,123,->,186,134,->,186,169,->,187,111,->,187,112,->,187,113,->,187,115,->,187,148,->,187,150,->,187,169,->,187,170,->,188,8,->,188,106,->,188,107,->,188,117,->,188,124,->,188,128,->,188,129,->,188,131,->,189,102,->,189,105,->,189,108,->,189,113,->,189,115,->,189,118,->,189,120,->,189,124,->,189,128,->,189,131,->,189,153,->,189,194,->,190,103,->,190,104,->,190,115,->,190,116,->,190,117,->,190,119,->,190,120,->,190,121,->,190,122,->,190,123,->,190,124,->,190,126,->,190,127,->,190,128,->,190,129,->,190,155,->,190,196,->,191,104,->,191,110,->,191,113,->,191,120,->,191,121,->,191,122,->,191,124,->,191,125,->,191,126,->,191,127,->,191,128,->,191,130,->,191,152,->,191,153,->,192,102,->,192,103,->,192,113,->,192,126,->,192,151,->,192,152,->,192,153,->,193,12,->,193,111,->,193,115,->,193,117,->,193,120,->,193,153,->,194,111,->,195,93,->,195,149,->,196,112,->,196,151,->,197,98,->,197,109,->,198,4,->,199,86,->,199,88,->,199,101,->,200,85,->,201,86,->,201,88,->,201,102,->,201,200,->,201,202,->,202,89,->,202,90,->,202,94,->,202,101,->,202,104,->,202,105,->,202,197,->,202,198,->,202,200,->,202,201,->,202,202,->,203,101,->,203,195,->,203,196,->,203,197,->,204,99,->,204,196,->,204,197,->,205,94,->,205,98,->,205,99,->,206,91,->,206,96,->,206,98,->,208,1,->,209,1,->,209,97,->,211,230,->,212,195,->,212,228,->,213,191,->,213,192,->,213,193,->,213,198,->,215,189,->,215,191,->,216,95,->,216,193,->,216,194,->,216,196,->,216,198,->,216,199,->,217,82,->,217,83,->,217,94,->,217,95,->,218,90,->,218,93,->,218,94,->,218,95,->,219,82,->,219,92,->,219,93,->,219,94,->,220,94,->,221,84,->,221,92,->,221,93,->,221,209,->,222,89,->,222,91,->,222,92,->,222,209,->,222,212,->,222,215,->,222,219,->,223,88,->,223,92,->,223,213,->,223,214,->,224,240,->,224,241,->,225,209,->,225,219,->,225,220,->,225,240,->,225,241,->,226,209,->,226,210,->,226,215,->,226,216,->,226,217,->,226,218,->,226,219,->,226,237,->,227,211,->,227,212,->,227,219,->,227,236,->,227,241,->,228,228,->,229,226,->,229,227,->,229,232,->,229,233,->,229,234,->,229,235,->,230,226,->,230,227,->,230,241,->,231,226,->,231,236,->,232,234,->,232,236,->,232,239,->,232,240,->,233,226,->,233,227,->,233,228,->,233,230,->,233,232,->,233,233,->,233,239,->,233,240,->,233,241,->,234,217,->,234,218,->,234,230,->,234,236,->,234,237,->,235,217,->,235,229,->,235,230,->,235,235,->,235,238,->,236,229,->,236,230,->,236,235,->,236,236,->,236,237,->,236,238,->,236,240,->,236,241,->,237,214,->,237,215,->,238,215,->,238,234,->,238,238,->,239,215,->,239,234,->,240,80,->,241,216,->,241,217,->,241,218,->,241,220,->,241,235,->,242,223,->,242,225,->,242,229,->,242,235,->,242,237,->,242,244,->,243,242,->,243,243,->,254,70,->,254,71,->,255,70,->,256,68,->,256,70,->,256,72,->,257,68,->,257,69,->,257,165,->,257,169,->,258,164,->,258,168,->,258,169,->,259,167,->,265,227,->,278,218,->,283,202,->,285,199,->,285,263,->,285,267,->,286,201,->,286,262,->,286,266,->,286,267,->,286,268,->,286,269,->,287,264,->,287,267,->,287,268,->,288,213,->,288,214,->,288,266,->,288,268,->,289,200,->,289,214,->,289,267,->,291,268,->,292,269,->,294,238,->,297,233,->,300,221,->,302,238,->,303,222,->,304,212,->,307,213,->,307,214,->,308,214,->,308,218,->,308,219,->,309,227,->,310,234,->,312,227,->,312,237,->,313,217,->,313,228,->,313,229,->,315,215,->,315,245,->,316,241,->,319,62,->,319,63,->,319,65,->,319,66,->,319,248,->,320,62,->,320,63,->,320,64,->,320,67,->,321,61,->,321,62,->,321,63,->,321,66,->,322,60,->,322,61,->,322,62,->,322,63,->,323,59,->,323,60,->,323,62,->,323,63,->,323,64,->,323,219,->,324,59,->,324,62,->,324,250,->,325,57,->,325,58,->,325,216,->,326,55,->,327,66,->,327,67,->,327,68,->,328,66,->,328,67,->,328,264,->,329,67,->,330,55,->,330,65,->,331,56,->,331,63,->,331,67,->,333,60,->,333,252,->,334,57,->,334,62,->,334,69,->,334,251,->,335,58,->,335,59,->,335,66,->,336,64,->,336,65,->,336,68,->,337,59,->,337,63,->,337,65,->,338,59,->,338,63,->,338,65,->,339,58,->,339,59,->,339,60,->,340,60,->,340,65,->,342,64,->,343,57,->,343,59,->,343,61,->,343,64,->,344,62,->,346,57,->,346,61,->,347,60,->,347,134,->,348,133,->,348,134,->,348,182,->,349,59,->,349,131,->,349,132,->,349,133,->,350,59,->,350,130,->,351,132,->,351,133,->,352,133,->,352,135,->,353,127,->,353,135,->,354,126,->,354,135,->,355,126,->,356,178,->,357,125,->,357,175,->,358,124,->,358,125,->,361,122,->,364,175,->,366,128,->,366,130,->,366,176,->,367,125,->,367,126,->,367,127,->,367,128,->,367,135,->,368,124,->,370,177,->,371,123,->,373,123,->,375,120,->,376,120,->,376,123,->,377,121,->,377,144,->,377,161,->,377,184,->,378,176,->,379,141,->,379,159,->,379,161,->,381,178,->,383,140,->,383,178,->,384,173,->,384,185,->,385,178,->,386,155,->,387,155,->,388,166,->,388,179,->,391,180,->,391,184,->,394,183,->,394,184,->,405,147,->,406,144,->,408,156,->,413,149,->,423,141,->,423,143,->,426,145,->,427,145,->,429,143,->,431,112,->,433,152,->,438,107,->,440,95,->,442,126,->,443,129,->,446,133,->,
11,593,,2,162,->,3,167,->,4,154,->,11,122,->,12,123,->,12,139,->,17,110,->,19,98,->,21,102,->,24,100,->,28,75,->,28,103,->,28,138,->,32,135,->,34,73,->,37,74,->,43,68,->,46,47,->,48,44,->,48,82,->,50,46,->,50,65,->,50,106,->,50,107,->,50,110,->,50,112,->,51,65,->,52,104,->,52,112,->,53,104,->,53,112,->,53,113,->,54,65,->,54,78,->,54,93,->,55,89,->,56,103,->,57,69,->,57,71,->,57,116,->,57,117,->,58,91,->,59,50,->,59,55,->,60,60,->,60,102,->,63,60,->,63,100,->,64,35,->,64,123,->,65,24,->,65,28,->,65,34,->,69,125,->,70,81,->,70,109,->,72,98,->,73,60,->,74,64,->,74,104,->,75,67,->,75,98,->,76,102,->,76,105,->,76,106,->,77,16,->,77,28,->,77,106,->,78,73,->,78,99,->,78,106,->,78,107,->,78,108,->,78,110,->,79,29,->,79,35,->,79,99,->,79,110,->,80,35,->,80,105,->,80,106,->,80,110,->,81,109,->,82,101,->,82,111,->,82,121,->,83,32,->,84,8,->,84,47,->,84,64,->,84,104,->,84,119,->,84,128,->,85,54,->,85,118,->,85,120,->,86,17,->,86,119,->,86,120,->,86,127,->,87,114,->,87,115,->,87,120,->,87,121,->,87,122,->,87,126,->,88,57,->,88,114,->,88,118,->,88,121,->,88,123,->,88,125,->,89,118,->,89,119,->,89,120,->,89,121,->,90,54,->,90,121,->,91,40,->,91,46,->,91,110,->,92,46,->,92,47,->,92,56,->,92,57,->,92,109,->,93,108,->,94,18,->,94,60,->,95,48,->,95,61,->,96,26,->,97,27,->,98,24,->,100,26,->,102,28,->,103,20,->,104,32,->,105,69,->,106,69,->,108,2,->,108,19,->,110,11,->,112,25,->,113,13,->,113,46,->,114,13,->,115,63,->,123,55,->,124,27,->,124,57,->,125,4,->,125,53,->,127,28,->,127,60,->,128,15,->,130,39,->,132,30,->,132,56,->,133,31,->,135,49,->,135,50,->,136,53,->,147,4,->,159,45,->,159,46,->,159,48,->,160,44,->,160,49,->,160,50,->,160,129,->,161,50,->,161,112,->,161,132,->,161,136,->,161,137,->,161,157,->,162,111,->,162,125,->,162,134,->,162,139,->,163,125,->,163,134,->,164,51,->,164,113,->,164,114,->,164,134,->,165,124,->,165,126,->,165,132,->,165,134,->,165,135,->,165,141,->,165,142,->,166,47,->,166,48,->,166,49,->,166,51,->,166,103,->,166,123,->,166,127,->,166,130,->,166,131,->,167,51,->,167,117,->,167,118,->,168,50,->,168,51,->,168,117,->,168,119,->,168,127,->,170,50,->,170,126,->,171,109,->,171,122,->,171,127,->,172,0,->,172,2,->,172,109,->,172,125,->,173,1,->,173,109,->,173,129,->,174,109,->,175,109,->,177,110,->,178,133,->,179,135,->,180,104,->,180,106,->,180,108,->,180,141,->,180,142,->,181,105,->,181,107,->,183,100,->,183,112,->,183,136,->,184,100,->,184,106,->,184,112,->,184,113,->,185,122,->,185,168,->,186,112,->,186,113,->,186,127,->,187,3,->,187,123,->,187,124,->,187,128,->,187,130,->,187,131,->,187,149,->,188,104,->,188,105,->,188,108,->,188,109,->,188,113,->,188,118,->,188,125,->,188,127,->,188,153,->,189,104,->,189,106,->,189,107,->,189,109,->,189,110,->,189,117,->,189,119,->,189,126,->,189,127,->,189,154,->,189,193,->,190,102,->,190,105,->,190,106,->,190,110,->,190,111,->,190,118,->,190,125,->,190,153,->,191,103,->,191,109,->,191,112,->,191,116,->,191,118,->,191,154,->,191,155,->,192,96,->,192,99,->,192,109,->,192,111,->,192,114,->,192,116,->,192,117,->,192,118,->,193,95,->,193,113,->,193,116,->,193,151,->,193,152,->,194,95,->,195,94,->,195,110,->,196,109,->,197,100,->,197,101,->,197,102,->,198,97,->,198,102,->,198,108,->,199,87,->,199,107,->,199,108,->,200,3,->,200,86,->,200,87,->,200,88,->,200,107,->,200,199,->,201,87,->,201,107,->,201,197,->,201,198,->,201,199,->,201,201,->,202,103,->,203,91,->,203,198,->,203,199,->,205,95,->,205,97,->,206,92,->,206,97,->,207,98,->,209,2,->,210,14,->,210,97,->,212,17,->,212,96,->,213,11,->,213,194,->,213,195,->,213,196,->,213,197,->,214,95,->,214,192,->,214,193,->,214,196,->,214,198,->,215,95,->,215,192,->,215,193,->,216,4,->,216,195,->,217,209,->,218,83,->,218,209,->,218,210,->,219,83,->,219,209,->,219,210,->,220,84,->,220,91,->,220,92,->,220,209,->,220,211,->,220,212,->,221,0,->,221,90,->,221,91,->,221,211,->,221,212,->,222,85,->,222,86,->,222,210,->,222,213,->,223,87,->,223,217,->,223,218,->,225,213,->,226,239,->,226,240,->,226,241,->,227,213,->,227,237,->,227,238,->,228,229,->,228,236,->,228,241,->,229,228,->,229,229,->,229,231,->,229,241,->,230,235,->,230,236,->,231,234,->,231,237,->,232,228,->,232,230,->,232,231,->,232,237,->,232,238,->,233,222,->,233,225,->,233,229,->,233,234,->,234,219,->,234,227,->,234,229,->,234,239,->,234,240,->,234,241,->,235,216,->,235,218,->,235,227,->,235,228,->,235,231,->,235,239,->,235,241,->,236,215,->,236,216,->,236,228,->,237,228,->,237,234,->,238,240,->,240,219,->,240,220,->,240,229,->,240,242,->,241,219,->,241,221,->,241,222,->,241,229,->,241,234,->,242,224,->,242,226,->,242,227,->,242,228,->,242,241,->,242,245,->,243,237,->,243,238,->,243,240,->,257,71,->,258,70,->,258,71,->,258,165,->,259,166,->,259,169,->,282,224,->,285,264,->,285,266,->,286,265,->,288,267,->,288,269,->,289,268,->,289,270,->,290,214,->,290,269,->,290,270,->,298,232,->,302,289,->,303,212,->,303,233,->,305,211,->,306,220,->,307,238,->,308,224,->,309,225,->,314,204,->,315,243,->,315,244,->,320,61,->,321,231,->,324,63,->,324,64,->,325,64,->,327,55,->,327,65,->,328,65,->,329,61,->,329,66,->,330,56,->,330,64,->,330,66,->,330,67,->,331,69,->,332,56,->,332,57,->,332,68,->,332,69,->,333,58,->,333,61,->,334,58,->,334,59,->,334,64,->,334,65,->,334,67,->,335,62,->,335,67,->,336,60,->,336,61,->,336,63,->,337,62,->,337,64,->,338,64,->,338,259,->,339,62,->,339,63,->,339,64,->,339,259,->,340,64,->,341,59,->,341,61,->,342,61,->,343,58,->,343,62,->,344,58,->,345,60,->,345,61,->,346,60,->,346,180,->,347,58,->,347,61,->,348,59,->,349,134,->,349,135,->,349,136,->,350,131,->,350,132,->,350,133,->,350,136,->,351,130,->,351,131,->,351,136,->,352,129,->,352,130,->,352,131,->,352,132,->,353,132,->,353,133,->,353,136,->,354,134,->,354,136,->,356,126,->,356,133,->,356,176,->,357,136,->,358,136,->,360,137,->,361,175,->,365,129,->,365,131,->,365,189,->,366,127,->,366,129,->,366,132,->,366,133,->,366,134,->,369,120,->,370,122,->,370,123,->,370,189,->,371,122,->,373,122,->,382,177,->,382,178,->,384,140,->,391,150,->,391,161,->,393,182,->,394,151,->,399,177,->,410,154,->,417,153,->,422,137,->,423,140,->,423,153,->,424,153,->,428,142,->,428,145,->,437,93,->,437,114,->,437,130,->,438,119,->,438,129,->,438,146,->,439,108,->,439,109,->,442,134,->,444,124,->,
12,522,,6,154,->,10,114,->,11,145,->,11,151,->,18,96,->,20,101,->,21,103,->,22,93,->,24,87,->,24,146,->,26,97,->,29,95,->,32,64,->,32,72,->,35,69,->,39,56,->,40,92,->,41,65,->,41,81,->,42,73,->,48,63,->,49,53,->,49,108,->,50,108,->,51,59,->,51,105,->,51,109,->,51,111,->,52,62,->,52,105,->,52,109,->,53,77,->,53,105,->,53,106,->,54,64,->,54,112,->,54,118,->,55,72,->,55,103,->,55,113,->,56,113,->,56,117,->,59,37,->,60,31,->,60,35,->,60,45,->,61,83,->,61,101,->,62,35,->,62,36,->,62,83,->,62,100,->,62,122,->,63,59,->,63,84,->,64,79,->,64,84,->,65,81,->,66,38,->,68,34,->,68,40,->,68,81,->,68,82,->,69,98,->,72,126,->,73,76,->,73,98,->,74,78,->,75,65,->,75,78,->,75,105,->,75,127,->,76,15,->,76,98,->,76,107,->,76,111,->,77,107,->,77,108,->,77,110,->,77,111,->,78,28,->,78,101,->,78,111,->,78,128,->,79,77,->,79,100,->,79,101,->,79,108,->,79,111,->,80,46,->,80,101,->,80,107,->,80,111,->,81,101,->,81,107,->,81,108,->,81,121,->,82,105,->,82,110,->,82,119,->,83,105,->,83,110,->,83,119,->,84,27,->,84,102,->,84,118,->,85,44,->,85,102,->,85,117,->,86,18,->,86,103,->,86,114,->,86,115,->,86,116,->,86,121,->,86,126,->,87,11,->,87,19,->,87,123,->,87,125,->,88,40,->,88,113,->,88,119,->,88,120,->,88,122,->,89,16,->,89,42,->,89,53,->,90,44,->,90,51,->,90,110,->,91,104,->,91,109,->,92,15,->,92,61,->,92,105,->,93,64,->,94,106,->,95,66,->,96,3,->,97,18,->,97,46,->,98,45,->,98,57,->,103,25,->,103,64,->,104,19,->,104,66,->,105,79,->,106,70,->,107,61,->,111,12,->,113,21,->,115,14,->,120,7,->,122,42,->,123,11,->,125,29,->,126,29,->,126,30,->,127,59,->,128,6,->,130,32,->,130,52,->,133,28,->,134,32,->,136,34,->,143,3,->,153,2,->,153,3,->,159,47,->,160,45,->,161,45,->,161,128,->,161,131,->,161,135,->,163,6,->,163,113,->,163,114,->,163,132,->,163,133,->,164,131,->,164,132,->,164,133,->,164,135,->,164,141,->,165,128,->,165,131,->,165,136,->,166,50,->,166,121,->,166,122,->,166,126,->,167,48,->,167,119,->,167,127,->,167,128,->,168,111,->,168,112,->,169,116,->,171,123,->,171,125,->,171,126,->,172,126,->,172,127,->,173,7,->,175,131,->,176,2,->,176,110,->,176,131,->,177,132,->,179,111,->,180,103,->,180,105,->,181,102,->,181,106,->,181,141,->,182,101,->,182,107,->,182,141,->,182,142,->,183,101,->,183,106,->,183,113,->,184,105,->,184,114,->,184,120,->,184,121,->,185,101,->,185,102,->,185,104,->,185,105,->,185,113,->,185,114,->,185,115,->,185,117,->,185,134,->,186,128,->,186,129,->,186,130,->,186,132,->,186,133,->,187,125,->,187,129,->,187,132,->,188,110,->,188,111,->,188,126,->,189,103,->,189,111,->,189,112,->,189,125,->,190,108,->,190,109,->,190,112,->,190,114,->,190,154,->,191,97,->,191,98,->,191,107,->,191,108,->,191,111,->,191,114,->,191,119,->,191,196,->,192,100,->,192,108,->,192,110,->,192,112,->,192,120,->,192,171,->,193,96,->,193,97,->,193,106,->,193,109,->,193,110,->,194,109,->,194,110,->,195,95,->,195,101,->,195,109,->,196,92,->,196,100,->,196,101,->,197,1,->,197,91,->,197,97,->,197,108,->,198,90,->,198,103,->,198,107,->,199,89,->,199,102,->,199,103,->,199,104,->,200,102,->,200,104,->,201,89,->,201,90,->,201,103,->,201,104,->,201,105,->,202,91,->,202,92,->,202,93,->,202,102,->,202,199,->,207,90,->,207,91,->,207,96,->,208,7,->,208,89,->,210,16,->,211,5,->,211,16,->,211,96,->,212,7,->,213,95,->,214,83,->,215,83,->,215,194,->,215,195,->,215,196,->,216,83,->,216,94,->,216,197,->,217,93,->,218,5,->,219,4,->,219,211,->,220,4,->,220,210,->,221,85,->,221,88,->,221,89,->,221,210,->,221,216,->,222,87,->,222,88,->,222,211,->,223,209,->,223,210,->,223,211,->,223,212,->,224,209,->,226,211,->,226,212,->,226,213,->,226,214,->,226,238,->,227,239,->,229,230,->,229,236,->,230,233,->,230,237,->,231,227,->,231,228,->,231,235,->,231,240,->,232,229,->,232,233,->,235,240,->,236,217,->,236,218,->,236,227,->,236,239,->,237,216,->,237,217,->,237,235,->,237,236,->,237,239,->,238,216,->,238,228,->,238,236,->,238,237,->,239,217,->,239,218,->,239,219,->,239,229,->,239,241,->,240,217,->,240,218,->,240,221,->,240,228,->,240,234,->,241,223,->,241,244,->,254,231,->,257,168,->,258,167,->,259,164,->,259,165,->,262,222,->,274,213,->,276,217,->,277,213,->,283,213,->,287,212,->,289,269,->,290,271,->,291,267,->,298,220,->,300,213,->,309,232,->,310,239,->,311,228,->,311,233,->,312,231,->,314,215,->,315,204,->,315,228,->,315,238,->,318,229,->,320,233,->,322,238,->,323,237,->,325,62,->,325,63,->,326,57,->,326,58,->,326,65,->,327,56,->,327,64,->,327,260,->,329,56,->,329,62,->,329,64,->,329,65,->,330,60,->,330,62,->,331,57,->,331,60,->,331,61,->,332,58,->,332,60,->,332,62,->,332,64,->,332,66,->,332,67,->,333,64,->,333,65,->,333,67,->,334,61,->,334,63,->,334,66,->,335,61,->,335,63,->,335,64,->,335,68,->,335,252,->,338,62,->,340,63,->,340,262,->,341,60,->,341,64,->,342,59,->,342,60,->,342,62,->,342,63,->,343,60,->,344,59,->,344,60,->,344,61,->,344,63,->,345,194,->,346,58,->,348,60,->,350,134,->,351,135,->,352,136,->,353,130,->,354,127,->,354,132,->,355,134,->,355,135,->,355,136,->,356,175,->,357,133,->,357,135,->,357,170,->,359,124,->,361,137,->,362,175,->,363,121,->,363,178,->,364,186,->,365,130,->,365,132,->,366,125,->,367,121,->,367,124,->,368,121,->,369,121,->,369,123,->,371,121,->,372,121,->,374,122,->,375,121,->,375,122,->,376,121,->,376,122,->,377,160,->,380,144,->,383,183,->,389,172,->,390,183,->,394,152,->,394,175,->,400,168,->,401,155,->,402,155,->,405,154,->,405,156,->,405,157,->,417,147,->,426,135,->,427,137,->,430,155,->,438,130,->,439,119,->,440,120,->,441,137,->,
13,464,,3,153,->,4,151,->,7,143,->,8,118,->,13,105,->,14,105,->,14,146,->,15,117,->,20,92,->,20,93,->,21,93,->,21,105,->,22,88,->,22,92,->,23,92,->,23,145,->,24,84,->,24,92,->,25,88,->,27,100,->,28,100,->,30,93,->,32,138,->,35,74,->,47,63,->,48,61,->,49,70,->,51,106,->,51,107,->,51,110,->,52,73,->,52,106,->,53,74,->,53,79,->,54,103,->,55,112,->,56,90,->,56,112,->,56,119,->,57,73,->,57,78,->,57,79,->,58,62,->,58,120,->,59,80,->,59,114,->,59,121,->,60,34,->,60,95,->,60,114,->,61,33,->,62,101,->,63,32,->,63,78,->,65,31,->,65,40,->,65,86,->,65,123,->,66,80,->,69,37,->,70,125,->,71,98,->,71,99,->,71,110,->,73,31,->,73,103,->,73,126,->,74,98,->,75,16,->,75,106,->,76,110,->,76,127,->,77,101,->,77,109,->,79,106,->,80,100,->,81,120,->,82,109,->,83,18,->,83,104,->,83,122,->,84,14,->,84,116,->,84,117,->,84,125,->,84,126,->,85,17,->,85,114,->,85,116,->,85,122,->,85,124,->,85,125,->,86,8,->,86,122,->,86,125,->,87,31,->,87,112,->,87,113,->,88,8,->,88,111,->,88,112,->,89,62,->,89,110,->,89,111,->,89,122,->,91,25,->,92,28,->,93,48,->,94,63,->,94,65,->,94,107,->,96,68,->,97,36,->,97,45,->,97,69,->,98,44,->,98,65,->,99,7,->,99,58,->,101,28,->,104,16,->,105,3,->,106,18,->,107,14,->,107,21,->,108,27,->,108,62,->,109,10,->,109,16,->,109,51,->,110,4,->,113,64,->,114,7,->,114,64,->,116,14,->,118,32,->,120,36,->,121,33,->,121,34,->,121,35,->,121,44,->,123,28,->,125,6,->,128,31,->,128,52,->,129,6,->,129,7,->,129,31,->,130,7,->,130,8,->,131,8,->,131,32,->,132,33,->,132,38,->,132,48,->,132,49,->,133,37,->,134,33,->,143,29,->,150,22,->,160,46,->,160,47,->,160,48,->,161,127,->,161,129,->,161,130,->,162,45,->,162,46,->,162,50,->,162,131,->,162,135,->,162,137,->,162,138,->,163,45,->,163,131,->,163,140,->,164,48,->,164,124,->,164,136,->,164,137,->,165,47,->,165,48,->,165,50,->,165,137,->,165,138,->,165,139,->,166,124,->,166,125,->,167,121,->,167,122,->,167,123,->,167,125,->,167,126,->,168,118,->,168,126,->,169,115,->,169,117,->,169,119,->,169,125,->,169,126,->,170,117,->,170,118,->,170,121,->,170,123,->,170,124,->,170,125,->,171,121,->,172,1,->,172,120,->,172,124,->,173,126,->,173,127,->,173,128,->,174,129,->,175,130,->,176,130,->,180,4,->,180,6,->,180,112,->,181,4,->,181,103,->,181,104,->,182,102,->,182,104,->,182,105,->,183,102,->,183,105,->,183,114,->,184,101,->,184,122,->,185,103,->,185,116,->,186,124,->,186,125,->,186,131,->,188,112,->,190,107,->,191,117,->,192,97,->,192,98,->,192,106,->,192,107,->,194,1,->,194,96,->,194,101,->,194,102,->,194,103,->,194,105,->,195,103,->,196,95,->,196,99,->,196,102,->,196,108,->,197,15,->,198,6,->,198,96,->,198,104,->,199,96,->,200,89,->,200,91,->,200,95,->,200,103,->,200,105,->,200,106,->,201,94,->,206,93,->,206,94,->,207,92,->,207,97,->,208,12,->,208,96,->,208,97,->,209,11,->,209,15,->,209,96,->,210,95,->,210,96,->,213,84,->,214,194,->,214,195,->,214,197,->,215,197,->,218,92,->,219,91,->,220,1,->,221,86,->,224,210,->,224,211,->,224,212,->,224,213,->,225,1,->,225,210,->,225,211,->,225,212,->,227,240,->,228,237,->,228,238,->,229,237,->,229,238,->,230,228,->,230,230,->,230,231,->,230,232,->,230,234,->,230,240,->,231,230,->,231,231,->,231,232,->,231,239,->,232,232,->,234,220,->,234,223,->,234,224,->,234,225,->,234,226,->,235,219,->,236,219,->,237,237,->,238,217,->,238,218,->,238,239,->,240,222,->,240,223,->,241,225,->,241,226,->,241,227,->,241,236,->,241,237,->,241,242,->,241,243,->,242,242,->,242,243,->,255,226,->,256,71,->,257,70,->,257,166,->,257,167,->,258,166,->,264,226,->,265,226,->,271,211,->,287,219,->,287,226,->,288,228,->,289,219,->,290,216,->,291,223,->,292,271,->,294,213,->,296,231,->,299,213,->,301,213,->,302,213,->,303,214,->,303,228,->,320,244,->,321,215,->,322,214,->,323,61,->,323,221,->,323,240,->,323,245,->,324,60,->,324,245,->,325,59,->,325,61,->,325,231,->,326,56,->,326,59,->,326,61,->,326,235,->,327,57,->,327,251,->,328,55,->,328,56,->,328,64,->,328,253,->,329,55,->,329,63,->,330,57,->,330,61,->,331,65,->,331,66,->,331,68,->,332,61,->,332,63,->,333,59,->,333,62,->,333,63,->,333,69,->,334,60,->,334,269,->,335,60,->,339,61,->,340,61,->,340,62,->,346,59,->,350,135,->,351,134,->,352,134,->,353,128,->,353,131,->,353,134,->,353,177,->,354,128,->,354,130,->,354,131,->,354,133,->,355,127,->,355,133,->,356,134,->,356,135,->,356,136,->,359,136,->,359,174,->,360,123,->,360,136,->,363,132,->,364,122,->,364,137,->,365,128,->,365,133,->,365,134,->,366,121,->,366,122,->,366,126,->,366,135,->,366,136,->,367,122,->,368,122,->,369,122,->,370,121,->,372,122,->,372,178,->,373,121,->,374,121,->,375,178,->,377,122,->,379,149,->,380,140,->,381,157,->,383,143,->,383,167,->,394,180,->,395,149,->,398,176,->,398,178,->,399,175,->,399,176,->,406,156,->,411,151,->,413,151,->,417,152,->,422,138,->,424,143,->,437,129,->,437,137,->,438,84,->,438,118,->,439,93,->,440,109,->,440,123,->,443,121,->,443,135,->,
14,366,,7,167,->,9,143,->,10,116,->,13,145,->,17,141,->,18,105,->,21,99,->,24,90,->,25,93,->,27,97,->,32,96,->,37,57,->,51,55,->,51,108,->,52,107,->,52,110,->,53,108,->,53,109,->,54,62,->,54,63,->,54,105,->,54,111,->,55,104,->,55,118,->,56,46,->,56,61,->,56,62,->,56,109,->,57,83,->,57,91,->,57,103,->,57,112,->,57,113,->,58,103,->,58,115,->,58,116,->,59,115,->,62,32,->,62,33,->,62,66,->,66,40,->,66,99,->,67,62,->,67,109,->,68,99,->,68,124,->,69,40,->,69,42,->,69,109,->,71,125,->,72,109,->,72,110,->,73,63,->,73,107,->,74,105,->,74,106,->,74,107,->,74,108,->,75,107,->,75,111,->,76,108,->,76,109,->,77,112,->,78,112,->,79,112,->,80,14,->,80,122,->,80,128,->,81,53,->,81,106,->,81,111,->,81,122,->,82,56,->,82,108,->,83,109,->,83,111,->,83,117,->,83,118,->,84,17,->,84,105,->,84,110,->,84,111,->,84,113,->,84,115,->,84,123,->,85,105,->,85,112,->,85,113,->,85,115,->,85,127,->,86,112,->,86,113,->,86,123,->,87,20,->,87,111,->,87,124,->,88,19,->,90,37,->,90,104,->,91,6,->,91,18,->,93,107,->,94,48,->,95,4,->,95,63,->,96,17,->,96,32,->,96,36,->,96,63,->,97,37,->,98,46,->,99,23,->,100,22,->,101,27,->,103,6,->,103,61,->,106,3,->,106,65,->,107,3,->,107,13,->,109,15,->,109,60,->,110,14,->,110,15,->,110,18,->,113,3,->,115,41,->,120,35,->,121,36,->,121,42,->,121,43,->,122,43,->,126,4,->,126,5,->,126,51,->,127,5,->,128,2,->,128,44,->,129,45,->,129,56,->,131,3,->,131,4,->,132,4,->,133,5,->,133,9,->,134,5,->,135,6,->,136,6,->,143,1,->,161,46,->,161,49,->,162,126,->,162,129,->,162,130,->,162,132,->,163,46,->,163,128,->,164,46,->,164,49,->,164,130,->,165,49,->,165,127,->,165,140,->,166,128,->,166,129,->,167,120,->,167,124,->,168,120,->,168,123,->,168,124,->,168,125,->,169,2,->,169,110,->,169,124,->,170,116,->,170,122,->,171,119,->,171,120,->,171,124,->,172,121,->,172,122,->,172,123,->,173,120,->,173,122,->,173,125,->,174,128,->,174,130,->,175,110,->,178,111,->,181,113,->,182,103,->,182,106,->,183,3,->,183,103,->,183,104,->,183,135,->,184,102,->,184,135,->,185,123,->,185,124,->,186,3,->,186,126,->,187,126,->,187,127,->,191,1,->,191,106,->,192,3,->,192,104,->,192,105,->,193,6,->,193,102,->,194,3,->,194,97,->,194,100,->,194,106,->,194,108,->,195,100,->,195,106,->,196,5,->,196,7,->,196,93,->,196,94,->,196,98,->,196,103,->,196,104,->,197,96,->,197,105,->,197,107,->,198,94,->,199,94,->,200,90,->,200,92,->,200,93,->,201,91,->,201,92,->,206,95,->,207,93,->,207,95,->,208,91,->,209,14,->,209,88,->,211,95,->,212,95,->,215,94,->,216,93,->,218,84,->,219,84,->,220,0,->,220,85,->,220,90,->,221,87,->,223,8,->,228,239,->,228,240,->,229,240,->,230,229,->,230,238,->,231,229,->,231,233,->,231,238,->,233,231,->,234,222,->,235,220,->,235,226,->,236,220,->,237,218,->,237,219,->,238,219,->,238,220,->,238,227,->,239,220,->,239,221,->,239,228,->,239,237,->,239,240,->,240,224,->,240,225,->,240,237,->,240,241,->,241,224,->,241,228,->,242,236,->,252,231,->,276,213,->,282,215,->,288,219,->,289,220,->,290,268,->,294,211,->,295,211,->,304,236,->,308,228,->,314,233,->,314,238,->,318,239,->,321,226,->,322,240,->,324,61,->,325,60,->,326,60,->,326,64,->,327,59,->,328,58,->,328,63,->,329,57,->,329,58,->,331,58,->,331,59,->,331,62,->,332,65,->,333,66,->,333,68,->,334,68,->,335,259,->,341,62,->,341,63,->,343,63,->,345,58,->,345,59,->,346,181,->,347,180,->,353,129,->,354,129,->,355,131,->,355,132,->,357,126,->,357,131,->,358,133,->,358,135,->,361,136,->,364,121,->,364,131,->,364,133,->,364,134,->,365,121,->,365,122,->,365,135,->,366,123,->,367,123,->,367,167,->,368,123,->,374,149,->,375,150,->,381,149,->,382,157,->,394,176,->,395,153,->,399,154,->,407,152,->,417,154,->,418,152,->,420,152,->,420,153,->,421,153,->,421,158,->,423,136,->,425,144,->,428,111,->,431,151,->,434,115,->,437,149,->,438,83,->,439,122,->,441,110,->,441,129,->,444,134,->,
15,311,,9,140,->,11,144,->,13,150,->,21,97,->,27,80,->,27,94,->,28,74,->,30,80,->,31,73,->,32,73,->,34,88,->,48,69,->,49,55,->,51,42,->,52,108,->,52,111,->,53,107,->,53,110,->,53,111,->,54,104,->,54,108,->,54,109,->,55,62,->,55,64,->,55,107,->,55,108,->,55,111,->,56,34,->,56,110,->,56,111,->,57,62,->,57,109,->,57,111,->,58,113,->,58,117,->,60,115,->,60,116,->,60,121,->,61,113,->,67,41,->,68,110,->,70,110,->,71,42,->,71,46,->,71,108,->,71,109,->,73,109,->,73,110,->,73,125,->,74,43,->,74,99,->,74,110,->,74,111,->,74,125,->,74,126,->,75,108,->,75,110,->,75,112,->,77,99,->,77,127,->,78,39,->,79,128,->,80,13,->,80,120,->,80,121,->,81,19,->,81,20,->,81,21,->,81,112,->,81,113,->,82,17,->,82,106,->,82,112,->,82,113,->,82,127,->,83,112,->,83,113,->,83,114,->,83,124,->,83,126,->,83,128,->,84,79,->,84,122,->,84,124,->,85,104,->,85,123,->,85,126,->,86,111,->,86,124,->,87,103,->,89,38,->,90,6,->,92,107,->,94,9,->,94,49,->,98,11,->,98,39,->,99,40,->,99,41,->,100,64,->,101,0,->,101,1,->,102,1,->,104,9,->,105,19,->,105,63,->,107,4,->,107,65,->,108,4,->,109,0,->,109,1,->,109,3,->,109,5,->,110,5,->,110,16,->,110,17,->,111,6,->,111,17,->,111,23,->,112,6,->,113,7,->,114,19,->,115,19,->,115,71,->,116,20,->,122,2,->,123,44,->,127,7,->,127,66,->,129,46,->,139,38,->,161,48,->,162,49,->,162,136,->,163,48,->,163,49,->,163,50,->,163,129,->,163,130,->,163,137,->,163,139,->,164,47,->,164,50,->,164,128,->,164,129,->,164,140,->,165,125,->,168,121,->,169,114,->,169,118,->,169,120,->,169,121,->,169,123,->,170,110,->,170,120,->,171,110,->,171,117,->,171,118,->,172,110,->,173,121,->,173,123,->,174,126,->,174,127,->,176,111,->,176,129,->,177,111,->,177,112,->,177,131,->,178,112,->,178,132,->,179,134,->,180,113,->,182,4,->,182,113,->,184,103,->,184,104,->,184,115,->,184,116,->,185,125,->,185,126,->,188,3,->,189,7,->,189,8,->,191,105,->,192,1,->,192,2,->,193,1,->,193,98,->,193,101,->,193,103,->,193,105,->,193,107,->,193,108,->,194,98,->,195,1,->,195,96,->,195,97,->,195,98,->,195,99,->,195,105,->,196,96,->,196,97,->,196,105,->,197,92,->,197,94,->,197,95,->,197,103,->,197,104,->,198,91,->,198,93,->,198,95,->,198,105,->,199,90,->,199,92,->,199,95,->,199,106,->,200,94,->,201,93,->,207,94,->,208,90,->,208,92,->,211,94,->,212,85,->,212,94,->,213,94,->,214,94,->,215,84,->,215,93,->,217,84,->,217,92,->,218,89,->,218,91,->,219,90,->,220,86,->,220,87,->,220,88,->,230,239,->,234,221,->,235,223,->,236,221,->,236,222,->,237,220,->,237,221,->,237,227,->,238,221,->,239,222,->,239,223,->,239,224,->,239,225,->,239,236,->,239,238,->,240,226,->,240,227,->,240,235,->,242,238,->,283,216,->,288,215,->,311,224,->,311,237,->,312,211,->,313,205,->,315,224,->,323,243,->,327,58,->,327,61,->,327,63,->,328,57,->,328,62,->,329,60,->,330,58,->,332,263,->,352,176,->,353,173,->,355,128,->,355,129,->,355,130,->,356,131,->,356,132,->,357,128,->,357,132,->,357,134,->,360,124,->,362,122,->,362,123,->,364,123,->,364,128,->,364,130,->,365,123,->,366,124,->,381,179,->,385,150,->,389,153,->,390,153,->,392,154,->,393,154,->,398,157,->,399,157,->,416,151,->,423,137,->,426,137,->,426,144,->,428,140,->,429,113,->,430,154,->,433,151,->,438,70,->,439,131,->,440,108,->,441,119,->,445,123,->,445,124,->,
16,278,,7,144,->,7,151,->,11,157,->,17,104,->,18,104,->,19,101,->,19,104,->,19,105,->,23,106,->,25,87,->,26,93,->,28,102,->,29,74,->,30,75,->,32,91,->,33,77,->,34,92,->,36,92,->,42,72,->,43,91,->,44,55,->,45,47,->,47,52,->,51,62,->,54,107,->,54,110,->,55,60,->,55,90,->,55,109,->,55,110,->,56,108,->,56,118,->,57,64,->,57,89,->,57,110,->,57,118,->,57,119,->,58,109,->,58,110,->,58,111,->,58,112,->,58,119,->,59,112,->,59,113,->,59,117,->,60,110,->,60,112,->,60,113,->,61,34,->,61,112,->,61,115,->,61,121,->,62,115,->,63,33,->,63,122,->,64,32,->,64,122,->,66,108,->,66,109,->,67,35,->,67,110,->,67,123,->,68,41,->,68,109,->,68,123,->,69,110,->,69,123,->,72,100,->,72,111,->,72,125,->,73,43,->,73,106,->,73,108,->,73,111,->,74,112,->,75,99,->,75,109,->,76,101,->,76,112,->,77,15,->,77,100,->,78,100,->,78,127,->,79,38,->,79,127,->,80,38,->,80,112,->,80,127,->,81,119,->,81,126,->,81,127,->,81,128,->,82,107,->,82,126,->,83,115,->,83,116,->,83,123,->,83,125,->,84,19,->,84,112,->,84,114,->,84,127,->,85,111,->,86,7,->,86,110,->,90,109,->,93,106,->,95,12,->,96,12,->,97,11,->,98,10,->,98,64,->,100,44,->,102,22,->,104,8,->,105,64,->,106,11,->,109,13,->,109,18,->,113,25,->,113,26,->,115,70,->,116,34,->,117,9,->,117,20,->,117,53,->,118,49,->,126,54,->,128,46,->,128,47,->,129,43,->,137,7,->,138,8,->,139,37,->,140,9,->,161,47,->,162,47,->,162,127,->,162,128,->,163,126,->,163,127,->,163,135,->,163,136,->,163,138,->,164,125,->,164,126,->,164,138,->,164,139,->,165,129,->,165,130,->,168,122,->,170,115,->,170,119,->,171,116,->,173,110,->,174,110,->,175,127,->,175,128,->,175,129,->,177,130,->,179,112,->,180,135,->,182,3,->,183,115,->,184,2,->,184,117,->,185,128,->,185,129,->,189,3,->,193,0,->,193,99,->,193,100,->,193,104,->,194,0,->,194,99,->,195,104,->,195,108,->,196,106,->,197,106,->,198,92,->,199,91,->,199,93,->,199,105,->,208,95,->,209,89,->,209,92,->,209,95,->,210,87,->,214,84,->,214,93,->,215,92,->,216,84,->,216,92,->,220,2,->,222,11,->,229,239,->,235,221,->,235,222,->,235,224,->,235,225,->,236,223,->,236,225,->,237,222,->,238,222,->,238,235,->,239,239,->,240,236,->,241,241,->,272,200,->,279,216,->,280,216,->,282,219,->,290,267,->,293,230,->,299,216,->,299,219,->,305,207,->,306,213,->,307,216,->,309,230,->,310,226,->,318,222,->,319,216,->,320,219,->,321,211,->,321,232,->,326,62,->,326,63,->,327,60,->,327,62,->,328,59,->,328,60,->,328,61,->,329,249,->,332,59,->,352,177,->,354,172,->,356,127,->,356,129,->,358,132,->,358,134,->,359,125,->,359,133,->,359,135,->,360,132,->,360,133,->,361,123,->,363,122,->,363,131,->,363,135,->,364,129,->,364,132,->,364,135,->,364,136,->,365,124,->,365,125,->,365,126,->,365,136,->,377,181,->,378,181,->,379,178,->,396,143,->,400,163,->,401,159,->,401,162,->,413,156,->,419,158,->,421,157,->,422,156,->,425,135,->,428,144,->,429,112,->,430,113,->,436,136,->,440,106,->,442,136,->,444,139,->,445,134,->,
17,188,,7,118,->,9,154,->,10,148,->,12,145,->,12,146,->,12,149,->,20,107,->,20,108,->,21,107,->,22,104,->,23,88,->,23,105,->,30,74,->,31,70,->,32,70,->,43,71,->,46,53,->,47,62,->,48,84,->,49,79,->,53,61,->,54,90,->,54,91,->,54,106,->,55,61,->,56,63,->,56,104,->,58,89,->,58,118,->,59,46,->,59,110,->,59,111,->,59,116,->,59,119,->,60,111,->,61,110,->,61,111,->,62,46,->,62,113,->,62,114,->,62,121,->,63,50,->,63,113,->,66,123,->,70,108,->,70,123,->,70,124,->,72,108,->,73,33,->,73,99,->,73,100,->,73,112,->,74,54,->,74,109,->,75,73,->,76,99,->,77,113,->,78,15,->,78,113,->,79,14,->,79,15,->,80,123,->,81,118,->,81,123,->,82,114,->,82,115,->,82,116,->,82,118,->,82,124,->,83,106,->,83,107,->,83,108,->,84,109,->,85,108,->,85,110,->,87,7,->,87,110,->,89,6,->,90,107,->,91,105,->,91,107,->,92,106,->,92,108,->,97,56,->,105,54,->,107,18,->,112,7,->,115,52,->,117,36,->,122,1,->,123,57,->,135,28,->,162,48,->,163,47,->,164,127,->,169,112,->,169,113,->,169,122,->,171,111,->,173,111,->,173,124,->,174,125,->,175,111,->,176,112,->,176,128,->,177,129,->,178,131,->,179,113,->,179,133,->,182,114,->,182,136,->,183,116,->,183,117,->,183,120,->,183,121,->,184,118,->,184,124,->,185,127,->,185,133,->,190,9,->,194,104,->,194,107,->,197,93,->,198,106,->,202,7,->,208,93,->,208,94,->,209,91,->,211,86,->,213,85,->,216,91,->,217,91,->,218,85,->,219,85,->,219,86,->,219,87,->,220,89,->,221,2,->,236,224,->,236,226,->,238,225,->,239,227,->,239,235,->,240,238,->,242,240,->,282,216,->,282,217,->,283,217,->,284,217,->,301,235,->,303,238,->,308,220,->,308,221,->,316,225,->,319,221,->,329,59,->,330,59,->,356,128,->,356,130,->,357,130,->,360,134,->,362,132,->,362,136,->,362,137,->,363,123,->,363,124,->,363,133,->,363,134,->,363,136,->,364,124,->,364,126,->,364,172,->,365,127,->,383,181,->,390,172,->,391,173,->,392,173,->,393,185,->,399,179,->,407,147,->,415,153,->,420,157,->,420,158,->,421,155,->,424,142,->,439,87,->,442,130,->,444,137,->,
18,208,,5,149,->,8,150,->,8,151,->,12,147,->,13,147,->,18,101,->,19,106,->,19,111,->,26,94,->,28,78,->,28,92,->,29,90,->,31,76,->,36,96,->,36,97,->,39,89,->,44,67,->,45,70,->,47,82,->,51,64,->,54,61,->,55,91,->,55,105,->,56,64,->,56,107,->,57,107,->,58,63,->,58,108,->,59,109,->,59,120,->,60,109,->,61,114,->,62,110,->,62,111,->,62,112,->,63,114,->,65,55,->,65,121,->,65,122,->,66,122,->,67,24,->,68,39,->,68,102,->,68,108,->,68,111,->,68,112,->,69,99,->,69,111,->,69,124,->,70,20,->,70,112,->,70,122,->,71,20,->,71,100,->,71,101,->,71,111,->,71,112,->,72,63,->,72,101,->,72,112,->,72,124,->,73,104,->,73,113,->,74,100,->,74,113,->,75,125,->,75,126,->,76,113,->,76,126,->,77,126,->,78,14,->,78,114,->,79,36,->,79,113,->,79,119,->,79,122,->,79,126,->,80,113,->,80,124,->,80,126,->,81,115,->,81,125,->,82,117,->,82,123,->,82,125,->,82,128,->,83,127,->,84,108,->,85,107,->,85,109,->,86,63,->,86,104,->,86,105,->,86,108,->,87,8,->,88,104,->,88,110,->,89,5,->,89,104,->,91,106,->,92,17,->,94,17,->,94,32,->,95,18,->,95,34,->,96,19,->,98,9,->,103,9,->,107,26,->,108,28,->,108,29,->,109,30,->,109,45,->,111,7,->,117,49,->,118,52,->,122,4,->,122,59,->,123,5,->,123,6,->,123,7,->,123,8,->,124,9,->,124,10,->,124,56,->,125,13,->,125,15,->,127,49,->,127,53,->,131,59,->,158,6,->,169,0,->,169,111,->,172,111,->,172,117,->,172,119,->,174,111,->,177,114,->,181,3,->,181,115,->,182,115,->,183,118,->,183,122,->,184,123,->,184,125,->,184,134,->,189,1,->,195,107,->,196,107,->,203,16,->,209,90,->,209,93,->,209,94,->,210,94,->,213,93,->,216,85,->,219,3,->,219,7,->,219,89,->,221,5,->,226,1,->,227,0,->,237,225,->,237,226,->,238,223,->,238,224,->,238,226,->,239,226,->,240,239,->,241,240,->,242,239,->,302,236,->,309,234,->,312,212,->,321,244,->,328,252,->,331,268,->,332,223,->,357,127,->,358,126,->,358,128,->,358,131,->,359,132,->,360,135,->,361,124,->,361,132,->,362,135,->,364,125,->,364,127,->,373,187,->,384,181,->,387,180,->,389,171,->,390,173,->,391,176,->,400,144,->,418,157,->,419,157,->,423,138,->,425,156,->,426,136,->,429,153,->,430,112,->,432,153,->,437,132,->,441,107,->,441,125,->,442,133,->,
19,185,,10,155,->,11,152,->,16,149,->,26,98,->,27,99,->,29,73,->,30,73,->,32,75,->,32,77,->,37,77,->,38,64,->,38,90,->,40,85,->,42,50,->,42,65,->,42,67,->,44,68,->,44,69,->,48,45,->,55,106,->,57,33,->,57,104,->,57,108,->,58,44,->,58,90,->,59,103,->,59,108,->,59,118,->,61,116,->,63,111,->,63,112,->,63,121,->,64,111,->,64,112,->,64,113,->,65,108,->,67,100,->,67,102,->,67,103,->,67,111,->,67,122,->,68,66,->,68,67,->,68,114,->,68,115,->,69,108,->,69,112,->,69,114,->,70,98,->,70,111,->,71,124,->,72,99,->,72,103,->,72,113,->,73,114,->,74,102,->,75,100,->,75,101,->,75,113,->,75,114,->,76,48,->,76,114,->,76,125,->,77,114,->,78,125,->,78,126,->,79,117,->,79,121,->,79,123,->,80,115,->,80,119,->,81,16,->,81,42,->,81,114,->,81,116,->,81,124,->,82,72,->,84,107,->,85,106,->,87,6,->,87,59,->,87,105,->,87,108,->,88,6,->,88,7,->,88,108,->,89,7,->,89,107,->,90,105,->,90,108,->,91,108,->,92,7,->,95,40,->,96,55,->,107,19,->,107,42,->,116,52,->,126,42,->,126,43,->,127,50,->,170,9,->,170,112,->,171,112,->,172,112,->,172,116,->,172,118,->,174,121,->,175,126,->,176,115,->,177,115,->,178,113,->,181,135,->,182,116,->,182,117,->,183,119,->,183,123,->,184,127,->,184,128,->,185,130,->,185,131,->,197,13,->,199,13,->,204,1,->,207,1,->,207,5,->,210,88,->,214,85,->,218,86,->,218,87,->,221,7,->,222,3,->,225,5,->,237,224,->,241,238,->,278,215,->,290,215,->,290,226,->,303,219,->,303,234,->,304,217,->,315,233,->,321,236,->,325,236,->,332,267,->,355,170,->,357,129,->,358,127,->,358,129,->,359,126,->,359,131,->,360,125,->,360,130,->,361,134,->,361,135,->,362,124,->,362,133,->,363,126,->,363,129,->,378,143,->,380,139,->,381,135,->,388,170,->,393,178,->,394,178,->,396,180,->,397,180,->,397,181,->,398,181,->,400,169,->,410,156,->,419,151,->,419,154,->,419,155,->,420,155,->,422,157,->,422,158,->,423,139,->,424,135,->,438,109,->,438,117,->,438,122,->,440,93,->,442,115,->,442,122,->,443,122,->,
20,162,,13,149,->,16,102,->,17,101,->,32,76,->,34,62,->,36,62,->,37,54,->,37,64,->,44,45,->,45,45,->,47,46,->,49,51,->,53,60,->,54,59,->,54,60,->,56,105,->,60,108,->,60,117,->,60,119,->,61,28,->,61,102,->,61,117,->,63,110,->,64,55,->,64,110,->,64,121,->,65,100,->,65,101,->,65,110,->,66,23,->,66,100,->,66,101,->,66,102,->,66,107,->,66,110,->,66,115,->,67,108,->,67,114,->,67,115,->,68,100,->,68,103,->,68,116,->,68,122,->,69,100,->,69,102,->,69,115,->,69,116,->,69,122,->,70,100,->,72,107,->,73,101,->,73,105,->,73,115,->,74,51,->,74,114,->,74,124,->,77,51,->,77,118,->,77,125,->,78,120,->,79,114,->,79,115,->,79,118,->,79,120,->,79,124,->,80,16,->,81,117,->,82,38,->,85,55,->,86,109,->,87,104,->,88,107,->,96,8,->,98,1,->,106,19,->,108,38,->,112,65,->,113,66,->,116,47,->,116,51,->,127,45,->,140,0,->,148,5,->,170,111,->,170,113,->,170,114,->,171,115,->,173,118,->,173,119,->,174,116,->,175,112,->,175,115,->,175,116,->,176,114,->,178,114,->,178,115,->,178,130,->,180,114,->,181,114,->,182,119,->,182,121,->,184,130,->,184,132,->,184,133,->,185,132,->,204,13,->,210,89,->,210,90,->,210,91,->,210,93,->,211,89,->,211,93,->,212,86,->,212,93,->,214,92,->,215,85,->,215,91,->,217,85,->,217,90,->,218,88,->,219,88,->,240,240,->,270,210,->,279,229,->,298,210,->,300,217,->,303,235,->,305,216,->,305,217,->,305,231,->,307,209,->,313,237,->,317,241,->,322,231,->,358,130,->,359,134,->,360,131,->,361,133,->,362,127,->,362,134,->,363,125,->,363,127,->,363,137,->,377,135,->,383,154,->,386,173,->,389,175,->,395,179,->,399,171,->,401,170,->,405,153,->,415,157,->,424,136,->,424,137,->,424,141,->,427,144,->,444,115,->,444,126,->,446,124,->,446,125,->,447,124,->,447,125,->,
21,134,,8,147,->,21,108,->,34,78,->,38,54,->,39,60,->,39,82,->,45,46,->,52,60,->,59,34,->,59,47,->,59,104,->,60,118,->,60,120,->,61,109,->,61,118,->,62,109,->,63,107,->,63,109,->,63,115,->,64,78,->,64,101,->,64,109,->,64,114,->,65,102,->,66,111,->,66,112,->,66,114,->,66,116,->,66,121,->,67,112,->,67,113,->,67,116,->,67,117,->,68,101,->,68,117,->,69,101,->,70,99,->,70,102,->,70,114,->,70,115,->,71,115,->,74,101,->,76,100,->,76,115,->,77,115,->,78,116,->,78,117,->,79,47,->,79,125,->,80,18,->,80,114,->,80,116,->,80,117,->,80,118,->,80,125,->,83,19,->,84,106,->,85,20,->,86,107,->,87,107,->,87,109,->,88,9,->,88,109,->,89,105,->,89,106,->,89,108,->,89,109,->,90,106,->,104,18,->,111,0,->,112,0,->,112,29,->,114,1,->,115,46,->,119,54,->,127,46,->,143,9,->,147,5,->,171,114,->,172,113,->,173,112,->,173,116,->,174,122,->,174,124,->,175,114,->,177,113,->,180,134,->,181,117,->,182,118,->,182,122,->,184,126,->,184,129,->,207,8,->,208,11,->,210,92,->,211,87,->,211,90,->,211,91,->,213,86,->,216,7,->,217,86,->,221,10,->,237,223,->,241,239,->,273,209,->,284,218,->,314,232,->,315,232,->,319,239,->,324,237,->,325,238,->,335,267,->,351,188,->,359,127,->,359,129,->,359,130,->,360,128,->,361,125,->,361,130,->,361,131,->,362,125,->,362,128,->,362,129,->,363,130,->,384,184,->,390,167,->,396,181,->,424,140,->,425,143,->,427,141,->,435,136,->,439,104,->,447,130,->,447,132,->,
22,121,,8,146,->,10,113,->,11,113,->,15,153,->,34,60,->,36,75,->,39,52,->,40,51,->,40,74,->,47,48,->,51,37,->,53,59,->,56,106,->,60,104,->,60,107,->,62,102,->,62,106,->,62,116,->,62,117,->,63,106,->,63,108,->,64,108,->,64,115,->,65,103,->,65,105,->,65,106,->,65,109,->,65,112,->,65,113,->,65,114,->,65,115,->,66,105,->,66,113,->,67,101,->,67,121,->,68,113,->,69,113,->,69,121,->,70,101,->,71,123,->,72,104,->,72,115,->,73,124,->,74,116,->,75,115,->,75,116,->,75,117,->,75,124,->,77,116,->,77,117,->,78,115,->,78,118,->,78,119,->,78,124,->,79,116,->,86,6,->,87,58,->,88,5,->,88,105,->,88,106,->,95,17,->,96,16,->,96,31,->,106,20,->,114,67,->,115,2,->,171,113,->,172,114,->,172,115,->,174,112,->,174,119,->,174,120,->,175,5,->,175,125,->,176,113,->,179,114,->,179,115,->,179,132,->,180,115,->,180,116,->,181,9,->,182,120,->,182,135,->,183,124,->,183,131,->,190,4,->,203,8,->,207,9,->,211,88,->,212,87,->,212,88,->,212,89,->,213,88,->,213,92,->,214,86,->,214,87,->,215,86,->,215,88,->,216,86,->,306,224,->,311,231,->,316,235,->,333,269,->,334,268,->,359,128,->,360,126,->,360,127,->,361,126,->,361,127,->,361,128,->,361,129,->,362,126,->,362,131,->,363,128,->,424,139,->,425,140,->,426,138,->,427,140,->,429,144,->,438,126,->,443,112,->,
23,94,,10,111,->,35,63,->,40,53,->,44,57,->,48,52,->,52,37,->,52,39,->,57,81,->,57,106,->,58,35,->,58,107,->,59,106,->,59,107,->,60,33,->,60,106,->,61,107,->,61,108,->,62,107,->,62,108,->,62,118,->,63,101,->,63,116,->,63,119,->,64,102,->,64,107,->,64,119,->,64,120,->,65,111,->,65,116,->,65,120,->,66,104,->,66,117,->,66,120,->,67,106,->,67,107,->,68,105,->,68,106,->,68,107,->,68,120,->,69,103,->,69,117,->,71,113,->,72,122,->,73,116,->,74,115,->,75,44,->,76,116,->,76,117,->,77,119,->,77,121,->,78,46,->,78,122,->,86,106,->,90,63,->,91,50,->,92,51,->,115,58,->,116,58,->,143,10,->,145,7,->,147,7,->,173,117,->,174,117,->,176,127,->,181,116,->,181,118,->,183,125,->,183,128,->,184,131,->,204,11,->,211,92,->,212,90,->,212,92,->,213,87,->,214,88,->,214,91,->,215,87,->,216,88,->,217,87,->,217,88,->,217,89,->,250,233,->,271,199,->,274,209,->,300,230,->,313,211,->,333,262,->,333,263,->,362,130,->,380,170,->,392,184,->,425,136,->,426,139,->,427,142,->,
24,75,,7,146,->,35,59,->,35,60,->,41,80,->,52,36,->,53,36,->,54,35,->,54,36,->,55,33,->,56,33,->,58,31,->,60,28,->,60,30,->,61,119,->,61,120,->,64,103,->,64,104,->,64,116,->,64,117,->,65,107,->,65,117,->,66,103,->,66,118,->,67,120,->,68,104,->,68,121,->,70,103,->,70,107,->,70,113,->,70,117,->,71,102,->,71,104,->,71,114,->,71,122,->,72,106,->,72,114,->,72,123,->,74,123,->,75,123,->,76,118,->,76,124,->,77,123,->,77,124,->,78,121,->,87,106,->,92,52,->,93,52,->,144,9,->,145,8,->,148,7,->,174,115,->,175,113,->,177,128,->,179,116,->,180,133,->,182,123,->,183,126,->,183,129,->,183,132,->,183,133,->,183,134,->,212,91,->,213,89,->,213,91,->,214,90,->,216,87,->,216,90,->,288,224,->,301,229,->,360,129,->,380,176,->,383,186,->,425,154,->,426,143,->,446,137,->,
25,69,,48,53,->,53,37,->,54,34,->,58,104,->,58,105,->,58,106,->,59,29,->,59,31,->,61,106,->,62,120,->,63,102,->,63,103,->,64,105,->,65,104,->,65,119,->,66,106,->,66,119,->,67,104,->,67,105,->,67,119,->,69,104,->,69,107,->,70,104,->,70,106,->,70,121,->,71,103,->,71,121,->,72,116,->,72,117,->,73,117,->,73,122,->,73,123,->,74,117,->,75,118,->,76,59,->,77,120,->,78,123,->,89,9,->,94,53,->,99,61,->,130,15,->,132,16,->,142,8,->,144,8,->,173,113,->,173,115,->,174,118,->,176,116,->,179,117,->,180,117,->,180,118,->,181,119,->,181,120,->,181,134,->,182,134,->,183,130,->,213,90,->,215,89,->,262,219,->,262,220,->,294,219,->,317,208,->,319,226,->,383,170,->,424,138,->,425,137,->,425,138,->,426,140,->,428,143,->,
26,56,,13,154,->,42,76,->,48,51,->,50,51,->,53,35,->,57,31,->,57,40,->,57,105,->,58,30,->,58,32,->,62,103,->,63,105,->,63,118,->,68,119,->,69,105,->,69,120,->,70,105,->,70,116,->,71,116,->,72,102,->,72,105,->,73,102,->,75,122,->,76,119,->,76,120,->,76,123,->,90,13,->,93,60,->,120,32,->,174,123,->,176,126,->,177,119,->,177,126,->,178,116,->,178,119,->,179,118,->,179,119,->,181,133,->,182,124,->,183,127,->,214,89,->,215,90,->,216,89,->,293,222,->,297,232,->,314,221,->,316,223,->,316,224,->,318,224,->,320,224,->,358,170,->,385,149,->,388,163,->,425,142,->,438,106,->,440,96,->,
27,56,,45,67,->,47,51,->,49,52,->,53,39,->,55,40,->,56,32,->,56,36,->,56,45,->,57,34,->,59,105,->,60,103,->,60,105,->,62,119,->,63,120,->,64,31,->,64,106,->,64,118,->,65,118,->,67,42,->,67,118,->,69,106,->,70,120,->,71,106,->,73,46,->,75,119,->,75,121,->,76,121,->,77,122,->,86,20,->,86,65,->,89,48,->,95,52,->,107,45,->,116,17,->,117,17,->,120,58,->,143,8,->,144,6,->,173,114,->,177,116,->,178,118,->,179,131,->,180,119,->,180,132,->,292,219,->,294,237,->,301,227,->,307,232,->,323,226,->,324,225,->,360,171,->,383,168,->,426,141,->,438,132,->,438,133,->,440,134,->,
28,42,,46,59,->,52,42,->,60,65,->,61,105,->,63,104,->,63,117,->,66,54,->,68,118,->,69,118,->,71,105,->,71,107,->,71,117,->,71,118,->,71,119,->,72,118,->,72,120,->,72,121,->,74,53,->,74,118,->,74,119,->,75,120,->,76,122,->,99,31,->,102,41,->,106,46,->,113,49,->,114,48,->,118,42,->,143,7,->,175,120,->,178,117,->,178,129,->,179,120,->,182,133,->,203,10,->,300,226,->,337,270,->,381,138,->,381,172,->,382,139,->,425,139,->,439,92,->,
29,39,,42,56,->,45,58,->,49,61,->,57,35,->,61,104,->,63,47,->,67,40,->,69,119,->,70,118,->,72,119,->,73,118,->,73,119,->,73,120,->,73,121,->,74,120,->,74,122,->,79,48,->,81,36,->,85,72,->,90,33,->,99,35,->,100,45,->,100,63,->,113,62,->,142,7,->,168,8,->,174,113,->,177,118,->,177,120,->,177,127,->,178,120,->,178,121,->,181,122,->,182,132,->,204,7,->,205,8,->,425,141,->,426,142,->,427,143,->,
30,40,,41,55,->,49,60,->,50,44,->,61,103,->,62,104,->,62,105,->,66,46,->,66,51,->,67,56,->,68,85,->,69,43,->,70,119,->,71,120,->,74,121,->,75,52,->,76,45,->,76,52,->,77,52,->,78,70,->,79,69,->,81,50,->,85,68,->,88,34,->,97,40,->,108,56,->,109,48,->,128,64,->,174,114,->,176,120,->,176,125,->,180,120,->,181,121,->,181,132,->,182,131,->,295,230,->,316,220,->,319,237,->,368,182,->,420,154,->,440,101,->,
31,28,,50,43,->,55,39,->,64,47,->,67,45,->,68,42,->,74,52,->,75,63,->,77,53,->,78,53,->,79,54,->,96,40,->,96,53,->,104,46,->,105,47,->,108,47,->,172,9,->,175,117,->,175,121,->,179,121,->,289,221,->,302,212,->,305,208,->,351,175,->,367,183,->,375,177,->,377,186,->,381,168,->,440,97,->,
32,34,,49,42,->,64,48,->,67,46,->,69,44,->,70,45,->,71,45,->,71,60,->,73,45,->,74,42,->,77,54,->,80,24,->,80,55,->,81,57,->,89,33,->,106,47,->,142,6,->,173,9,->,175,119,->,175,122,->,175,124,->,176,121,->,177,117,->,178,128,->,182,125,->,182,126,->,182,127,->,182,130,->,394,174,->,438,68,->,438,102,->,439,96,->,439,100,->,440,84,->,440,91,->,
33,23,,43,74,->,56,40,->,68,44,->,69,46,->,70,43,->,70,53,->,71,39,->,77,45,->,82,51,->,98,41,->,108,53,->,176,119,->,177,121,->,180,121,->,180,131,->,181,123,->,181,124,->,308,232,->,328,221,->,335,256,->,425,153,->,439,102,->,440,102,->,
34,31,,33,80,->,66,44,->,69,45,->,78,54,->,81,26,->,81,27,->,81,58,->,87,35,->,89,31,->,141,35,->,168,0,->,173,8,->,175,118,->,177,125,->,179,130,->,181,125,->,181,126,->,182,129,->,271,226,->,330,250,->,400,148,->,421,156,->,434,140,->,438,105,->,439,72,->,440,98,->,440,104,->,441,97,->,441,102,->,442,106,->,443,143,->,
35,29,,66,43,->,68,45,->,68,46,->,68,47,->,74,59,->,76,50,->,79,55,->,79,56,->,82,21,->,83,35,->,107,56,->,123,58,->,135,27,->,137,47,->,176,117,->,176,122,->,178,127,->,181,131,->,182,128,->,317,214,->,322,217,->,438,108,->,439,98,->,440,77,->,440,79,->,440,82,->,440,105,->,443,113,->,447,128,->,
36,26,,67,44,->,68,33,->,79,46,->,82,23,->,87,38,->,124,62,->,175,123,->,177,122,->,178,126,->,179,128,->,180,122,->,180,123,->,180,125,->,312,243,->,324,251,->,336,265,->,400,175,->,407,156,->,427,154,->,439,97,->,439,99,->,441,98,->,441,112,->,444,127,->,446,122,->,446,129,->,
37,22,,67,43,->,75,17,->,77,44,->,78,45,->,83,22,->,89,37,->,107,60,->,111,55,->,118,43,->,176,124,->,178,122,->,179,122,->,179,127,->,181,130,->,320,234,->,328,225,->,334,254,->,339,269,->,440,83,->,440,85,->,440,112,->,441,99,->,
38,15,,69,47,->,74,49,->,80,30,->,87,36,->,108,55,->,135,20,->,136,21,->,176,118,->,178,125,->,180,124,->,180,130,->,181,129,->,322,213,->,401,148,->,446,128,->,
39,15,,44,73,->,73,48,->,92,37,->,109,55,->,124,64,->,132,23,->,136,22,->,176,123,->,179,125,->,179,126,->,179,129,->,181,127,->,181,128,->,326,249,->,337,257,->,
40,14,,108,54,->,112,44,->,117,43,->,132,22,->,136,28,->,180,126,->,180,127,->,313,226,->,320,238,->,322,242,->,331,253,->,416,154,->,420,156,->,436,92,->,
41,13,,79,21,->,84,76,->,85,64,->,88,41,->,109,56,->,134,24,->,134,25,->,137,23,->,178,123,->,178,124,->,319,238,->,410,152,->,418,155,->,
42,8,,75,42,->,133,22,->,135,23,->,177,123,->,177,124,->,179,123,->,179,124,->,321,237,->,
43,8,,88,46,->,131,54,->,134,21,->,180,128,->,318,218,->,327,235,->,330,252,->,390,179,->,
44,10,,84,81,->,92,42,->,119,45,->,136,27,->,137,27,->,138,25,->,138,26,->,322,237,->,331,251,->,427,153,->,
45,11,,133,21,->,134,23,->,136,23,->,136,24,->,137,28,->,138,27,->,161,3,->,323,238,->,343,195,->,423,154,->,426,155,->,
46,10,,127,17,->,134,22,->,135,24,->,137,25,->,137,26,->,139,30,->,180,129,->,320,231,->,328,251,->,363,175,->,
47,7,,40,95,->,93,43,->,129,54,->,139,28,->,299,232,->,385,144,->,421,152,->,
48,10,,93,44,->,140,30,->,283,219,->,301,234,->,304,235,->,322,243,->,437,90,->,441,139,->,447,127,->,447,129,->,
49,2,,138,29,->,301,231,->,
50,2,,110,69,->,127,16,->,
51,5,,148,27,->,160,9,->,165,5,->,294,229,->,354,183,->,
52,2,,96,47,->,115,73,->,
53,1,,167,9,->,
54,3,,101,58,->,103,57,->,436,90,->,
55,1,,87,73,->,
56,2,,103,58,->,158,8,->,
57,3,,102,59,->,278,220,->,445,125,->,
58,1,,100,61,->,
59,0,,
60,1,,168,6,->,
61,2,,102,61,->,105,61,->,
62,2,,111,69,->,160,10,->,
63,3,,166,6,->,220,7,->,220,8,->,
64,8,,106,62,->,158,7,->,166,5,->,167,5,->,268,222,->,274,222,->,396,160,->,400,162,->,
65,5,,85,79,->,107,67,->,109,66,->,277,221,->,399,162,->,
66,8,,88,72,->,108,65,->,111,68,->,113,71,->,157,9,->,300,237,->,305,222,->,357,171,->,
67,5,,157,10,->,164,6,->,165,6,->,306,222,->,307,222,->,
68,2,,159,10,->,161,5,->,
69,7,,139,6,->,149,0,->,158,10,->,160,7,->,161,6,->,333,217,->,354,175,->,
70,3,,141,0,->,157,8,->,356,172,->,
71,8,,138,5,->,143,0,->,158,9,->,159,7,->,159,8,->,269,217,->,284,220,->,359,172,->,
72,1,,140,6,->,
73,5,,86,79,->,268,220,->,270,222,->,271,215,->,275,216,->,
74,9,,93,72,->,96,71,->,157,7,->,158,5,->,272,219,->,285,225,->,307,211,->,321,222,->,332,220,->,
75,5,,139,5,->,322,221,->,323,220,->,325,217,->,333,220,->,
76,8,,85,74,->,140,1,->,166,8,->,277,222,->,324,216,->,324,217,->,324,221,->,328,220,->,
77,9,,85,78,->,86,78,->,168,7,->,266,219,->,269,213,->,273,225,->,321,225,->,322,220,->,434,149,->,
78,9,,138,4,->,140,5,->,142,4,->,144,3,->,157,6,->,269,219,->,272,215,->,275,217,->,278,224,->,
79,3,,274,215,->,318,216,->,320,220,->,
80,3,,273,217,->,326,220,->,434,151,->,
81,5,,136,1,->,137,3,->,139,0,->,139,1,->,139,3,->,
82,5,,86,77,->,135,1,->,138,1,->,140,4,->,269,215,->,
83,2,,136,2,->,139,4,->,
84,2,,138,0,->,270,215,->,
85,2,,88,73,->,88,76,->,
86,3,,88,77,->,98,78,->,139,2,->,
87,1,,90,76,->,
88,2,,84,77,->,85,77,->,
89,1,,87,76,->,
90,0,,
91,1,,107,76,->,
92,0,,
93,0,,
94,1,,90,77,->,
95,1,,87,72,->,
96,1,,85,76,->,
97,1,,86,76,->,
98,0,,
99,2,,281,217,->,434,148,->,
100,1,,104,76,->,
101,1,,95,77,->,
102,0,,
103,0,,
104,0,,
105,1,,88,75,->,
106,0,,
107,0,,
108,2,,89,76,->,107,78,->,
109,1,,94,70,->,
110,1,,94,78,->,
111,2,,86,75,->,96,78,->,
112,0,,
113,2,,105,72,->,387,169,->,
114,0,,
115,3,,89,75,->,96,69,->,103,76,->,
116,2,,97,70,->,384,171,->,
117,1,,280,223,->,
118,2,,92,75,->,106,74,->,
119,0,,
120,2,,104,74,->,284,221,->,
121,0,,
122,5,,95,70,->,96,73,->,97,71,->,283,221,->,292,217,->,
123,2,,283,222,->,285,222,->,
124,3,,86,74,->,95,69,->,436,148,->,
125,0,,
126,3,,95,72,->,106,73,->,432,151,->,
127,1,,108,75,->,
128,6,,90,74,->,93,70,->,93,76,->,95,78,->,281,223,->,287,216,->,
129,3,,107,74,->,400,151,->,437,147,->,
130,1,,387,170,->,
131,6,,94,69,->,95,71,->,95,75,->,288,217,->,297,211,->,435,149,->,
132,6,,92,70,->,105,73,->,281,221,->,435,150,->,436,147,->,436,149,->,
133,8,,93,75,->,96,72,->,102,75,->,106,79,->,434,150,->,443,111,->,444,117,->,445,120,->,
134,7,,90,72,->,92,74,->,94,71,->,109,76,->,293,214,->,297,210,->,298,211,->,
135,3,,91,72,->,91,73,->,281,222,->,
136,6,,89,72,->,91,71,->,92,71,->,93,71,->,105,74,->,296,213,->,
137,5,,92,72,->,93,69,->,94,75,->,108,76,->,311,216,->,
138,6,,90,71,->,93,68,->,94,77,->,107,75,->,282,221,->,284,223,->,
139,2,,93,74,->,291,217,->,
140,6,,86,72,->,91,70,->,95,76,->,104,75,->,106,75,->,296,215,->,
141,7,,89,71,->,94,74,->,103,75,->,105,75,->,105,78,->,286,221,->,289,224,->,
142,3,,96,75,->,104,78,->,278,219,->,
143,4,,92,69,->,94,73,->,95,73,->,95,74,->,
144,3,,87,71,->,109,77,->,292,220,->,
145,5,,91,69,->,102,78,->,281,218,->,288,216,->,288,221,->,
146,0,,
147,3,,103,78,->,281,220,->,295,220,->,
148,3,,89,70,->,105,76,->,106,78,->,
149,3,,89,68,->,106,76,->,296,220,->,
150,3,,86,71,->,88,66,->,288,222,->,
151,0,,
152,0,,
153,2,,280,218,->,296,221,->,
154,2,,107,77,->,278,216,->,
155,0,,
156,2,,72,23,->,86,70,->,
157,2,,105,77,->,290,224,->,
158,0,,
159,2,,89,67,->,297,230,->,
160,0,,
161,2,,63,29,->,324,247,->,
162,0,,
163,1,,88,67,->,
164,1,,74,18,->,
165,1,,87,68,->,
166,2,,73,29,->,74,19,->,
167,0,,
168,2,,273,213,->,316,236,->,
169,0,,
170,0,,
171,1,,319,235,->,
172,0,,
173,0,,
174,0,,
175,0,,
176,0,,
177,0,,
178,0,,
179,1,,77,63,->,
180,0,,
181,0,,
182,1,,74,28,->,
183,0,,
184,0,,
185,0,,
186,1,,76,65,->,
187,0,,
188,0,,
189,0,,
190,0,,
191,0,,
192,0,,
193,0,,
194,0,,
195,0,,
196,0,,
197,0,,
198,0,,
199,0,,
200,0,,
201,0,,
202,0,,
203,0,,
204,0,,
205,0,,
206,0,,
207,0,,
208,0,,
209,0,,
210,0,,
211,0,,
212,0,,
213,0,,
214,0,,
215,0,,
216,0,,
217,0,,
218,0,,
219,0,,
220,0,,
221,0,,
222,0,,
223,0,,
224,0,,
225,0,,
226,0,,
227,0,,
228,0,,
229,0,,
230,0,,
231,0,,
232,0,,
233,0,,
234,0,,
235,0,,
236,0,,
237,0,,
238,0,,
239,0,,
240,0,,
241,0,,
242,0,,
243,0,,
244,0,,
245,0,,
246,0,,
247,0,,
248,0,,
249,0,,
250,0,,
251,0,,
252,0,,
253,0,,
254,0,,
255,0,,
256,0,,
257,0,,
258,0,,
259,0,,
260,0,,
261,0,,
262,0,,
263,0,,
264,0,,
265,0,,
266,0,,
267,0,,
268,0,,
269,0,,
270,0,,
271,0,,
272,0,,
273,0,,
274,0,,
275,0,,
276,0,,
277,0,,
278,0,,
279,0,,
280,0,,
281,0,,
282,0,,
283,0,,
284,0,,
285,0,,
286,0,,
287,0,,
288,0,,
289,0,,
290,0,,
291,0,,
292,0,,
293,0,,
294,0,,
295,0,,
296,0,,
297,0,,
298,0,,
299,0,,
300,0,,
301,0,,
302,0,,
303,0,,
304,0,,
305,0,,
306,0,,
307,0,,
308,0,,
309,0,,
310,0,,
311,0,,
312,0,,
313,0,,
314,0,,
315,0,,
316,0,,
317,0,,
318,0,,
319,0,,
320,0,,
321,0,,
322,0,,
323,0,,
324,0,,
325,0,,
326,0,,
327,0,,
328,0,,
329,0,,
330,0,,
331,0,,
332,0,,
333,0,,
334,0,,
335,0,,
336,0,,
337,0,,
338,0,,
339,0,,
340,0,,
341,0,,
342,0,,
343,0,,
344,0,,
345,0,,
346,0,,
347,0,,
348,0,,
349,0,,
350,0,,
351,0,,
352,0,,
353,0,,
354,0,,
355,0,,
356,0,,
357,0,,
358,0,,
359,0,,
360,0,,
361,0,,
362,0,,
363,0,,
364,0,,
365,0,,
366,0,,
367,0,,
368,0,,
369,0,,
370,0,,
371,0,,
372,0,,
373,0,,
374,0,,
375,0,,
376,0,,
377,0,,
378,0,,
379,0,,
380,0,,
381,0,,
382,0,,
383,0,,
384,0,,
385,0,,
386,0,,
387,0,,
388,0,,
389,0,,
390,0,,
391,0,,
392,0,,
393,0,,
394,0,,
395,0,,
396,0,,
397,0,,
398,0,,
399,0,,
400,0,,
401,0,,
402,0,,
403,0,,
404,0,,
405,0,,
406,0,,
407,0,,
408,0,,
409,0,,
410,0,,
411,0,,
412,0,,
413,0,,
414,0,,
415,0,,
416,0,,
417,0,,
418,0,,
419,0,,
420,0,,
421,0,,
422,0,,
423,0,,
424,0,,
425,0,,
426,0,,
427,0,,
428,0,,
429,0,,
430,0,,
431,0,,
432,0,,
433,0,,
434,0,,
435,0,,
436,0,,
437,0,,
438,0,,
439,0,,
440,0,,
441,0,,
442,0,,
443,0,,
444,0,,
445,0,,
446,0,,
447,0,,
448,0,,
449,0,,
450,0,,
451,0,,
452,0,,
453,0,,
454,0,,
455,0,,
456,0,,
457,0,,
458,0,,
459,0,,
460,0,,
461,0,,
462,0,,
463,0,,
464,0,,
465,0,,
466,0,,
467,0,,
468,0,,
469,0,,
470,0,,
471,0,,
472,0,,
473,0,,
474,0,,
475,0,,
476,0,,
477,0,,
478,0,,
479,0,,
480,0,,
481,0,,
482,0,,
483,0,,
484,0,,
485,0,,
486,0,,
487,0,,
488,0,,
489,0,,
490,0,,
491,0,,
492,0,,
493,0,,
494,0,,
495,0,,
496,0,,
497,0,,
498,0,,
499,0,,
500,0,,
501,0,,
502,0,,
503,0,,
504,0,,
505,0,,
506,0,,
507,0,,
508,0,,
509,0,,
510,0,,
511,0,,
512,0,,
513,0,,
514,0,,
515,0,,
516,0,,
517,0,,
518,0,,
519,0,,
520,0,,
521,0,,
522,0,,
523,0,,
524,0,,
525,0,,
526,0,,
527,0,,
528,0,,
529,0,,
530,0,,
531,0,,
532,0,,
533,0,,
534,0,,
535,0,,
536,0,,
537,0,,
538,0,,
539,0,,
540,0,,
541,0,,
542,0,,
543,0,,
544,0,,
545,0,,
546,0,,
547,0,,
548,0,,
549,0,,
550,0,,
551,0,,
552,0,,
553,0,,
554,0,,
555,0,,
556,0,,
557,0,,
558,0,,
559,0,,
560,0,,
561,0,,
562,0,,
563,0,,
564,0,,
565,0,,
566,0,,
567,0,,
568,0,,
569,0,,
570,0,,
571,0,,
572,0,,
573,0,,
574,0,,
575,0,,
576,0,,
577,0,,
578,0,,
579,0,,
580,0,,
581,0,,
582,0,,
583,0,,
584,0,,
585,0,,
586,0,,
587,0,,
588,0,,
589,0,,
590,0,,
591,0,,
592,0,,
593,0,,
594,0,,
595,0,,
596,0,,
597,0,,
598,0,,
599,0,,
600,0,,
601,0,,
602,0,,
603,0,,
604,0,,
605,0,,
606,0,,
607,0,,
608,0,,
609,0,,
610,0,,
611,0,,
612,0,,
613,0,,
614,0,,
615,0,,
616,0,,
617,0,,
618,0,,
619,0,,
620,0,,
621,0,,
622,0,,
623,0,,
624,0,,
625,0,,
626,0,,
627,0,,
628,0,,
629,0,,
630,0,,
631,0,,
632,0,,
633,0,,
634,0,,
635,0,,
636,0,,
637,0,,
638,0,,
639,0,,
640,0,,
641,0,,
642,0,,
643,0,,
644,0,,
645,0,,
646,0,,
647,0,,
648,0,,
649,0,,
650,0,,
651,0,,
652,0,,
653,0,,
654,0,,
655,0,,
656,0,,
657,0,,
658,0,,
659,0,,
660,0,,
661,0,,
662,0,,
663,0,,
664,0,,
665,0,,
666,0,,
667,0,,
668,0,,
669,0,,
670,0,,
671,0,,
672,0,,
673,0,,
674,0,,
675,0,,
676,0,,
677,0,,
678,0,,
679,0,,
680,0,,
681,0,,
682,0,,
683,0,,
684,0,,
685,0,,
686,0,,
687,0,,
688,0,,
689,0,,
690,0,,
691,0,,
692,0,,
693,0,,
694,0,,
695,0,,
696,0,,
697,0,,
698,0,,
699,0,,
700,0,,
701,0,,
702,0,,
703,0,,
704,0,,
705,0,,
706,0,,
707,0,,
708,0,,
709,0,,
710,0,,
711,0,,
712,0,,
713,0,,
714,0,,
715,0,,
716,0,,
717,0,,
718,0,,
719,0,,
720,0,,
721,0,,
722,0,,
723,0,,
724,0,,
725,0,,
726,0,,
727,0,,
728,0,,
729,0,,
730,0,,
731,0,,
732,0,,
733,0,,
734,0,,
735,0,,
736,0,,
737,0,,
738,0,,
739,0,,
740,0,,
741,0,,
742,0,,
743,0,,
744,0,,
745,0,,
746,0,,
747,0,,
748,0,,
749,0,,
750,0,,
751,0,,
752,0,,
753,0,,
754,0,,
755,0,,
756,0,,
757,0,,
758,0,,
759,0,,
760,0,,
761,0,,
762,0,,
763,0,,
764,0,,
765,0,,
766,0,,
767,0,,
768,0,,
769,0,,
770,0,,
771,0,,
772,0,,
773,0,,
774,0,,
775,0,,
776,0,,
777,0,,
778,0,,
779,0,,
780,0,,
781,0,,
782,0,,
783,0,,
784,0,,
785,0,,
786,0,,
787,0,,
788,0,,
789,0,,
790,0,,
791,0,,
792,0,,
793,0,,
794,0,,
795,0,,
796,0,,
797,0,,
798,0,,
799,0,,
800,0,,
801,0,,
802,0,,
803,0,,
804,0,,
805,0,,
806,0,,
807,0,,
808,0,,
809,0,,
810,0,,
811,0,,
812,0,,
813,0,,
814,0,,
815,0,,
816,0,,
817,0,,
818,0,,
819,0,,
820,0,,
821,0,,
822,0,,
823,0,,
824,0,,
825,0,,
826,0,,
827,0,,
828,0,,
829,0,,
830,0,,
831,0,,
832,0,,
833,0,,
834,0,,
835,0,,
836,0,,
837,0,,
838,0,,
839,0,,
840,0,,
841,0,,
842,0,,
843,0,,
844,0,,
845,0,,
846,0,,
847,0,,
848,0,,
849,0,,
850,0,,
851,0,,
852,0,,
853,0,,
854,0,,
855,0,,
856,0,,
857,0,,
858,0,,
859,0,,
860,0,,
861,0,,
862,0,,
863,0,,
864,0,,
865,0,,
866,0,,
867,0,,
868,0,,
869,0,,
870,0,,
871,0,,
872,0,,
873,0,,
874,0,,
875,0,,
876,0,,
877,0,,
878,0,,
879,0,,
880,0,,
881,0,,
882,0,,
883,0,,
884,0,,
885,0,,
886,0,,
887,0,,
888,0,,
889,0,,
890,0,,
891,0,,
892,0,,
893,0,,
894,0,,
895,0,,
896,0,,
897,0,,
898,0,,
899,0,,
900,0,,
901,0,,
902,0,,
903,0,,
904,0,,
905,0,,
906,0,,
907,0,,
908,0,,
909,0,,
910,0,,
911,0,,
912,0,,
913,0,,
914,0,,
915,0,,
916,0,,
917,0,,
918,0,,
919,0,,
920,0,,
921,0,,
922,0,,
923,0,,
924,0,,
925,0,,
926,0,,
927,0,,
928,0,,
929,0,,
930,0,,
931,0,,
932,0,,
933,0,,
934,0,,
935,0,,
936,0,,
937,0,,
938,0,,
939,0,,
940,0,,
941,0,,
942,0,,
943,0,,
944,0,,
945,0,,
946,0,,
947,0,,
948,0,,
949,0,,
950,0,,
951,0,,
952,0,,
953,0,,
954,0,,
955,0,,
956,0,,
957,0,,
958,0,,
959,0,,
960,0,,
961,0,,
962,0,,
963,0,,
964,0,,
965,0,,
966,0,,
967,0,,
968,0,,
969,0,,
970,0,,
971,0,,
972,0,,
973,0,,
974,0,,
975,0,,
976,0,,
977,0,,
978,0,,
979,0,,
980,0,,
981,0,,
982,0,,
983,0,,
984,0,,
985,0,,
986,0,,
987,0,,
988,0,,
989,0,,
990,0,,
991,0,,
992,0,,
993,0,,
994,0,,
995,0,,
996,0,,
997,0,,
998,0,,
999,0,,
1000,0,,
1001,0,,
1002,0,,
1003,0,,
1004,0,,
1005,0,,
1006,0,,
1007,0,,
1008,0,,
1009,0,,
1010,0,,
1011,0,,
1012,0,,
1013,0,,
1014,0,,
1015,0,,
1016,0,,
1017,0,,
1018,0,,
1019,0,,
1020,0,,
1021,0,,
1022,0,,
1023,0,,
1024,0,,
1025,0,,
1026,0,,
1027,0,,
1028,0,,
1029,0,,
1030,0,,
1031,0,,
1032,0,,
1033,0,,
1034,0,,
1035,0,,
1036,0,,
1037,0,,
1038,0,,
1039,0,,
1040,0,,
1041,0,,
1042,0,,
1043,0,,
1044,0,,
1045,0,,
1046,0,,
1047,0,,
1048,0,,
1049,0,,
1050,0,,
1051,0,,
1052,0,,
1053,0,,
1054,0,,
1055,0,,
1056,0,,
1057,0,,
1058,0,,
1059,0,,
1060,0,,
1061,0,,
1062,0,,
1063,0,,
1064,0,,
1065,0,,
1066,0,,
1067,0,,
1068,0,,
1069,0,,
1070,0,,
1071,0,,
1072,0,,
1073,0,,
1074,0,,
1075,0,,
1076,0,,
1077,0,,
1078,0,,
1079,0,,
1080,0,,
1081,0,,
1082,0,,
1083,0,,
1084,0,,
1085,0,,
1086,0,,
1087,0,,
1088,0,,
1089,0,,
1090,0,,
1091,0,,
1092,0,,
1093,0,,
1094,0,,
1095,0,,
1096,0,,
1097,0,,
1098,0,,
1099,0,,
1100,0,,
1101,0,,
1102,0,,
1103,0,,
1104,0,,
1105,0,,
1106,0,,
1107,0,,
1108,0,,
1109,0,,
1110,0,,
1111,0,,
1112,0,,
1113,0,,
1114,0,,
1115,0,,
1116,0,,
1117,0,,
1118,0,,
1119,0,,
1120,0,,
1121,0,,
1122,0,,
1123,0,,
1124,0,,
1125,0,,
1126,0,,
1127,0,,
1128,0,,
1129,0,,
1130,0,,
1131,0,,
1132,0,,
1133,0,,
1134,0,,
1135,0,,
1136,0,,
1137,0,,
1138,0,,
1139,0,,
1140,0,,
1141,0,,
1142,0,,
1143,0,,
1144,0,,
1145,0,,
1146,0,,
1147,0,,
1148,0,,
1149,0,,
1150,0,,
1151,0,,
1152,0,,
1153,0,,
1154,0,,
1155,0,,
1156,0,,
1157,0,,
1158,0,,
1159,0,,
1160,0,,
1161,0,,
1162,0,,
1163,0,,
1164,0,,
1165,0,,
1166,0,,
1167,0,,
1168,0,,
1169,0,,
1170,0,,
1171,0,,
1172,0,,
1173,0,,
1174,0,,
1175,0,,
1176,0,,
1177,0,,
1178,0,,
1179,0,,
1180,0,,
1181,0,,
1182,0,,
1183,0,,
1184,0,,
1185,0,,
1186,0,,
1187,0,,
1188,0,,
1189,0,,
1190,0,,
1191,0,,
1192,0,,
1193,0,,
1194,0,,
1195,0,,
1196,0,,
1197,0,,
1198,0,,
1199,0,,
1200,0,,
1201,0,,
1202,0,,
1203,0,,
1204,0,,
1205,0,,
1206,0,,
1207,0,,
1208,0,,
1209,0,,
1210,0,,
1211,0,,
1212,0,,
1213,0,,
1214,0,,
1215,0,,
1216,0,,
1217,0,,
1218,0,,
1219,0,,
1220,0,,
1221,0,,
1222,0,,
1223,0,,
1224,0,,
1225,0,,
1226,0,,
1227,0,,
1228,0,,
1229,0,,
1230,0,,
1231,0,,
1232,0,,
1233,0,,
1234,0,,
1235,0,,
1236,0,,
1237,0,,
1238,0,,
1239,0,,
1240,0,,
1241,0,,
1242,0,,
1243,0,,
1244,0,,
1245,0,,
1246,0,,
1247,0,,
1248,0,,
1249,0,,
1250,0,,
1251,0,,
1252,0,,
1253,0,,
1254,0,,
1255,0,,
1256,0,,
1257,0,,
1258,0,,
1259,0,,
1260,0,,
1261,0,,
1262,0,,
1263,0,,
1264,0,,
1265,0,,
1266,0,,
1267,0,,
1268,0,,
1269,0,,
1270,0,,
1271,0,,
1272,0,,
1273,0,,
1274,0,,
1275,0,,
1276,0,,
1277,0,,
1278,0,,
1279,0,,
1280,0,,
1281,0,,
1282,0,,
1283,0,,
1284,0,,
1285,0,,
1286,0,,
1287,0,,
1288,0,,
1289,0,,
1290,0,,
1291,0,,
1292,0,,
1293,0,,
1294,0,,
1295,0,,
1296,0,,
1297,0,,
1298,0,,
1299,0,,
1300,0,,
1301,0,,
1302,0,,
1303,0,,
1304,0,,
1305,0,,
1306,0,,
1307,0,,
1308,0,,
1309,0,,
1310,0,,
1311,0,,
1312,0,,
1313,0,,
1314,0,,
1315,0,,
1316,0,,
1317,0,,
1318,0,,
1319,0,,
1320,0,,
1321,0,,
1322,0,,
1323,0,,
1324,0,,
1325,0,,
1326,0,,
1327,0,,
1328,0,,
1329,0,,
1330,0,,
1331,0,,
1332,0,,
1333,0,,
1334,0,,
1335,0,,
1336,0,,
1337,0,,
1338,0,,
1339,0,,
1340,0,,
1341,0,,
1342,0,,
1343,0,,
1344,0,,
1345,0,,
1346,0,,
1347,0,,
1348,0,,
1349,0,,
1350,0,,
1351,0,,
1352,0,,
1353,0,,
1354,0,,
1355,0,,
1356,0,,
1357,0,,
1358,0,,
1359,0,,
1360,0,,
1361,0,,
1362,0,,
1363,0,,
1364,0,,
1365,0,,
1366,0,,
1367,0,,
1368,0,,
1369,0,,
1370,0,,
1371,0,,
1372,0,,
1373,0,,
1374,0,,
1375,0,,
1376,0,,
1377,0,,
1378,0,,
1379,0,,
1380,0,,
1381,0,,
1382,0,,
1383,0,,
1384,0,,
1385,0,,
1386,0,,
1387,0,,
1388,0,,
1389,0,,
1390,0,,
1391,0,,
1392,0,,
1393,0,,
1394,0,,
1395,0,,
1396,0,,
1397,0,,
1398,0,,
1399,0,,
1400,0,,
1401,0,,
1402,0,,
1403,0,,
1404,0,,
1405,0,,
1406,0,,
1407,0,,
1408,0,,
1409,0,,
1410,0,,
1411,0,,
1412,0,,
1413,0,,
1414,0,,
1415,0,,
1416,0,,
1417,0,,
1418,0,,
1419,0,,
1420,0,,
1421,0,,
1422,0,,
1423,0,,
1424,0,,
1425,0,,
1426,0,,
1427,0,,
1428,0,,
1429,0,,
1430,0,,
1431,0,,
1432,0,,
1433,0,,
1434,0,,
1435,0,,
1436,0,,
1437,0,,
1438,0,,
1439,0,,
1440,0,,
1441,0,,
1442,0,,
1443,0,,
1444,0,,
1445,0,,
1446,0,,
1447,0,,
1448,0,,
1449,0,,
1450,0,,
1451,0,,
1452,0,,
1453,0,,
1454,0,,
1455,0,,
1456,0,,
1457,0,,
1458,0,,
1459,0,,
1460,0,,
1461,0,,
1462,0,,
1463,0,,
1464,0,,
1465,0,,
1466,0,,
1467,0,,
1468,0,,
1469,0,,
1470,0,,
1471,0,,
1472,0,,
1473,0,,
1474,0,,
1475,0,,
1476,0,,
1477,0,,
1478,0,,
1479,0,,
1480,0,,
1481,0,,
1482,0,,
1483,0,,
1484,0,,
1485,0,,
1486,0,,
1487,0,,
1488,0,,
1489,0,,
1490,0,,
1491,0,,
1492,0,,
1493,0,,
1494,0,,
1495,0,,
1496,0,,
1497,0,,
1498,0,,
1499,0,,
1500,0,,
1501,0,,
1502,0,,
1503,0,,
1504,0,,
1505,0,,
1506,0,,
1507,0,,
1508,0,,
1509,0,,
1510,0,,
1511,0,,
1512,0,,
1513,0,,
1514,0,,
1515,0,,
1516,0,,
1517,0,,
1518,0,,
1519,0,,
1520,0,,
1521,0,,
1522,0,,
1523,0,,
1524,0,,
1525,0,,
1526,0,,
1527,0,,
1528,0,,
1529,0,,
1530,0,,
1531,0,,
1532,0,,
1533,0,,
1534,0,,
1535,0,,
1536,0,,
1537,0,,
1538,0,,
1539,0,,
1540,0,,
1541,0,,
1542,0,,
1543,0,,
1544,0,,
1545,0,,
1546,0,,
1547,0,,
1548,0,,
1549,0,,
1550,0,,
1551,0,,
1552,0,,
1553,0,,
1554,0,,
1555,0,,
1556,0,,
1557,0,,
1558,0,,
1559,0,,
1560,0,,
1561,0,,
1562,0,,
1563,0,,
1564,0,,
1565,0,,
1566,0,,
1567,0,,
1568,0,,
1569,0,,
1570,0,,
1571,0,,
1572,0,,
1573,0,,
1574,0,,
1575,0,,
1576,0,,
1577,0,,
1578,0,,
1579,0,,
1580,0,,
1581,0,,
1582,0,,
1583,0,,
1584,0,,
1585,0,,
1586,0,,
1587,0,,
1588,0,,
1589,0,,
1590,0,,
1591,0,,
1592,0,,
1593,0,,
1594,0,,
1595,0,,
1596,0,,
1597,0,,
1598,0,,
1599,0,,
1600,0,,
1601,0,,
1602,0,,
1603,0,,
1604,0,,
1605,0,,
1606,0,,
1607,0,,
1608,0,,
1609,0,,
1610,0,,
1611,0,,
1612,0,,
1613,0,,
1614,0,,
1615,0,,
1616,0,,
1617,0,,
1618,0,,
1619,0,,
1620,0,,
1621,0,,
1622,0,,
1623,0,,
1624,0,,
1625,0,,
1626,0,,
1627,0,,
1628,0,,
1629,0,,
1630,0,,
1631,0,,
1632,0,,
1633,0,,
1634,0,,
1635,0,,
1636,0,,
1637,0,,
1638,0,,
1639,0,,
1640,0,,
1641,0,,
1642,0,,
1643,0,,
1644,0,,
1645,0,,
1646,0,,
1647,0,,
1648,0,,
1649,0,,
1650,0,,
1651,0,,
1652,0,,
1653,0,,
1654,0,,
1655,0,,
1656,0,,
1657,0,,
1658,0,,
1659,0,,
1660,0,,
1661,0,,
1662,0,,
1663,0,,
1664,0,,
1665,0,,
1666,0,,
1667,0,,
1668,0,,
1669,0,,
1670,0,,
1671,0,,
1672,0,,
1673,0,,
1674,0,,
1675,0,,
1676,0,,
1677,0,,
1678,0,,
1679,0,,
1680,0,,
1681,0,,
1682,0,,
1683,0,,
1684,0,,
1685,0,,
1686,0,,
1687,0,,
1688,0,,
1689,0,,
1690,0,,
1691,0,,
1692,0,,
1693,0,,
1694,0,,
1695,0,,
1696,0,,
1697,0,,
1698,0,,
1699,0,,
1700,0,,
1701,0,,
1702,0,,
1703,0,,
1704,0,,
1705,0,,
1706,0,,
1707,0,,
1708,0,,
1709,0,,
1710,0,,
1711,0,,
1712,0,,
1713,0,,
1714,0,,
1715,0,,
1716,0,,
1717,0,,
1718,0,,
1719,0,,
1720,0,,
1721,0,,
1722,0,,
1723,0,,
1724,0,,
1725,0,,
1726,0,,
1727,0,,
1728,0,,
1729,0,,
1730,0,,
1731,0,,
1732,0,,
1733,0,,
1734,0,,
1735,0,,
1736,0,,
1737,0,,
1738,0,,
1739,0,,
1740,0,,
1741,0,,
1742,0,,
1743,0,,
1744,0,,
1745,0,,
1746,0,,
1747,0,,
1748,0,,
1749,0,,
1750,0,,
1751,0,,
1752,0,,
1753,0,,
1754,0,,
1755,0,,
1756,0,,
1757,0,,
1758,0,,
1759,0,,
1760,0,,
1761,0,,
1762,0,,
1763,0,,
1764,0,,
1765,0,,
1766,0,,
1767,0,,
1768,0,,
1769,0,,
1770,0,,
1771,0,,
1772,0,,
1773,0,,
1774,0,,
1775,0,,
1776,0,,
1777,0,,
1778,0,,
1779,0,,
1780,0,,
1781,0,,
1782,0,,
1783,0,,
1784,0,,
1785,0,,
1786,0,,
1787,0,,
1788,0,,
1789,0,,
1790,0,,
1791,0,,
1792,0,,
1793,0,,
1794,0,,
1795,0,,
1796,0,,
1797,0,,
1798,0,,
1799,0,,
1800,0,,
1801,0,,
1802,0,,
1803,0,,
1804,0,,
1805,0,,
1806,0,,
1807,0,,
1808,0,,
1809,0,,
1810,0,,
1811,0,,
1812,0,,
1813,0,,
1814,0,,
1815,0,,
1816,0,,
1817,0,,
1818,0,,
1819,0,,
1820,0,,
1821,0,,
1822,0,,
1823,0,,
1824,0,,
1825,0,,
1826,0,,
1827,0,,
1828,0,,
1829,0,,
1830,0,,
1831,0,,
1832,0,,
1833,0,,
1834,0,,
1835,0,,
1836,0,,
1837,0,,
1838,0,,
1839,0,,
1840,0,,
1841,0,,
1842,0,,
1843,0,,
1844,0,,
1845,0,,
1846,0,,
1847,0,,
1848,0,,
1849,0,,
1850,0,,
1851,0,,
1852,0,,
1853,0,,
1854,0,,
1855,0,,
1856,0,,
1857,0,,
1858,0,,
1859,0,,
1860,0,,
1861,0,,
1862,0,,
1863,0,,
1864,0,,
1865,0,,
1866,0,,
1867,0,,
1868,0,,
1869,0,,
1870,0,,
1871,0,,
1872,0,,
1873,0,,
1874,0,,
1875,0,,
1876,0,,
1877,0,,
1878,0,,
1879,0,,
1880,0,,
1881,0,,
1882,0,,
1883,0,,
1884,0,,
1885,0,,
1886,0,,
1887,0,,
1888,0,,
1889,0,,
1890,0,,
1891,0,,
1892,0,,
1893,0,,
1894,0,,
1895,0,,
1896,0,,
1897,0,,
1898,0,,
1899,0,,
1900,0,,
1901,0,,
1902,0,,
1903,0,,
1904,0,,
1905,0,,
1906,0,,
1907,0,,
1908,0,,
1909,0,,
1910,0,,
1911,0,,
1912,0,,
1913,0,,
1914,0,,
1915,0,,
1916,0,,
1917,0,,
1918,0,,
1919,0,,
1920,0,,
1921,0,,
1922,0,,
1923,0,,
1924,0,,
1925,0,,
1926,0,,
1927,0,,
1928,0,,
1929,0,,
1930,0,,
1931,0,,
1932,0,,
1933,0,,
1934,0,,
1935,0,,
1936,0,,
1937,0,,
1938,0,,
1939,0,,
1940,0,,
1941,0,,
1942,0,,
1943,0,,
1944,0,,
1945,0,,
1946,0,,
1947,0,,
1948,0,,
1949,0,,
1950,0,,
1951,0,,
1952,0,,
1953,0,,
1954,0,,
1955,0,,
1956,0,,
1957,0,,
1958,0,,
1959,0,,
1960,0,,
1961,0,,
1962,0,,
1963,0,,
1964,0,,
1965,0,,
1966,0,,
1967,0,,
1968,0,,
1969,0,,
1970,0,,
1971,0,,
1972,0,,
1973,0,,
1974,0,,
1975,0,,
1976,0,,
1977,0,,
1978,0,,
1979,0,,
1980,0,,
1981,0,,
1982,0,,
1983,0,,
1984,0,,
1985,0,,
1986,0,,
1987,0,,
1988,0,,
1989,0,,
1990,0,,
1991,0,,
1992,0,,
1993,0,,
1994,0,,
1995,0,,
1996,0,,
1997,0,,
1998,0,,
1999,0,,
